1 1 0 0 0 0 0 0 0 0 0 0 1 0 0 0 0 0 1 0 0 0 0 0 0 0 0 0 0 1 0 0 0 0 0 0 0 0 233.0199993699789 0 0 0 0 0 0 0 0 0 0 233.0199993699789 0 0 0 0 0 233.0199993699789 0 0 0 0 0 0 0 0 0 0 233.0199993699789 0 0 0 0 0 0 0 0 24.899999618530273 149.200000628829 233.0199993699789 1.000000037252903 -0.09000001847743988 1.4901161193847656e-8 0.7900000438094139 -0.30000001192092896 1.4901161193847656e-8 1 3 0 0 0 1 0 0 0 0 1 0 2 0 0 0 0 0 2 0 0 0 0 0 0 0 0 0 0 2 0 0 0 0 0 1 0 0 540.8799993693829 0 0 0 150.48000013828278 0 0 0 0 150.48000013828278 0 390.3999992311001 0 0 0 0 0 390.3999992311001 0 0 0 0 0 0 0 0 0 0 390.3999992311001 0 0 0 0 0 150.48000013828278 0 0 50.23999936878681 409.4300005584955 540.8799993693829 1.0000000670552254 -0.8900000154972076 2.9802322387695313e-8 0.8800000920891762 -1.280000001192093 0.27000004053115845 1 5 3 1 1 1 2 1 1 0 1 0 4 1 1 0 1 1 2 1 0 0 0 1 0 0 0 1 0 2 1 0 0 0 0 1 1 0 917.4699973315 392.54999899864197 85.70999981462955 262.0799994468689 150.48000013828278 306.8399991840124 148.4700005799532 158.36999860405922 0 150.48000013828278 0 634.4799976497889 148.4700005799532 114.5099985152483 0 85.70999981462955 158.36999860405922 390.3999992311001 262.0799994468689 0 0 0 158.36999860405922 0 0 0 148.4700005799532 0 390.3999992311001 85.70999981462955 0 0 0 0 150.48000013828278 262.0799994468689 0 125.71000222861767 1033.329995393753 1310.019996330142 1.0000001545995474 -2.7600000016391277 0.1800000760704279 -0.3699997793883085 -4.5099999606609344 0.5600001011043787 1 9 9 5 1 4 4 2 2 0 3 5 5 2 2 4 1 2 2 1 0 0 0 2 0 0 0 2 1 2 1 0 0 3 1 3 1 0 1278.129994213581 972.5400015562773 499.9000004827976 262.0799994468689 468.7299969792366 472.64000107347965 255.89000192284584 216.7499991506338 0 376.35999822616577 506.5599994212389 692.8599981963634 255.89000192284584 156.9199985563755 414.19000066816807 85.70999981462955 216.7499991506338 390.3999992311001 262.0799994468689 0 0 0 216.7499991506338 0 0 0 255.89000192284584 92.36999875307083 390.3999992311001 85.70999981462955 0 0 289.31000097095966 124.8799996972084 376.35999822616577 262.0799994468689 0 245.10000236332417 1768.5999948084354 2250.6699957698584 1.0000002440065145 -6.629999980330467 0.36000008694827557 -2.4899996761232615 -9.329999923706055 0.9900001268833876 1 19 22 9 4 10 13 8 5 2 6 8 10 8 5 6 3 5 2 4 1 0 1 4 3 0 0 3 2 2 2 1 5 5 1 5 1 0 1994.6899926662445 2877.8800024688244 963.1500023305416 541.3399993479252 748.3299979418516 1914.7300001382828 1417.4400017261505 497.28999841213226 75.36000049114227 501.5699978172779 824.1700005829334 1198.069999024272 1417.4400017261505 389.9799966365099 652.770000949502 310.3800013810396 497.28999841213226 390.3999992311001 541.3399993479252 98.1599999666214 0 87.68999841809273 409.59999999403954 279.2599999010563 0 0 463.83000586926937 171.39999963343143 390.3999992311001 232.86000084877014 77.52000053226948 953.6099958568811 527.8900012522936 124.8799996972084 403.4099978506565 262.0799994468689 0 583.2400036454201 3892.6399948745966 4947.929995626211 4.000000635161996 -16.419999923557043 4.080000279471278 -1.299999250099063 -18.309999834746122 4.710000356659293 1 38 38 18 7 25 20 14 6 3 16 16 14 13 9 10 6 6 2 7 5 0 1 5 4 1 0 5 6 2 2 4 8 7 3 11 1 2 3416.2699970304966 5107.249999254942 1882.810001283884 636.3799998760223 1658.2300030589104 3224.439997971058 2592.6399985402822 631.7999994307756 82.03000064194202 1019.4599982500076 1559.5300049334764 1850.3099981695414 2461.239998921752 865.1999965161085 1002.7900007665157 828.1099995076656 631.7999994307756 390.3999992311001 636.3799998760223 300.9600004851818 0 87.68999841809273 544.1100010126829 322.38999941945076 131.39999961853027 0 873.9700033217669 556.7400041669607 390.3999992311001 232.86000084877014 595.2499986588955 1587.2699955999851 756.6100024282932 246.1799983382225 718.4999977648258 262.0799994468689 51.91000100970268 1004.8800018429756 6840.969996988773 8605.54999692738 9.000001000240445 -30.389999844133854 9.89000036008656 2.4400011990219355 -29.14999969303608 11.28000052459538
2 1 0 0 0 1 0 0 0 0 1 0 0 0 0 0 0 0 0 0 0 0 0 0 0 0 0 0 0 0 0 0 0 0 0 1 0 0 150.48000013828278 0 0 0 150.48000013828278 0 0 0 0 150.48000013828278 0 0 0 0 0 0 0 0 0 0 0 0 0 0 0 0 0 0 0 0 0 0 0 0 150.48000013828278 0 0 13.400000214576721 123.75999975204468 150.48000013828278 7.450580596923828e-9 -0.3999999985098839 0.0 -0.4899999797344208 -0.9799999892711639 0.09000000357627869 2 3 1 0 0 1 1 0 1 0 1 0 3 0 0 0 0 1 2 0 0 0 0 1 0 0 0 0 0 2 0 0 0 0 0 1 0 0 540.8799993693829 158.36999860405922 0 0 150.48000013828278 158.36999860405922 0 158.36999860405922 0 150.48000013828278 0 548.7699978351593 0 0 0 0 158.36999860405922 390.3999992311001 0 0 0 0 158.36999860405922 0 0 0 0 0 390.3999992311001 0 0 0 0 0 150.48000013828278 0 0 58.49999979138374 545.0599991977215 699.2499979734421 1.043081283569336e-7 -1.2900000140070915 -0.9999999403953552 -0.5199998542666435 -2.259999990463257 -0.5499999225139618 2 5 3 1 0 1 2 1 1 0 1 0 4 1 2 0 1 1 2 0 0 0 0 1 0 0 0 1 0 2 1 0 0 0 0 1 0 0 697.7999979257584 392.54999899864197 85.70999981462955 0 150.48000013828278 306.8399991840124 148.4700005799532 158.36999860405922 0 150.48000013828278 0 634.4799976497889 148.4700005799532 156.9199985563755 0 85.70999981462955 158.36999860405922 390.3999992311001 0 0 0 0 158.36999860405922 0 0 0 148.4700005799532 0 390.3999992311001 85.70999981462955 0 0 0 0 150.48000013828278 0 0 113.81000117957592 833.3799962550402 1090.3499969244003 1.0000001788139343 -2.6299999952316284 0.3600000962615013 -0.8299997448921204 -5.019999951124191 0.9200001284480095 2 12 9 4 1 5 5 2 3 0 4 4 6 2 4 3 1 3 2 1 0 0 1 2 1 0 0 2 1 2 1 0 0 2 1 4 0 0 1187.2999933511019 947.119998216629 386.78999872505665 54.22999981045723 492.28999668359756 560.3299994915724 255.89000192284584 304.43999756872654 0 399.91999793052673 393.4499976634979 780.5499966144562 255.89000192284584 250.379997625947 301.0799989104271 85.70999981462955 304.43999756872654 390.3999992311001 54.22999981045723 0 0 87.68999841809273 216.7499991506338 54.22999981045723 0 0 255.89000192284584 92.36999875307083 390.3999992311001 85.70999981462955 0 0 176.1999992132187 124.8799996972084 399.91999793052673 0 0 241.96000078320503 1662.8799924105406 2134.419991567731 3.427267074584961e-7 -7.56999996304512 -0.27999984472990036 -3.5799995735287666 -10.349999904632568 0.8300002068281174 2 23 26 14 4 14 12 7 5 3 8 11 12 7 7 8 5 5 2 4 2 0 1 4 2 0 0 4 3 2 2 3 3 6 2 6 1 1 2144.459992468357 3195.8800045847893 1539.5500029325485 386.0200005620718 880.999997407198 1656.3300016522408 1152.070003002882 504.25999864935875 82.03000064194202 624.2099971175194 1004.1600017994642 1554.3199976235628 1152.070003002882 619.5599969476461 829.4000021517277 659.659999743104 504.25999864935875 390.3999992311001 386.0200005620718 90.11000046133995 0 87.68999841809273 416.570000231266 73.45000007748604 0 0 647.1100045889616 174.75999964773655 390.3999992311001 232.86000084877014 426.79999889433384 504.9599984139204 640.1600037515163 189.23999840021133 534.0999966561794 262.0799994468689 50.490001037716866 636.3500008136034 4235.339997693896 5422.369997695088 3.0000006798654795 -19.849999897181988 3.5300002489238977 -2.579999191686511 -20.79999979585409 4.760000349953771 2 41 38 18 8 28 20 12 8 3 19 16 16 10 8 10 6 8 2 8 5 0 3 5 5 2 0 4 6 2 2 4 6 7 3 14 1 2 3519.909992367029 4654.920003861189 1882.810001283884 636.3799998760223 1880.9699969887733 2772.110002577305 1946.2900021225214 825.8200004547834 82.03000064194202 1242.1999921798706 1559.5300049334764 2044.3299991935492 1749.2000029236078 746.0999979227781 1002.7900007665157 828.1099995076656 825.8200004547834 390.3999992311001 636.3799998760223 298.3799986541271 0 281.7099994421005 544.1100010126829 322.38999941945076 197.08999919891357 0 647.1100045889616 556.7400041669607 390.3999992311001 232.86000084877014 595.2499986588955 1102.0899983346462 756.6100024282932 246.1799983382225 943.8199935257435 262.0799994468689 51.91000100970268 963.920001372695 6565.0799970030785 8256.85999687016 5.0000010300427675 -31.719999846071005 5.710000371560454 -2.389998836442828 -29.289999708533287 6.6800005082041025
3 1 0 0 0 0 0 0 0 0 0 0 1 0 0 0 0 0 1 0 0 0 0 0 0 0 0 0 0 1 0 0 0 0 0 0 0 0 157.37999986112118 0 0 0 0 0 0 0 0 0 0 157.37999986112118 0 0 0 0 0 157.37999986112118 0 0 0 0 0 0 0 0 0 0 157.37999986112118 0 0 0 0 0 0 0 0 11.939999535679817 136.47000017762184 157.37999986112118 2.2351741790771484e-8 -0.3999999985098839 1.4901161193847656e-8 0.580000028014183 0.0 0.18000002205371857 3 4 3 1 0 1 2 1 1 0 1 0 4 1 1 0 1 1 2 0 0 0 0 1 0 0 0 1 0 2 1 0 0 0 0 1 0 0 583.2899994105101 392.54999899864197 85.70999981462955 0 150.48000013828278 306.8399991840124 148.4700005799532 158.36999860405922 0 150.48000013828278 0 634.4799976497889 148.4700005799532 42.410000041127205 0 85.70999981462955 158.36999860405922 390.3999992311001 0 0 0 0 158.36999860405922 0 0 0 148.4700005799532 0 390.3999992311001 85.70999981462955 0 0 0 0 150.48000013828278 0 0 103.35000094771385 741.6299981623888 975.839998409152 1.0000001601874828 -2.360000003129244 0.18000008910894394 -0.29999977350234985 -4.219999969005585 0.7400001212954521 3 10 7 3 1 5 4 2 2 0 4 2 6 2 2 1 2 2 2 1 0 0 0 2 1 0 0 2 1 2 1 1 0 1 0 4 0 0 1093.8399942815304 693.6700011342764 221.03000006079674 54.22999981045723 492.28999668359756 472.64000107347965 255.89000192284584 216.7499991506338 0 399.91999793052673 150.16999846696854 770.3799987286329 255.89000192284584 156.9199985563755 57.799999713897705 163.23000034689903 216.7499991506338 390.3999992311001 54.22999981045723 0 0 0 216.7499991506338 54.22999981045723 0 0 255.89000192284584 92.36999875307083 390.3999992311001 85.70999981462955 77.52000053226948 0 57.799999713897705 0 399.91999793052673 0 0 189.0600008368492 1414.75999571383 1787.5099954158068 1.000000286847353 -6.229999981820583 0.3600001372396946 -2.3799996338784695 -8.42999991774559 1.3100001774728298 3 18 13 5 4 10 8 4 4 2 5 6 8 4 4 3 2 4 2 4 0 0 1 3 3 0 0 2 3 2 1 1 2 2 1 5 1 0 1597.6099933981895 1361.4099973589182 464.3099992573261 378.6599990427494 653.5299979895353 897.0999981015921 527.3500004708767 369.74999763071537 75.36000049114227 403.4099978506565 475.83999855816364 923.3799972087145 527.3500004708767 250.379997625947 301.0799989104271 163.23000034689903 369.74999763071537 390.3999992311001 378.6599990427494 0 0 87.68999841809273 282.05999921262264 116.57999959588051 0 0 255.89000192284584 174.75999964773655 390.3999992311001 85.70999981462955 77.52000053226948 271.45999854803085 176.1999992132187 124.8799996972084 403.4099978506565 262.0799994468689 0 303.8300015926361 2433.2199916243553 3034.37999124825 1.000000486150384 -12.549999944865704 0.9000002089887857 -4.03999943472445 -13.309999871999025 1.3700002748519182 3 33 28 15 9 24 13 8 5 3 15 15 10 7 4 9 3 5 2 9 4 0 2 3 5 1 0 4 6 2 2 1 3 6 3 11 1 3 2502.959995597601 2888.380002617836 1254.8700013905764 643.9799996763468 1359.7400005161762 1633.5100012272596 1209.1800033450127 424.32999788224697 82.03000064194202 720.9699957072735 1441.7200033664703 1125.1099984943867 1077.7800037264824 250.379997625947 884.9799991995096 310.3800013810396 424.32999788224697 390.3999992311001 643.9799996763468 194.00000032782555 0 142.26999866962433 282.05999921262264 322.38999941945076 131.39999961853027 0 647.1100045889616 556.7400041669607 390.3999992311001 232.86000084877014 77.52000053226948 430.6699991375208 638.8000008612871 246.1799983382225 526.9699953794479 262.0799994468689 59.51000081002712 584.2700039744377 4381.419996187091 5473.369998857379 4.000000702217221 -25.039999898523092 3.990000193938613 -3.119999224320054 -21.92999979108572 4.550000300630927 3 48 52 28 12 33 24 16 8 4 20 22 21 12 9 13 10 8 3 12 6 0 3 5 6 4 1 5 8 3 4 6 7 8 5 14 1 5 3592.2399965524673 5258.1599997878075 2148.2899979799986 758.9099998027086 1848.7699996829033 3109.870001807809 2422.760002106428 687.1099997013807 99.4000006467104 1134.1999950706959 1699.1000040918589 2059.0599976032972 2093.730003118515 776.3699976652861 1083.9300001263618 892.4999968856573 687.1099997013807 479.4500010162592 758.9099998027086 324.490000218153 0 142.99999868869781 544.1100010126829 324.9699993878603 329.02999898791313 55.98999984562397 822.7100060731173 559.180004119873 479.4500010162592 323.3300001323223 569.169996753335 1271.0199970453978 756.6100024282932 327.3199976980686 809.7099948525429 262.0799994468689 171.86000096797943 1018.730000525713 7192.219996765256 8949.799996986985 9.000001197680831 -40.47999980673194 9.98000037111342 -3.9099987391382456 -35.309999618679285 10.070000501349568
4 0 1 0 0 0 1 0 1 0 0 0 1 0 0 0 0 1 0 0 0 0 0 1 0 0 0 0 0 0 0 0 0 0 0 0 0 0 0 158.36999860405922 0 0 0 158.36999860405922 0 158.36999860405922 0 0 0 158.36999860405922 0 0 0 0 158.36999860405922 0 0 0 0 0 158.36999860405922 0 0 0 0 0 0 0 0 0 0 0 0 0 0 8.260000422596931 135.62999863922596 158.36999860405922 -0.999999962747097 -0.3999999985098839 -0.9999999701976776 -1.3999999463558197 -0.9799999892711639 -0.8199999630451202 4 3 3 1 0 1 2 1 1 0 1 0 3 1 1 0 1 1 1 0 0 0 0 1 0 0 0 1 0 1 1 0 0 0 0 1 0 0 350.27000004053116 392.54999899864197 85.70999981462955 0 150.48000013828278 306.8399991840124 148.4700005799532 158.36999860405922 0 150.48000013828278 0 401.45999827980995 148.4700005799532 42.410000041127205 0 85.70999981462955 158.36999860405922 157.37999986112118 0 0 0 0 158.36999860405922 0 0 0 148.4700005799532 0 157.37999986112118 85.70999981462955 0 0 0 0 150.48000013828278 0 0 78.45000132918358 592.4299975335598 742.8199990391731 1.2293457984924316e-7 -2.269999984651804 0.18000007420778275 -1.0899998173117638 -3.9199999570846558 0.7400001063942909 4 9 5 2 1 3 3 2 1 0 2 2 4 2 3 1 1 1 2 1 0 0 0 1 1 0 0 2 1 2 1 0 0 1 0 2 0 0 912.2899963855743 557.7700000554323 143.50999952852726 54.22999981045723 266.40999859571457 414.26000052690506 255.89000192284584 158.36999860405922 0 174.03999984264374 150.16999846696854 634.4799976497889 255.89000192284584 201.24999874830246 57.799999713897705 85.70999981462955 158.36999860405922 390.3999992311001 54.22999981045723 0 0 0 158.36999860405922 54.22999981045723 0 0 255.89000192284584 92.36999875307083 390.3999992311001 85.70999981462955 0 0 57.799999713897705 0 174.03999984264374 0 0 139.130000770092 1157.2299966961145 1470.0599964410067 2.0000002458691597 -4.899999979883432 1.5400001145899296 -0.31999966129660606 -7.449999928474426 2.7900001667439938 4 17 12 4 2 11 8 4 4 2 6 5 8 4 4 2 2 4 2 2 2 0 1 3 2 0 0 2 3 2 1 1 2 2 0 4 0 0 1224.909996241331 1236.5299976617098 339.4299995601177 73.45000007748604 517.3499994575977 897.0999981015921 527.3500004708767 369.74999763071537 6.670000150799751 335.91999965906143 350.95999886095524 923.3799972087145 527.3500004708767 250.379997625947 176.1999992132187 163.23000034689903 369.74999763071537 390.3999992311001 73.45000007748604 73.670000821352 0 87.68999841809273 282.05999921262264 73.45000007748604 0 0 255.89000192284584 174.75999964773655 390.3999992311001 85.70999981462955 77.52000053226948 271.45999854803085 176.1999992132187 0 262.2499988377094 0 0 219.55000038444996 2017.0999951660633 2468.1099940538406 1.0000004991889 -11.749999947845936 0.900000236928463 -3.829999428242445 -12.40999986603856 1.6600002944469452 4 32 26 11 7 22 15 9 6 3 15 10 11 7 6 6 3 6 2 7 3 0 2 4 4 2 0 3 4 2 1 2 4 4 2 12 1 2 2375.599991977215 2895.8399952054024 993.4299985319376 430.5700000524521 1187.3799978494644 1902.4099966734648 1350.539998009801 551.8699986636639 82.03000064194202 774.1299963891506 925.3799996078014 1289.6299966275692 1153.4499988108873 501.18999649584293 594.1599987894297 347.35999873280525 551.8699986636639 390.3999992311001 430.5700000524521 95.84000036120415 0 142.26999866962433 409.59999999403954 116.57999959588051 197.08999919891357 0 439.17000064253807 331.2200008183718 390.3999992311001 85.70999981462955 261.6499989181757 714.2799981683493 404.92000038921833 189.23999840021133 678.2899960279465 262.0799994468689 51.91000100970268 557.9699987769127 4318.509990438819 5353.469987824559 4.000000787898898 -23.579999890178442 4.3500002939254045 -2.6799991447478533 -20.559999778866768 4.510000383481383 4 44 54 28 11 31 26 18 8 4 18 21 22 14 8 12 11 8 3 11 4 0 3 5 5 4 1 5 8 3 4 7 9 8 4 14 1 5 3421.459994569421 5931.5899967849255 2353.7899977117777 756.3299998342991 1718.2799997925758 3577.799999073148 2890.689999371767 687.1099997013807 99.4000006467104 1003.7099951803684 1663.0500040501356 2300.6099973767996 2561.660000383854 738.6599955409765 1047.8800000846386 1134.0499966591597 687.1099997013807 479.4500010162592 756.3299998342991 194.00000032782555 0 142.99999868869781 544.1100010126829 322.38999941945076 329.02999898791313 55.98999984562397 822.7100060731173 559.180004119873 479.4500010162592 396.430000141263 737.6199965178967 1738.9499943107367 756.6100024282932 291.26999765634537 809.7099948525429 262.0799994468689 171.86000096797943 1027.960001975298 7656.109991058707 9452.449992001057 11.000001216307282 -39.80999981611967 11.800000408664346 -0.06999868340790272 -34.2599996291101 12.370000557973981
5 0 1 0 0 0 1 1 0 0 0 0 0 1 0 0 0 0 0 0 0 0 0 0 0 0 0 1 0 0 0 0 0 0 0 0 0 0 0 148.4700005799532 0 0 0 148.4700005799532 148.4700005799532 0 0 0 0 0 148.4700005799532 0 0 0 0 0 0 0 0 0 0 0 0 0 148.4700005799532 0 0 0 0 0 0 0 0 0 0 18.810000896453857 119.67999942600727 148.4700005799532 1.0000000298023224 -0.3999999985098839 1.0000000223517418 0.9000000581145287 -0.9799999892711639 1.4800000414252281 5 3 5 2 1 0 3 1 2 0 0 1 4 1 1 1 1 2 1 1 0 0 1 1 1 0 0 1 0 1 1 0 0 1 0 0 0 0 254.0199997127056 538.0399971306324 143.50999952852726 54.22999981045723 0 394.52999760210514 148.4700005799532 246.05999702215195 0 0 57.799999713897705 489.1499966979027 148.4700005799532 42.410000041127205 57.799999713897705 85.70999981462955 246.05999702215195 157.37999986112118 54.22999981045723 0 0 87.68999841809273 158.36999860405922 54.22999981045723 0 0 148.4700005799532 0 157.37999986112118 85.70999981462955 0 0 57.799999713897705 0 0 0 0 89.71000075340271 613.9099968671799 792.059996843338 -0.9999998435378075 -3.0699999816715717 -0.8199999071657658 -1.2199998013675213 -3.879999965429306 -0.1399998776614666 5 17 10 4 1 13 6 3 3 3 6 7 6 2 4 3 1 3 2 1 2 0 1 2 1 1 0 2 4 2 1 0 0 2 1 4 0 0 1378.5899967849255 1017.4399964660406 318.7799978405237 54.22999981045723 765.6100007593632 698.6599986255169 387.2900015413761 311.3699970841408 82.03000064194202 352.3599992990494 564.2899988442659 787.4799961298704 255.89000192284584 250.379997625947 233.06999802589417 85.70999981462955 311.3699970841408 390.3999992311001 54.22999981045723 90.11000046133995 0 87.68999841809273 223.67999866604805 54.22999981045723 131.39999961853027 0 255.89000192284584 331.2200008183718 390.3999992311001 85.70999981462955 0 0 168.70999932289124 64.35999870300293 262.2499988377094 0 0 241.69000041484833 1965.229994431138 2478.059993892908 1.0000004321336746 -11.43999994918704 0.9900001771748066 -1.7199994958937168 -11.409999884665012 2.3700002394616604 5 25 18 7 4 19 11 6 5 3 12 8 9 4 4 4 2 5 2 4 3 0 2 3 3 2 0 2 4 2 1 1 2 3 1 9 0 1 1500.3899939656258 1713.9599964618683 565.189998909831 123.9400011152029 868.1899976730347 1148.7699975520372 724.4399996697903 424.32999788224697 82.03000064194202 454.93999621272087 682.6899983435869 977.9599974602461 527.3500004708767 250.379997625947 351.46999752521515 163.23000034689903 424.32999788224697 390.3999992311001 123.9400011152029 95.84000036120415 0 142.26999866962433 282.05999921262264 73.45000007748604 197.08999919891357 0 255.89000192284584 331.2200008183718 390.3999992311001 85.70999981462955 77.52000053226948 271.45999854803085 287.1099988222122 64.35999870300293 359.0999958515167 0 50.490001037716866 276.0999996513128 2710.779992699623 3296.379991069436 2.00000062584877 -17.839999925345182 1.9900002516806126 -2.259999357163906 -13.809999853372574 2.6700003147125244 5 31 32 16 8 23 16 10 6 4 15 12 14 7 4 8 5 6 3 8 3 0 3 3 4 3 0 3 4 3 3 2 4 5 3 12 1 3 2071.8999940156937 2815.4299934506416 1011.1699974089861 435.5199998617172 1054.1599972248077 1804.2599960416555 1379.199998140335 425.05999790132046 99.4000006467104 623.5399957597256 875.8899978846312 1322.7999981939793 1094.709999293089 250.379997625947 544.6699970662594 409.6399995237589 425.05999790132046 488.1000007688999 435.5199998617172 95.84000036120415 0 142.99999868869781 282.05999921262264 116.57999959588051 284.48999884724617 0 439.17000064253807 331.2200008183718 488.1000007688999 249.27999910712242 160.36000041663647 655.5399986505508 310.3399993479252 234.3299977183342 527.6999953985214 262.0799994468689 56.86000081896782 446.2500007301569 4124.709988415241 4986.729988113046 5.000000799074769 -26.329999893903732 5.080000268295407 -2.279999190941453 -20.54999977722764 6.100000353530049 5 47 52 30 14 34 22 15 7 5 19 23 22 11 6 13 10 7 5 14 4 0 3 4 6 4 2 4 8 5 4 6 7 8 5 15 1 7 3165.9999961853027 5081.299998596311 2274.5699990540743 699.4999991953373 1743.759999513626 2806.7299995422363 2247.1600006222725 559.5699989199638 108.95000083744526 1019.6399947106838 1605.880005940795 2173.929997816682 1918.1300016343594 501.18999649584293 990.7100019752979 965.599996894598 559.5699989199638 648.76000200212 699.4999991953373 194.00000032782555 0 142.99999868869781 416.570000231266 119.15999956429005 329.02999898791313 55.98999984562397 647.1100045889616 559.180004119873 648.76000200212 396.430000141263 569.169996753335 1271.0199970453978 663.3900042772293 327.3199976980686 825.6399943828583 262.0799994468689 318.26000018417835 870.1899997293949 6812.4899956882 8356.249995619059 9.000001115724444 -40.959999825805426 9.530000301077962 -1.2899988647550344 -32.1799996830523 10.410000463947654
6 1 0 0 0 0 0 0 0 0 0 0 0 0 1 0 0 0 0 0 0 0 0 0 0 0 0 0 0 0 0 0 0 0 0 0 0 0 42.410000041127205 0 0 0 0 0 0 0 0 0 0 0 0 42.410000041127205 0 0 0 0 0 0 0 0 0 0 0 0 0 0 0 0 0 0 0 0 0 0 0 6.409999847412109 28.469999983906746 42.410000041127205 1.862645149230957e-8 -0.26999999210238457 0.18000000715255737 -0.0599999725818634 -0.5099999904632568 0.36000001430511475 6 6 4 2 1 2 2 1 1 0 1 2 3 1 2 1 1 1 1 1 0 0 0 1 1 0 0 1 1 1 1 0 0 1 0 1 0 0 414.27999836206436 450.3499987125397 143.50999952852726 54.22999981045723 115.9299984574318 306.8399991840124 148.4700005799532 158.36999860405922 0 23.559999704360962 150.16999846696854 401.45999827980995 148.4700005799532 86.74000023305416 57.799999713897705 85.70999981462955 158.36999860405922 157.37999986112118 54.22999981045723 0 0 0 158.36999860405922 54.22999981045723 0 0 148.4700005799532 92.36999875307083 157.37999986112118 85.70999981462955 0 0 57.799999713897705 0 23.559999704360962 0 0 88.34000065922737 692.1999970972538 864.629997074604 1.5273690223693848e-7 -3.73999997228384 0.3600000701844692 -0.13999978825449944 -4.389999955892563 1.5800001211464405 6 16 11 4 2 11 7 4 3 2 6 5 6 3 4 2 2 3 1 2 2 0 1 2 2 1 0 2 3 1 1 1 1 1 1 4 0 0 991.8899968713522 1121.6599974036217 285.38999876379967 73.45000007748604 517.3499994575977 836.269998639822 531.8300010710955 304.43999756872654 6.670000150799751 335.91999965906143 296.9199980646372 625.0499977767467 400.4300014525652 250.379997625947 122.15999841690063 163.23000034689903 304.43999756872654 157.37999986112118 73.45000007748604 73.670000821352 0 87.68999841809273 216.7499991506338 73.45000007748604 131.39999961853027 0 255.89000192284584 174.75999964773655 157.37999986112118 85.70999981462955 77.52000053226948 144.53999952971935 57.799999713897705 64.35999870300293 262.2499988377094 0 0 184.57000097632408 1778.4499941170216 2120.2199944257736 1.0000004172325134 -11.259999930858612 1.9000001847743988 -2.7599995397031307 -10.65999986603856 2.7800002321600914 6 28 20 9 6 21 11 6 5 3 14 8 10 4 4 4 3 5 2 6 3 0 2 3 4 2 0 2 4 2 1 2 2 3 1 11 0 2 1570.9599940180779 1798.219996318221 649.4499987661839 168.4900006055832 895.6299982070923 1148.7699975520372 724.4399996697903 424.32999788224697 82.03000064194202 482.3799967467785 682.6899983435869 1060.799997344613 527.3500004708767 250.379997625947 351.46999752521515 246.07000023126602 424.32999788224697 390.3999992311001 168.4900006055832 95.84000036120415 0 142.26999866962433 282.05999921262264 116.57999959588051 197.08999919891357 0 255.89000192284584 331.2200008183718 390.3999992311001 85.70999981462955 160.36000041663647 271.45999854803085 287.1099988222122 64.35999870300293 386.53999638557434 0 51.91000100970268 285.14999981224537 2845.989992275834 3451.209990978241 2.000000648200512 -19.839999917894602 1.9900002367794514 -3.849999323487282 -15.809999823570251 2.370000310242176 6 37 36 20 11 27 16 10 6 4 15 17 16 6 4 9 6 6 4 11 3 0 3 3 5 4 1 2 7 4 2 4 4 4 5 12 1 5 2265.7399957329035 2747.8699916005135 1134.5599948763847 553.0999999791384 1156.369997188449 1613.3099967241287 1188.2499988228083 425.05999790132046 99.4000006467104 623.5399957597256 1047.8599973022938 1350.479997843504 859.2199998348951 250.379997625947 614.4299965202808 348.26999738812447 425.05999790132046 577.150002554059 553.0999999791384 95.84000036120415 0 142.99999868869781 282.05999921262264 119.15999956429005 329.02999898791313 55.98999984562397 255.89000192284584 377.44000093638897 577.150002554059 128.37999899685383 219.88999839127064 603.3299979120493 287.1099988222122 327.3199976980686 527.6999953985214 262.0799994468689 171.86000096797943 466.0900005698204 4250.1199887394905 5113.009987980127 5.000000828877091 -30.32999987900257 5.080000223591924 -5.909999238327146 -22.649999756366014 3.9500002805143595 6 50 55 29 15 37 26 19 7 6 19 26 21 12 6 13 9 7 6 15 5 1 3 4 7 7 2 6 10 5 5 4 6 8 5 14 1 7 3071.199995800853 4797.16999861598 1971.7299979031086 905.3099990189075 1528.47999933362 2825.4400007128716 2322.310001835227 503.12999887764454 113.34000074863434 763.1199949234724 1642.1200027614832 1816.009999513626 1819.7000036984682 420.24999637901783 989.3499990850687 664.1199986338615 503.12999887764454 649.5100020170212 905.3099990189075 217.53000006079674 0.7500000149011612 142.99999868869781 360.1300001889467 324.9699993878603 502.6099981367588 55.98999984562397 927.9400060176849 596.0300038158894 648.76000200212 444.2300002425909 219.88999839127064 891.7599976807833 662.0300013870001 327.3199976980686 545.5899948626757 262.0799994468689 318.26000018417835 774.6300024837255 6609.689993157983 7982.459995180368 13.000001242384315 -44.249999813735485 13.620000367984176 -1.4099987428635359 -35.10999960079789 14.11000051908195
7 0 1 1 0 0 0 0 0 0 0 1 0 0 0 1 0 0 0 0 0 0 0 0 0 0 0 0 0 0 0 0 0 1 0 0 0 0 0 57.799999713897705 57.799999713897705 0 0 0 0 0 0 0 57.799999713897705 0 0 0 57.799999713897705 0 0 0 0 0 0 0 0 0 0 0 0 0 0 0 0 0 57.799999713897705 0 0 0 0 1.1799999475479126 45.91000020503998 57.799999713897705 -3.725290298461914e-9 -0.3999999985098839 -1.1175870895385742e-8 -0.07000000402331352 -0.4699999988079071 -1.1175870895385742e-8 7 5 2 1 0 4 1 1 0 1 1 3 0 1 2 1 0 0 0 0 0 0 0 0 0 0 0 1 2 0 0 0 0 1 0 1 0 0 281.69999957084656 206.2700002938509 57.799999713897705 0 194.9599993377924 148.4700005799532 148.4700005799532 0 0.0 23.559999704360962 229.19999934732914 0 148.4700005799532 86.74000023305416 57.799999713897705 0 0 0 0 0 0 0 0 0 0 0 148.4700005799532 171.39999963343143 0 0 0 0 57.799999713897705 0 23.559999704360962 0 0 29.560000598430634 420.4999994188547 487.96999986469746 1.0000000968575478 -3.029999975115061 1.4500000290572643 1.3600001446902752 -2.939999967813492 2.8300000838935375 7 16 10 3 2 13 7 3 4 2 8 5 6 2 2 2 1 4 1 2 2 0 2 2 2 1 0 1 3 1 1 0 1 1 1 6 0 0 673.8899989575148 991.2999957799911 207.8699982315302 73.45000007748604 362.98999893665314 783.429997548461 424.4099997282028 359.01999782025814 6.670000150799751 181.55999913811684 296.9199980646372 602.1099974960089 293.01000010967255 86.74000023305416 122.15999841690063 85.70999981462955 359.01999782025814 157.37999986112118 73.45000007748604 73.670000821352 0 142.26999866962433 216.7499991506338 73.45000007748604 131.39999961853027 0 148.4700005799532 174.75999964773655 157.37999986112118 85.70999981462955 0 144.53999952971935 57.799999713897705 64.35999870300293 107.88999831676483 0 0 145.37000061571598 1397.809995263815 1671.8599948883057 -0.9999996051192284 -11.119999945163727 -0.45999982208013535 -1.8299995847046375 -7.859999913722277 0.9600002467632294 7 29 20 8 6 21 12 7 5 2 14 8 10 4 4 3 3 5 2 6 3 0 2 3 4 3 1 2 4 2 1 2 2 2 1 11 0 2 1626.9499938637018 1767.2199964672327 531.0499992668629 168.4900006055832 876.259997561574 1236.1699972003698 811.8399993181229 424.32999788224697 6.670000150799751 482.3799967467785 620.2799986898899 1060.799997344613 527.3500004708767 250.379997625947 233.06999802589417 246.07000023126602 424.32999788224697 390.3999992311001 168.4900006055832 95.84000036120415 0 142.26999866962433 282.05999921262264 116.57999959588051 284.48999884724617 55.98999984562397 255.89000192284584 331.2200008183718 390.3999992311001 85.70999981462955 160.36000041663647 271.45999854803085 168.70999932289124 64.35999870300293 386.53999638557434 0 51.91000100970268 256.7500001490116 2861.3599918335676 3400.8399904817343 3.0000006668269634 -19.749999918043613 2.9000002555549145 -3.749999299645424 -15.829999815672636 2.890000332146883 7 38 32 17 10 28 15 9 6 5 15 16 16 6 4 8 5 6 5 10 3 0 3 3 5 3 1 2 7 5 2 3 4 4 4 12 1 4 2337.3499951809645 2411.659993439913 842.889996856451 445.6999996304512 1160.759997099638 1568.7699965834618 1143.7099986821413 425.05999790132046 103.79000055789948 623.5399957597256 922.9799976050854 1362.6999993175268 859.2199998348951 250.379997625947 489.54999682307243 288.87999941408634 425.05999790132046 648.76000200212 445.6999996304512 95.84000036120415 0 142.99999868869781 282.05999921262264 119.15999956429005 284.48999884724617 55.98999984562397 255.89000192284584 377.44000093638897 648.76000200212 128.37999899685383 160.5000004172325 603.3299979120493 287.1099988222122 202.43999800086021 527.6999953985214 262.0799994468689 64.46000061929226 450.23999966681004 4023.8599905371666 4852.799989178777 4.000000851228833 -29.61999988183379 4.170000260695815 -5.1199992168694735 -21.66999976709485 3.8500003162771463 7 49 51 26 15 36 25 19 6 6 19 23 19 13 6 11 8 6 6 15 5 1 3 3 7 6 2 6 9 5 4 4 7 6 5 14 1 7 2711.5099935531616 4449.2899909466505 1585.999996587634 727.3599999547005 1346.739996150136 2863.2899943590164 2438.229996457696 425.05999790132046 113.34000074863434 763.1199949234724 1221.7999992966652 1590.7899975031614 1986.3899986296892 420.24999637901783 750.7699988037348 516.969997599721 425.05999790132046 649.5100020170212 727.3599999547005 217.53000006079674 0.7500000149011612 142.99999868869781 282.05999921262264 147.02000032365322 451.83999782800674 55.98999984562397 863.6200028657913 414.2900006324053 648.76000200212 297.0799992084503 219.88999839127064 1122.769995763898 423.45000110566616 327.3199976980686 545.5899948626757 262.0799994468689 318.26000018417835 677.0600011348724 6090.599984526634 7274.889985263348 14.000001201406121 -42.249999821186066 14.620000364258885 0.43000119738280773 -32.20999962463975 14.430000508204103
8 1 0 0 0 0 0 0 0 0 0 0 0 0 1 0 0 0 0 0 0 0 0 0 0 0 0 0 0 0 0 0 0 0 0 0 0 0 44.330000191926956 0 0 0 0 0 0 0 0 0 0 0 0 44.330000191926956 0 0 0 0 0 0 0 0 0 0 0 0 0 0 0 0 0 0 0 0 0 0 0 0.0 43.460000187158585 44.330000191926956 1.862645149230957e-8 -0.26999999210238457 0.18000000715255737 0.36000001430511475 0.0 0.27000001072883606 8 9 3 1 0 9 2 2 0 2 5 3 0 1 2 1 0 0 0 0 2 0 0 0 0 1 0 0 2 0 0 0 1 1 0 3 0 0 358.86000031232834 333.73999886214733 57.799999713897705 0 278.79000023007393 275.9399991482496 275.9399991482496 0 6.670000150799751 100.72000044584274 229.19999934732914 0 144.53999952971935 86.74000023305416 57.799999713897705 0 0 0 0 73.670000821352 0 0 0 0 131.39999961853027 0 0 171.39999963343143 0 0 0 144.53999952971935 57.799999713897705 0 27.049999624490738 0 0 41.449999928474426 619.4699996113777 699.2699993252754 2.000000149011612 -5.5199999660253525 2.5400000363588333 2.110000144690275 -2.9999999590218067 3.240000069141388 8 21 13 5 3 17 8 4 4 2 11 7 6 3 3 3 2 4 0 3 3 0 2 2 3 1 0 1 4 0 1 1 2 2 1 8 0 0 787.1399975568056 1311.9699942916632 401.6199977248907 73.45000007748604 584.4899985194206 910.3499965667725 551.3299987465143 359.01999782025814 6.670000150799751 246.5999975502491 564.2899988442659 527.5699975192547 419.92999912798405 135.8699991106987 233.06999802589417 168.54999969899654 359.01999782025814 0 73.45000007748604 95.84000036120415 0 142.26999866962433 216.7499991506338 73.45000007748604 131.39999961853027 0 148.4700005799532 331.2200008183718 0 85.70999981462955 82.83999988436699 271.45999854803085 168.70999932289124 64.35999870300293 150.75999718904495 0 0 155.58000069856644 1787.0499927401543 2105.7799919992685 4.544854164123535e-7 -14.189999926835299 0.7200001738965511 -2.859999507665634 -10.879999864846468 2.0600002594292164 8 30 26 12 7 21 14 8 6 2 14 9 14 5 4 4 5 6 3 7 3 0 3 3 4 3 1 2 4 3 2 3 3 2 2 11 0 3 1580.6799978166819 2036.1099935621023 626.5499975681305 176.09000040590763 876.259997561574 1409.5599959939718 984.4999980926514 425.05999790132046 6.670000150799751 482.3799967467785 665.3699980080128 1058.070000499487 700.0099992454052 250.379997625947 278.15999734401703 288.87999941408634 425.05999790132046 344.1300031840801 176.09000040590763 95.84000036120415 0 142.99999868869781 282.05999921262264 116.57999959588051 284.48999884724617 55.98999984562397 255.89000192284584 331.2200008183718 344.1300031840801 128.37999899685383 160.5000004172325 444.11999732255936 168.70999932289124 109.4499980211258 386.53999638557434 0 59.51000081002712 262.8099997341633 3133.7999923229218 3623.459991529584 2.000000733882189 -22.859999887645245 2.900000285357237 -5.279999308288097 -17.019999783486128 3.2400003261864185 8 41 39 20 11 31 19 13 6 5 15 20 17 8 4 9 6 6 5 11 3 0 3 3 6 5 2 3 9 5 3 3 5 5 4 12 0 5 1986.8899959474802 2779.7599942982197 987.8999974876642 184.50000017881393 1072.3799973130226 1791.8599968105555 1366.799998909235 425.05999790132046 103.79000055789948 498.3099962770939 983.0599978268147 1483.5999994277954 1028.0100000351667 250.379997625947 512.7799973487854 409.77999952435493 425.05999790132046 648.76000200212 184.50000017881393 95.84000036120415 0 142.99999868869781 282.05999921262264 119.15999956429005 338.78999887406826 55.98999984562397 361.1200018674135 414.2900006324053 648.76000200212 249.27999910712242 160.5000004172325 666.8899981677532 310.3399993479252 202.43999800086021 402.46999591588974 0 65.34000061452389 414.3999987244606 4077.48999235034 4870.439990803599 8.000000972300768 -33.61999986693263 8.170000307261944 -2.8899990655481815 -23.599999736994505 7.5200004279613495 8 52 58 27 17 41 31 22 9 8 21 24 22 15 5 11 8 9 6 17 5 1 3 6 8 7 2 6 10 5 4 4 9 6 5 16 1 8 2777.1999953091145 4777.019989386201 1517.369994983077 862.6500009745359 1545.599996432662 3259.649994403124 2654.439995288849 605.209999114275 205.66000109910965 821.1499943882227 1165.1399979740381 1770.939998716116 2151.82999715209 280.64999736845493 645.5999970138073 516.969997599721 605.209999114275 649.5100020170212 862.6500009745359 154.32999938726425 0.7500000149011612 142.99999868869781 462.21000042557716 245.77000115811825 502.6099981367588 55.98999984562397 706.6700027436018 462.8000010997057 648.76000200212 297.0799992084503 219.88999839127064 1445.1599944084883 318.2799993157387 327.3199976980686 666.8199950009584 262.0799994468689 354.8000003695488 737.0399999767542 6492.16998668015 7760.629985809326 14.000001402571797 -47.35999980941415 14.620000479742885 1.9600013550370932 -32.36999963968992 14.960000654682517
9 1 0 0 0 1 0 0 0 0 0 1 0 0 0 0 0 0 0 0 0 0 0 0 0 0 0 0 1 0 0 0 0 0 0 0 0 0 79.0300008803606 0 0 0 79.0300008803606 0 0 0 0 0 79.0300008803606 0 0 0 0 0 0 0 0 0 0 0 0 0 0 0 0 79.0300008803606 0 0 0 0 0 0 0 0 0 0.0 78.02000088989735 79.0300008803606 7.450580596923828e-9 -0.3999999985098839 0.0 0.5800000131130219 0.0 0.27000001072883606 9 7 5 1 0 7 4 2 2 1 4 3 2 1 1 1 0 2 0 0 1 0 1 1 0 1 0 0 2 0 0 0 1 1 0 3 0 0 275.21999986469746 446.6999996602535 57.799999713897705 0 230.8899996727705 388.8999999463558 275.9399991482496 112.9600007981062 0.0 59.490000039339066 229.19999934732914 112.9600007981062 144.53999952971935 44.330000191926956 57.799999713897705 0 112.9600007981062 0 0 5.729999899864197 0 54.5800002515316 58.38000054657459 0 131.39999961853027 0 0 171.39999963343143 0 0 0 144.53999952971935 57.799999713897705 0 53.76000013947487 0 0 19.80999979376793 669.1200001835823 721.919999524951 1.862645149230957e-7 -5.1599999740719795 0.27000008523464203 0.03000018000602722 -2.939999967813492 0.7900001108646393 9 17 12 4 2 15 8 6 2 2 9 6 4 4 2 2 2 2 0 2 2 0 1 1 2 2 1 1 3 0 0 2 3 1 1 7 0 0 573.229998961091 1206.8699968010187 282.5199988335371 73.45000007748604 419.7099988013506 924.3499979674816 811.3899971693754 112.9600007981062 6.670000150799751 182.28999915719032 352.90999791026115 273.32000121474266 592.5899979025126 86.74000023305416 122.15999841690063 160.36000041663647 112.9600007981062 0 73.45000007748604 73.670000821352 0 54.5800002515316 58.38000054657459 73.45000007748604 218.79999926686287 55.98999984562397 148.4700005799532 174.75999964773655 0 0 160.36000041663647 444.11999732255936 57.799999713897705 64.35999870300293 108.61999833583832 0 0 150.28999921679497 1535.1499967575073 1786.7699959129095 4.000000383704901 -12.319999940693378 4.540000144392252 0.41000042483210564 -8.95999987795949 4.920000225305557 9 29 26 13 8 20 13 9 4 3 12 10 12 6 4 5 5 4 3 8 3 0 2 2 5 3 1 3 4 3 2 3 3 2 3 9 0 3 1321.9699964821339 2132.239993363619 683.4899975061417 178.67000037431717 645.4499982595444 1448.7499958574772 1089.729998037219 359.01999782025814 11.06000006198883 247.1799975335598 722.3099979460239 965.9399983286858 805.2399991899729 250.379997625947 335.0999972820282 288.87999941408634 359.01999782025814 318.0400010943413 178.67000037431717 95.84000036120415 0 142.26999866962433 216.7499991506338 119.15999956429005 284.48999884724617 55.98999984562397 361.1200018674135 331.2200008183718 318.0400010943413 128.37999899685383 160.5000004172325 444.11999732255936 168.70999932289124 166.38999795913696 151.33999717235565 0 59.51000081002712 240.24999937415123 3002.389990925789 3465.2699899077415 5.000000685453415 -22.949999887496233 5.990000236779451 -1.139999344944954 -15.489999812096357 5.320000316947699 9 39 43 20 11 29 23 16 7 5 14 19 18 11 4 9 6 7 5 11 3 0 3 4 6 5 1 5 9 5 3 3 6 5 4 11 0 5 1970.9599964171648 3366.329991802573 914.7999974787235 184.50000017881393 1056.4499977827072 2451.5299943238497 1971.899996265769 479.6299980580807 103.79000055789948 482.3799967467785 983.0599978268147 1465.069999575615 1564.5999985784292 250.379997625947 512.7799973487854 336.67999951541424 479.6299980580807 648.76000200212 184.50000017881393 95.84000036120415 0 142.99999868869781 336.62999936938286 119.15999956429005 407.2999976873398 55.98999984562397 666.7000023275614 414.2900006324053 648.76000200212 176.17999909818172 160.5000004172325 897.8999962508678 310.3399993479252 202.43999800086021 386.53999638557434 0 65.34000061452389 465.30999843776226 4594.619990512729 5441.0799887776375 10.000001076608896 -34.4199998639524 10.170000396668911 -1.5599989518523216 -25.129999708384275 9.890000503510237 9 55 71 31 17 45 40 25 15 10 22 27 30 19 6 13 10 15 6 17 6 1 6 9 8 6 2 6 11 5 6 4 13 7 6 16 1 8 3073.2499990463257 6457.889988929033 1843.7499989420176 862.6500009745359 1898.229997113347 4614.139989987016 3384.519993722439 1229.619996264577 345.3099988102913 919.3099943548441 1497.1500039696693 2504.539996832609 2932.679995894432 363.71999813616276 862.7900000065565 626.1599985659122 1229.619996264577 649.5100020170212 862.6500009745359 252.48999935388565 0.7500000149011612 460.31999611854553 769.3000001460314 245.77000115811825 451.83999782800674 55.98999984562397 863.6200028657913 577.6200041025877 648.76000200212 406.2700001746416 219.88999839127064 2069.0599930286407 431.39000107347965 431.39999893307686 666.8199950009584 262.0799994468689 354.8000003695488 1036.7699989825487 8125.299988850951 9877.199986800551 11.000001756474376 -54.609999775886536 11.980000695213675 -0.3499982934445143 -37.87999960035086 13.000000881031156
10 1 0 0 0 1 0 0 0 0 0 1 0 0 0 0 0 0 0 0 0 0 0 0 0 0 0 0 1 0 0 0 0 0 0 0 0 0 92.36999875307083 0 0 0 92.36999875307083 0 0 0 0 0 92.36999875307083 0 0 0 0 0 0 0 0 0 0 0 0 0 0 0 0 92.36999875307083 0 0 0 0 0 0 0 0 0 0.5899999737739563 90.18999874591827 92.36999875307083 7.450580596923828e-9 -0.3999999985098839 0.0 -0.19999998807907104 -0.4699999988079071 0.18000000715255737 10 7 3 1 1 5 2 1 1 1 2 3 1 1 2 1 0 1 0 1 1 0 0 1 1 0 0 0 2 0 0 0 1 1 0 1 0 0 306.64999973773956 260.71999979019165 57.799999713897705 19.22000026702881 200.6899992376566 202.92000007629395 144.53999952971935 58.38000054657459 0.0 29.28999960422516 229.19999934732914 58.38000054657459 144.53999952971935 86.74000023305416 57.799999713897705 0 58.38000054657459 0 19.22000026702881 5.729999899864197 0 0 58.38000054657459 19.22000026702881 0 0 0 171.39999963343143 0 0 0 144.53999952971935 57.799999713897705 0 23.559999704360962 0 0 20.969999566674232 512.9700004905462 567.3699995279312 1.4156103134155273e-7 -4.2299999706447124 0.4500000514090061 -0.049999844282865524 -2.939999967813492 1.3300000913441181 10 16 11 4 3 12 7 4 3 1 8 4 6 3 2 1 2 3 1 3 2 0 1 2 2 1 0 1 3 1 1 1 2 1 0 6 0 1 673.8899989575148 1045.1099981814623 222.45000003278255 74.87000004947186 356.3199987858534 822.6599981486797 551.3299987465143 271.3299994021654 0.0 181.55999913811684 232.55999936163425 591.9399996101856 419.92999912798405 86.74000023305416 57.799999713897705 163.23000034689903 271.3299994021654 157.37999986112118 74.87000004947186 73.670000821352 0 54.5800002515316 216.7499991506338 73.45000007748604 131.39999961853027 0 148.4700005799532 174.75999964773655 157.37999986112118 85.70999981462955 77.52000053226948 271.45999854803085 57.799999713897705 0 107.88999831676483 0 1.419999971985817 128.70000103116035 1472.1899967938662 1718.999997138977 1.0000003762543201 -11.029999945312738 1.4500001594424248 -1.089999608695507 -7.879999905824661 2.03000021725893 10 31 24 11 8 21 13 8 5 2 14 9 12 5 4 4 4 5 3 8 3 0 2 3 4 3 1 2 4 3 1 3 3 1 3 11 1 3 1865.3999940901995 1938.7399946898222 529.9099987149239 438.1699998527765 763.5799965560436 1408.8299959748983 984.4999980926514 424.32999788224697 6.670000150799751 482.3799967467785 498.71999733150005 1149.9899991303682 700.0099992454052 250.379997625947 224.18999767303467 246.21000023186207 424.32999788224697 479.4500010162592 438.1699998527765 95.84000036120415 0 142.26999866962433 282.05999921262264 116.57999959588051 284.48999884724617 55.98999984562397 255.89000192284584 218.53999981284142 479.4500010162592 85.70999981462955 160.5000004172325 444.11999732255936 57.799999713897705 166.38999795913696 386.53999638557434 262.0799994468689 59.51000081002712 288.8600005954504 3243.8599899858236 3810.8099889308214 4.000000694766641 -22.149999909102917 3.900000238791108 -3.809999318793416 -16.259999822825193 3.080000312998891 10 44 44 24 13 32 20 14 6 5 17 22 18 8 5 11 7 6 6 13 5 1 3 3 6 6 1 4 9 5 3 4 4 6 5 12 1 6 2526.1599943190813 3336.529994249344 1319.5799972563982 553.97999997437 1319.299996495247 2016.9499969929457 1591.8899990916252 425.05999790132046 103.79000055789948 745.2299954593182 1221.7999992966652 1469.8899973928928 1140.0500012636185 280.64999736845493 750.7699988037348 396.06999748945236 425.05999790132046 649.5100020170212 553.97999997437 217.53000006079674 0.7500000149011612 142.99999868869781 282.05999921262264 119.15999956429005 451.83999782800674 55.98999984562397 536.7200033515692 414.2900006324053 648.76000200212 176.17999909818172 219.88999839127064 603.3299979120493 423.45000110566616 327.3199976980686 527.6999953985214 262.0799994468689 172.74000096321106 563.1500015556812 4955.329988628626 5967.229989141226 9.000001015141606 -37.089999847114086 9.350000279024243 -3.9399990309029818 -28.569999683648348 9.130000377073884 10 55 65 32 17 43 33 23 10 7 22 29 25 16 5 14 10 10 6 17 7 1 3 7 8 7 2 8 12 5 6 4 8 9 5 15 1 8 3305.300000116229 5611.869998082519 2058.6299984306097 969.7099999636412 1874.5000019073486 3553.239999651909 2827.1500016748905 726.0899979770184 113.5200007557869 945.629994019866 1813.390006199479 2081.389998987317 2324.5400035381317 280.64999736845493 997.2899990528822 706.5399990081787 726.0899979770184 649.5100020170212 969.7099999636412 359.4499995112419 0.7500000149011612 142.99999868869781 583.0899992883205 352.8300001472235 502.6099981367588 55.98999984562397 1111.5300072282553 759.3600072860718 648.76000200212 486.6500006169081 219.88999839127064 1213.0099963098764 669.9700013548136 327.3199976980686 586.1799945086241 262.0799994468689 354.8000003695488 869.7500026375055 7509.129997178912 9031.439998969436 14.000001491978765 -50.869999796152115 14.530000502243638 0.8700014781206846 -37.16999960318208 14.850000688806176
11 1 0 0 0 1 0 0 0 0 1 0 0 0 0 0 0 0 0 0 0 0 0 0 0 0 0 0 0 0 0 0 0 0 0 1 0 0 23.559999704360962 0 0 0 23.559999704360962 0 0 0 0 23.559999704360962 0 0 0 0 0 0 0 0 0 0 0 0 0 0 0 0 0 0 0 0 0 0 0 0 23.559999704360962 0 0 2.569999933242798 14.769999980926514 23.559999704360962 7.450580596923828e-9 -0.3999999985098839 0.0 -0.1499999761581421 -0.5099999904632568 0.27000001072883606 11 12 4 2 2 9 2 1 1 1 5 4 2 1 2 1 1 1 0 2 1 0 0 1 2 0 0 0 3 0 1 0 1 1 0 4 0 0 373.5199994444847 346.4299996048212 143.50999952852726 73.45000007748604 213.3299991339445 202.92000007629395 144.53999952971935 58.38000054657459 0.0 38.56999948620796 232.55999936163425 144.09000036120415 144.53999952971935 86.74000023305416 57.799999713897705 85.70999981462955 58.38000054657459 0 73.45000007748604 5.729999899864197 0 0 58.38000054657459 73.45000007748604 0 0 0 174.75999964773655 0 85.70999981462955 0 144.53999952971935 57.799999713897705 0 32.839999586343765 0 0 59.72999967634678 603.0500001311302 719.9499990493059 1.862645149230957e-7 -6.629999961704016 0.4500000514090061 -0.4799998290836811 -3.9199999570846558 1.1700000874698162 11 25 19 8 7 18 11 6 5 2 13 5 9 4 4 2 3 5 1 7 3 0 2 3 4 2 0 2 3 1 1 2 2 1 1 10 0 3 1030.999993339181 1576.509997010231 427.7399994581938 176.09000040590763 513.329996407032 1148.7699975520372 724.4399996697903 424.32999788224697 6.670000150799751 331.8999966084957 296.9199980646372 827.7799979746342 527.3500004708767 250.379997625947 122.15999841690063 246.07000023126602 424.32999788224697 157.37999986112118 176.09000040590763 95.84000036120415 0 142.26999866962433 282.05999921262264 116.57999959588051 197.08999919891357 0 255.89000192284584 174.75999964773655 157.37999986112118 85.70999981462955 160.36000041663647 271.45999854803085 57.799999713897705 64.35999870300293 236.05999624729156 0 59.51000081002712 186.33000095188618 2257.0399904698133 2614.1799905002117 1.0000005848705769 -18.059999905526638 1.900000225752592 -4.019999425858259 -12.589999835938215 2.0700002908706665 11 34 32 17 9 26 15 9 6 4 14 16 14 6 4 8 5 6 3 9 3 0 3 3 5 3 1 2 7 3 2 3 4 4 4 11 0 4 1629.4799979031086 2411.659993439913 842.889996856451 183.6200001835823 1015.2099981755018 1568.7699965834618 1143.7099986821413 425.05999790132046 99.4000006467104 482.3799967467785 922.9799976050854 1058.070000499487 859.2199998348951 250.379997625947 489.54999682307243 288.87999941408634 425.05999790132046 344.1300031840801 183.6200001835823 95.84000036120415 0 142.99999868869781 282.05999921262264 119.15999956429005 284.48999884724617 55.98999984562397 255.89000192284584 377.44000093638897 344.1300031840801 128.37999899685383 160.5000004172325 603.3299979120493 287.1099988222122 202.43999800086021 386.53999638557434 0 64.46000061929226 362.7899993658066 3480.1199921816587 4140.539991989732 3.0000007785856724 -27.839999869465828 4.08000024035573 -6.389999281615019 -20.429999757558107 3.7600002959370613 11 49 48 25 15 37 23 16 7 6 20 22 20 10 5 10 8 7 6 15 5 1 3 4 7 6 2 4 9 5 4 4 6 5 5 15 1 7 2549.2999935150146 3856.339992567897 1472.889994829893 727.3599999547005 1324.129995122552 2383.4499977380037 1880.3199988603592 503.12999887764454 113.34000074863434 740.5099938958883 1108.6899975389242 1668.8599984794855 1428.4800010323524 280.64999736845493 637.6599970459938 516.969997599721 503.12999887764454 649.5100020170212 727.3599999547005 154.32999938726425 0.7500000149011612 142.99999868869781 360.1300001889467 147.02000032365322 451.83999782800674 55.98999984562397 536.7200033515692 414.2900006324053 648.76000200212 297.0799992084503 219.88999839127064 891.7599976807833 310.3399993479252 327.3199976980686 586.1799945086241 262.0799994468689 318.26000018417835 590.2100005894899 5471.799987092614 6519.729986846447 10.000001149252057 -41.17999983206391 10.440000338479877 -3.4199988823384047 -30.499999653548002 10.160000478848815 11 55 73 38 17 44 35 22 13 8 22 32 31 14 5 17 13 13 6 17 6 1 4 9 8 8 2 7 12 5 8 5 7 12 5 16 1 8 3147.970000013709 6087.239999845624 2547.6699987649918 862.6500009745359 1850.6500009298325 3539.570001080632 2527.7900047898293 1011.779996290803 139.9400008916855 919.3099943548441 1994.1800045222044 2651.3799978643656 1896.6100049167871 280.64999736845493 1202.0299988240004 990.8399995714426 1011.779996290803 649.5100020170212 862.6500009745359 252.48999935388565 0.7500000149011612 216.28999806940556 795.4899982213974 245.77000115811825 631.1799998730421 55.98999984562397 914.6100066900253 735.4100058376789 648.76000200212 702.9900012016296 287.84999836981297 981.9999982267618 874.7100011259317 327.3199976980686 666.8199950009584 262.0799994468689 354.8000003695488 890.3500051051378 7776.829996779561 9375.90000076592 10.000001592561603 -54.55999978259206 10.62000053562224 -4.049998378381133 -39.769999563694 12.340000765398145
12 0 0 0 0 1 0 0 0 1 0 0 0 0 0 0 0 0 0 0 0 0 0 0 0 0 0 0 0 0 0 0 0 0 0 0 0 0 0 0 0 0 0.0 0 0 0 0.0 0 0 0 0 0 0 0 0 0 0 0 0 0 0 0 0 0 0 0 0 0 0 0 0 0 0 0 0 0.0 0.0 0.0 1.1175870895385742e-8 -0.48999999836087227 0.09000000357627869 0.0 0.0 0.0 12 11 4 1 1 10 3 2 1 1 6 4 1 2 1 1 0 1 0 1 1 0 0 1 1 0 0 0 3 0 0 0 2 1 0 5 0 0 303.5900001078844 387.63999880850315 57.799999713897705 19.22000026702881 240.03999964892864 329.83999909460545 271.45999854803085 58.38000054657459 0.0 65.2800000011921 232.55999936163425 58.38000054657459 271.45999854803085 44.330000191926956 57.799999713897705 0 58.38000054657459 0 19.22000026702881 5.729999899864197 0 0 58.38000054657459 19.22000026702881 0 0 0 174.75999964773655 0 0 0 271.45999854803085 57.799999713897705 0 59.550000101327896 0 0 22.26999981701374 627.7099999338388 691.2299989163876 1.0000001825392246 -6.359999969601631 1.27000005915761 -0.7599998079240322 -4.429999947547913 1.8000001050531864 12 23 19 11 7 18 8 5 3 2 12 8 8 3 2 4 4 3 1 7 3 0 2 1 4 2 1 1 3 1 1 3 2 1 3 9 0 3 770.2999986410141 1369.2899963259697 529.9099987149239 176.09000040590763 484.59999717772007 839.3799976110458 638.7299983948469 200.64999921619892 6.670000150799751 247.1799975335598 454.9399971663952 535.9100012332201 419.92999912798405 86.74000023305416 224.18999767303467 246.21000023186207 200.64999921619892 89.05000178515911 176.09000040590763 95.84000036120415 0 142.26999866962433 58.38000054657459 116.57999959588051 218.79999926686287 55.98999984562397 148.4700005799532 174.75999964773655 89.05000178515911 85.70999981462955 160.5000004172325 271.45999854803085 57.799999713897705 166.38999795913696 151.33999717235565 0 59.51000081002712 158.0900003761053 1846.7499951720238 2146.2599951177835 2.000000435858965 -17.51999992132187 2.5400000996887684 -2.9099995978176594 -10.769999872893095 2.0300001725554466 12 37 36 19 11 27 17 11 6 4 13 18 16 7 4 8 6 6 4 11 3 0 3 3 6 4 1 3 9 4 3 3 4 4 4 10 0 5 1587.4599969089031 2480.159994393587 796.3999979794025 184.50000017881393 830.6099971532822 1683.7599964141846 1258.699998512864 425.05999790132046 28.430000066757202 331.8999966084957 864.6599983274937 1177.4800000488758 964.4499997794628 250.379997625947 394.3799978494644 336.67999951541424 425.05999790132046 415.7400026321411 184.50000017881393 95.84000036120415 0 142.99999868869781 282.05999921262264 119.15999956429005 294.2499987334013 55.98999984562397 361.1200018674135 414.2900006324053 415.7400026321411 176.17999909818172 160.5000004172325 603.3299979120493 191.9399998486042 202.43999800086021 236.05999624729156 0 65.34000061452389 324.1499992161989 3525.8099924623966 4096.049991369247 5.000000864267349 -30.639999859035015 6.080000273883343 -4.529999200254679 -21.429999738931656 6.4900003634393215 12 48 55 27 15 38 28 19 9 7 19 23 23 12 5 10 9 9 6 15 5 1 3 6 7 7 2 5 10 5 5 4 7 6 4 14 0 8 2194.569995522499 4191.429993465543 1434.9099956601858 501.820000693202 1231.6599965840578 2756.519997805357 2151.309998691082 605.209999114275 113.5200007557869 599.3499948829412 1040.2599982768297 1813.3599990904331 1648.7000005543232 280.64999736845493 520.7199973165989 559.3899979740381 605.209999114275 649.5100020170212 501.820000693202 154.32999938726425 0.7500000149011612 142.99999868869781 462.21000042557716 147.02000032365322 502.6099981367588 55.98999984562397 666.7000023275614 462.8000010997057 648.76000200212 339.4999995827675 219.88999839127064 981.9999982267618 318.2799993157387 202.43999800086021 445.019995495677 0 354.8000003695488 541.1699994206429 5512.959990352392 6500.26998975873 11.000001315027475 -44.06999982148409 11.530000451952219 -2.1699987463653088 -30.499999653548002 11.230000607669353 12 57 76 38 17 45 38 24 14 9 22 32 32 16 7 17 13 14 6 17 6 1 5 9 8 8 2 7 12 5 7 6 9 12 5 16 1 8 3261.449998944998 6447.879993766546 2520.709997624159 862.6500009745359 1836.910002246499 3927.1699961423874 2844.1899998039007 1082.9799963384867 193.12000238895416 919.3099943548441 1927.2600043416023 2695.6199967712164 2213.0099999308586 461.0499964803457 1202.0299988240004 963.8799984306097 1082.9799963384867 649.5100020170212 862.6500009745359 252.48999935388565 0.7500000149011612 287.48999811708927 795.4899982213974 245.77000115811825 631.1799998730421 55.98999984562397 903.5900032818317 668.4900056570768 648.76000200212 555.840000167489 408.03999826312065 1309.4199966490269 874.7100011259317 327.3199976980686 666.8199950009584 262.0799994468689 354.8000003695488 914.1400029659271 8282.809993252158 9903.1999951154 11.000001722946763 -56.78999976068735 12.070000613108277 -2.0299982596188784 -41.029999535530806 14.55000083334744
13 0 1 0 0 0 1 1 0 0 0 0 0 1 0 0 0 0 0 0 0 0 0 0 0 0 0 0 0 0 0 0 1 0 0 0 0 0 0 144.53999952971935 0 0 0 144.53999952971935 144.53999952971935 0 0 0 0 0 144.53999952971935 0 0 0 0 0 0 0 0 0 0 0 0 0 0 0 0 0 0 144.53999952971935 0 0 0 0 0 4.789999917149544 138.73999962210655 144.53999952971935 1.0000000223517418 -0.3999999985098839 1.0000000149011612 0.9800000190734863 0.0 0.8900000154972076 13 9 4 1 1 8 3 2 1 1 5 2 2 2 1 0 1 1 0 1 1 0 0 1 1 0 0 0 2 0 0 1 2 0 0 4 0 0 296.7400001734495 407.3599996268749 77.52000053226948 19.22000026702881 233.18999971449375 329.83999909460545 271.45999854803085 58.38000054657459 0.0 61.79000008106232 171.39999963343143 135.90000107884407 271.45999854803085 44.330000191926956 0 77.52000053226948 58.38000054657459 0 19.22000026702881 5.729999899864197 0 0 58.38000054657459 19.22000026702881 0 0 0 171.39999963343143 0 0 77.52000053226948 271.45999854803085 0 0 56.06000018119812 0 0 22.739999905228615 648.0700002908707 704.0999998003244 1.0000001788139343 -5.559999972581863 1.2700000703334808 -0.9899998158216476 -3.9599999487400055 1.4100001007318497 13 19 13 6 6 13 7 5 2 1 8 6 5 3 2 2 2 2 1 6 1 0 1 1 4 2 1 0 3 1 0 2 3 1 1 7 0 2 637.4699993431568 1059.999997228384 284.1199998408556 125.59999936819077 345.09999772906303 775.8799973875284 662.9199965894222 112.9600007981062 0.0 114.34999823570251 345.4899991452694 362.37000299990177 444.11999732255936 86.74000023305416 114.73999965190887 160.36000041663647 112.9600007981062 89.05000178515911 125.59999936819077 5.729999899864197 0 54.5800002515316 58.38000054657459 116.57999959588051 218.79999926686287 55.98999984562397 0 174.75999964773655 89.05000178515911 0 160.36000041663647 444.11999732255936 57.799999713897705 56.93999993801117 108.61999833583832 0 9.019999772310257 99.88999839127064 1512.0299982130527 1697.4699965715408 3.0000003576278687 -13.029999937862158 3.4500001035630703 -0.9299996495246887 -7.919999897480011 3.1600001752376556 13 34 31 15 10 24 16 11 5 3 12 15 15 7 3 5 6 5 5 10 3 1 3 2 6 4 1 4 8 4 3 3 3 1 4 9 0 4 1231.7699981480837 2399.5099941641092 661.3799978494644 183.6200001835823 572.0599969029427 1738.1299963146448 1378.3799984753132 359.7499978393316 11.06000006198883 247.1799975335598 574.8099970370531 1112.169999986887 980.8400006741285 135.8699991106987 260.2399977147579 336.67999951541424 359.7499978393316 416.4900026470423 183.6200001835823 95.84000036120415 0.7500000149011612 142.99999868869781 216.7499991506338 119.15999956429005 397.53999780118465 55.98999984562397 536.7200033515692 257.82999946177006 415.7400026321411 176.17999909818172 160.5000004172325 444.11999732255936 57.799999713897705 202.43999800086021 151.33999717235565 0 64.46000061929226 289.5699994415045 3159.4199931770563 3643.089992389083 6.000000815838575 -27.479999877512455 6.810000289231539 -4.089999228715897 -20.259999733418226 7.140000354498625 13 51 54 26 15 40 28 18 10 8 19 25 23 12 6 11 8 10 6 15 5 1 3 7 7 6 2 6 11 5 4 4 6 5 6 14 1 7 2818.309998780489 4077.729995146394 1279.0499977618456 618.3800009191036 1649.3200007528067 2798.679997384548 2072.58999940753 726.0899979770184 252.5900018811226 763.1199949234724 1265.6400027126074 1813.339997842908 1620.750001579523 363.71999813616276 631.2799987494946 438.48999786376953 726.0899979770184 649.5100020170212 618.3800009191036 217.53000006079674 0.7500000149011612 142.99999868869781 583.0899992883205 147.02000032365322 451.83999782800674 55.98999984562397 863.6200028657913 577.6200041025877 648.76000200212 218.5999994724989 219.88999839127064 757.1299987137318 199.8799998164177 431.39999893307686 545.5899948626757 262.0799994468689 209.2800011485815 712.790003195405 5924.279993921518 7149.3799958229065 9.000001361593604 -45.22999981045723 9.80000047199428 -6.079998658969998 -33.32999962195754 8.990000637248158 13 66 90 42 20 57 48 30 18 16 25 35 39 21 8 18 16 18 6 20 7 1 6 12 11 9 2 9 14 5 10 6 12 12 6 18 1 8 4110.720002308488 8080.940001115203 2758.089999422431 1148.2500013411045 2696.980002939701 5322.850001692772 3863.7900059074163 1459.0599957853556 572.5900008529425 1213.1699934899807 2218.0800086706877 3204.999996781349 3117.300004184246 544.1199972480536 1306.1100000590086 1097.1799989938736 1459.0599957853556 649.5100020170212 1148.2500013411045 359.4499995112419 0.7500000149011612 385.9599981456995 1073.099997639656 531.3700015246868 746.4900017231703 55.98999984562397 1268.4400093704462 855.230008751154 648.76000200212 689.140000730753 408.03999826312065 1848.8599948137999 874.7100011259317 431.39999893307686 853.7199939787388 262.0799994468689 354.8000003695488 1368.8300025314093 10452.0700019449 12765.000004291534 13.00000218860805 -69.28999970853329 14.880000850185752 0.5300021711736917 -48.53999948129058 17.5900010894984
14 0 1 0 0 0 1 0 1 0 0 0 1 0 0 0 0 1 0 0 0 0 0 1 0 0 0 0 0 0 0 0 0 0 0 0 0 0 0 58.38000054657459 0 0 0 58.38000054657459 0 58.38000054657459 0 0 0 58.38000054657459 0 0 0 0 58.38000054657459 0 0 0 0 0 58.38000054657459 0 0 0 0 0 0 0 0 0 0 0 0 0 0 0.0 58.38000054657459 58.38000054657459 -0.999999962747097 -0.3999999985098839 -0.9999999701976776 -0.9999999701976776 0.0 -0.9999999701976776 14 5 5 2 2 5 3 2 1 1 2 2 2 2 0 0 1 1 0 2 0 0 0 1 1 0 0 0 2 0 0 1 2 0 0 2 0 1 219.96999956667423 408.77999959886074 78.9400005042553 20.640000239014626 200.74999929964542 329.83999909460545 271.45999854803085 58.38000054657459 0.0 29.34999966621399 171.39999963343143 135.90000107884407 271.45999854803085 0 0 77.52000053226948 58.38000054657459 0 20.640000239014626 0 0 0 58.38000054657459 19.22000026702881 0 0 0 171.39999963343143 0 0 77.52000053226948 271.45999854803085 0 0 29.34999966621399 0 1.419999971985817 12.639999881386757 590.9299998134375 628.749999165535 1.0000001303851604 -4.489999983459711 1.0900000482797623 -0.8999998793005943 -2.4699999690055847 0.7200000658631325 14 20 11 6 6 14 5 3 2 1 8 7 5 3 2 2 2 2 1 6 1 0 1 1 4 0 1 1 4 1 1 1 2 1 1 7 0 2 701.8199993520975 778.8300004601479 286.98999977111816 125.59999936819077 341.11999966204166 491.8400006890297 378.8799998909235 112.9600007981062 0.0 66.59000000357628 389.26999931037426 433.5700010061264 378.8799998909235 86.74000023305416 114.73999965190887 163.23000034689903 112.9600007981062 157.37999986112118 125.59999936819077 5.729999899864197 0 54.5800002515316 58.38000054657459 116.57999959588051 0 55.98999984562397 107.42000134289265 218.53999981284142 157.37999986112118 85.70999981462955 77.52000053226948 271.45999854803085 57.799999713897705 56.93999993801117 60.86000010371208 0 9.019999772310257 111.34999907016754 1263.4900010228157 1480.6499998122454 1.0000003352761269 -12.629999939352274 1.450000088661909 -4.01999968662858 -9.329999893903732 1.080000128597021 14 40 36 18 13 28 18 12 6 3 17 15 15 8 5 6 6 6 4 13 5 1 3 3 6 4 1 4 7 3 3 3 4 1 5 12 1 6 2166.129992455244 2788.6799960434437 894.5399978905916 553.97999997437 1035.8499951213598 1894.139998152852 1469.0800002515316 425.05999790132046 11.06000006198883 745.2299954593182 665.4299970269203 1241.189998432994 1140.0500012636185 280.64999736845493 385.1199974119663 336.67999951541424 425.05999790132046 480.20000103116035 553.97999997437 217.53000006079674 0.7500000149011612 142.99999868869781 282.05999921262264 119.15999956429005 329.02999898791313 55.98999984562397 536.7200033515692 223.56999975442886 479.4500010162592 176.17999909818172 160.5000004172325 603.3299979120493 57.799999713897705 327.3199976980686 527.6999953985214 262.0799994468689 172.74000096321106 464.6000026911497 4162.99998767674 4966.619988575578 7.000000907108188 -31.309999868273735 7.170000275596976 -5.0699991304427385 -24.179999720305204 6.720000358298421 14 50 60 30 16 36 30 21 9 5 19 28 22 14 5 15 8 9 6 16 5 1 3 6 8 7 2 7 10 5 4 4 7 10 5 14 1 7 2826.2299948334694 4933.24000044167 1705.5499994456768 824.1900007426739 1385.6999964267015 3227.6900009959936 2556.1700031757355 671.5199978202581 103.79000055789948 763.1199949234724 1577.3200013935566 1758.7699976861477 2053.5600050389767 280.64999736845493 1057.7800004333258 438.48999786376953 671.5199978202581 649.5100020170212 824.1900007426739 217.53000006079674 0.7500000149011612 142.99999868869781 528.5199991315603 352.8300001472235 502.6099981367588 55.98999984562397 1071.5600068122149 462.8000010997057 648.76000200212 218.5999994724989 219.88999839127064 981.9999982267618 730.4600027352571 327.3199976980686 545.5899948626757 262.0799994468689 209.2800011485815 746.6800028979778 6533.809994369745 7864.00999584794 13.000001331791282 -45.88999981433153 13.350000431761146 -2.169998662546277 -35.429999608546495 13.270000601187348 14 60 77 39 18 49 38 24 14 11 23 33 33 16 7 17 14 14 6 18 7 1 5 9 9 8 2 8 13 5 9 5 8 12 5 16 1 8 3753.2300031632185 6563.970000565052 2659.8699985593557 1068.4600007981062 2245.540006607771 3904.1000020056963 2821.1200056672096 1082.9799963384867 313.0500034093857 1026.2699945122004 2109.0000075250864 2834.7799977064133 2189.9400057941675 458.31999753415585 1202.0299988240004 1103.0399993658066 1082.9799963384867 649.5100020170212 1068.4600007981062 359.4499995112419 0.7500000149011612 287.48999811708927 795.4899982213974 451.5800009816885 631.1799998730421 55.98999984562397 1111.5300072282553 850.2300088405609 648.76000200212 762.9600010812283 340.0799982845783 1078.4099985659122 874.7100011259317 327.3199976980686 666.8199950009584 262.0799994468689 354.8000003695488 1068.630005478859 8742.630002111197 10631.000007152557 11.000001782551408 -59.36999975144863 12.250000627711415 -2.1899982038885355 -43.779999520629644 14.520000839605927
15 1 0 0 1 0 0 0 0 0 0 0 0 0 0 0 0 0 0 1 0 0 0 0 1 0 0 0 0 0 0 0 0 0 0 0 0 0 19.22000026702881 0 0 19.22000026702881 0 0 0 0 0 0 0 0 0 0 0 0 0 0 19.22000026702881 0 0 0 0 19.22000026702881 0 0 0 0 0 0 0 0 0 0 0 0 0 1.5800000429153442 15.03000032901764 19.22000026702881 7.450580596923828e-9 -0.3999999985098839 0.0 -0.28999999165534973 -0.4699999988079071 0.09000000357627869 15 11 6 3 6 8 3 2 1 1 5 2 2 2 0 0 1 1 0 6 0 0 0 1 4 0 0 0 2 0 0 1 2 0 0 5 0 2 242.96999803185463 416.3799993991852 86.54000030457973 125.59999936819077 126.38999843597412 329.83999909460545 271.45999854803085 58.38000054657459 0.0 30.659999668598175 95.72999876737595 135.90000107884407 271.45999854803085 0 0 77.52000053226948 58.38000054657459 0 125.59999936819077 0 0 0 58.38000054657459 116.57999959588051 0 0 0 95.72999876737595 0 0 77.52000053226948 271.45999854803085 0 0 30.659999668598175 0 9.019999772310257 35.78999964892864 590.2699984163046 659.3499974310398 1.0000001676380634 -7.289999973028898 1.090000033378601 -1.7099998593330383 -3.4899999499320984 0.8400000631809235 15 30 32 19 12 22 13 9 4 2 12 14 12 4 3 6 7 4 1 12 2 0 2 2 6 5 2 1 6 1 3 4 3 3 3 10 0 6 810.8999963700771 1843.7999982237816 787.9199979901314 291.9000005275011 475.5399961620569 1055.8800002336502 876.8799993544817 179.0000008791685 17.37000000476837 181.19999654591084 496.0799991488457 672.7699999064207 538.0900004804134 135.8699991106987 219.10999953746796 396.06999748945236 179.0000008791685 97.70000153779984 291.9000005275011 27.89999943971634 0 55.31000027060509 123.69000060856342 119.15999956429005 338.78999887406826 55.98999984562397 107.42000134289265 220.97999976575375 97.70000153779984 176.17999909818172 219.88999839127064 430.6699991375208 81.03000023961067 138.07999929785728 153.2999971061945 0 172.74000096321106 183.30999904870987 2358.769995570183 2672.069994598627 5.000000607222319 -25.389999885112047 5.720000118017197 -5.549999568611383 -16.17999980971217 4.00000012665987 15 47 51 25 15 38 26 18 8 7 18 22 21 11 5 8 9 8 5 15 5 1 4 4 7 7 2 5 11 4 5 4 6 4 4 13 0 8 1901.9399975687265 3913.6699952483177 1366.1899974048138 501.820000693202 1172.0499980002642 2547.479997843504 1971.0599995851517 576.4199982583523 113.5200007557869 448.86999474465847 1004.7900003641844 1609.170000076294 1468.4500014483929 280.64999736845493 394.3799978494644 617.0099991858006 576.4199982583523 416.4900026470423 501.820000693202 154.32999938726425 0.7500000149011612 216.28999806940556 360.1300001889467 147.02000032365322 502.6099981367588 55.98999984562397 576.6900037676096 553.6700026541948 415.7400026321411 397.1200007945299 219.88999839127064 891.7599976807833 191.9399998486042 202.43999800086021 294.5399953573942 0 354.8000003695488 478.27000018954277 5102.759992212057 5929.879993587732 10.000001225620508 -42.37999980896711 11.530000414699316 -2.7399988435208797 -29.29999963566661 11.880000546574593 15 56 70 35 17 44 35 21 14 8 22 30 31 13 6 15 12 14 6 17 6 1 5 9 8 8 2 6 12 5 7 5 7 10 5 16 1 8 3233.769999727607 5573.789994478226 2170.9599972963333 862.6500009745359 1850.6500009298325 3402.8299971818924 2319.8500008434057 1082.9799963384867 139.9400008916855 919.3099943548441 1764.6200040876865 2575.4299968779087 1688.6700009703636 366.44999708235264 972.4699983894825 843.689998537302 1082.9799963384867 649.5100020170212 862.6500009745359 252.48999935388565 0.7500000149011612 287.48999811708927 795.4899982213974 245.77000115811825 631.1799998730421 55.98999984562397 706.6700027436018 735.4100058376789 648.76000200212 555.840000167489 287.84999836981297 981.9999982267618 645.1500006914139 327.3199976980686 666.8199950009584 262.0799994468689 354.8000003695488 826.820003464818 7473.219992637634 8948.24999511242 8.000001618638635 -53.62999977916479 8.800000572577119 -4.989998375996947 -38.35999956727028 11.100000785663724 15 59 80 40 18 47 40 25 15 10 23 32 35 17 7 17 15 15 6 18 6 1 6 9 9 8 2 9 12 5 9 6 8 12 5 17 1 8 3622.619997575879 6833.189999982715 2727.829998537898 1068.4600007981062 2041.4500011205673 4105.360001444817 2958.8900052160025 1146.4699962288141 242.30000245571136 1007.7499929815531 1994.1800045222044 2966.229997575283 2327.7100053429604 461.0499964803457 1202.0299988240004 1170.999999344349 1146.4699962288141 649.5100020170212 1068.4600007981062 252.48999935388565 0.7500000149011612 350.9799980074167 795.4899982213974 451.5800009816885 631.1799998730421 55.98999984562397 1249.300006777048 735.4100058376789 648.76000200212 762.9600010812283 408.03999826312065 1078.4099985659122 874.7100011259317 327.3199976980686 755.2599936276674 262.0799994468689 354.8000003695488 1041.6100050807 8864.149996191263 10698.860000029206 11.000001838430762 -59.67999975010753 12.1600006762892 -1.1299981605261564 -43.07999951392412 15.19000087864697
16 1 0 0 0 1 0 0 0 0 1 0 0 0 0 0 0 0 0 0 0 0 0 0 0 0 0 0 0 0 0 0 0 0 0 1 0 0 5.789999961853027 0 0 0 5.789999961853027 0 0 0 0 5.789999961853027 0 0 0 0 0 0 0 0 0 0 0 0 0 0 0 0 0 0 0 0 0 0 0 0 5.789999961853027 0 0 0.0 5.789999961853027 5.789999961853027 7.450580596923828e-9 -0.3999999985098839 0.0 0.09000000357627869 0.0 0.09000000357627869 16 9 7 4 4 8 3 2 1 1 5 3 2 2 0 1 1 1 0 4 0 0 0 1 2 0 1 0 1 0 0 1 2 0 1 5 0 2 135.3600003272295 473.31999933719635 143.4800002425909 28.240000039339066 116.14000006020069 329.83999909460545 271.45999854803085 58.38000054657459 0.0 56.790000200271606 116.28999979794025 135.90000107884407 271.45999854803085 0 56.93999993801117 77.52000053226948 58.38000054657459 0 28.240000039339066 0 0 0 58.38000054657459 19.22000026702881 0 55.98999984562397 0 3.3600000143051147 0 0 77.52000053226948 271.45999854803085 0 56.93999993801117 56.790000200271606 0 9.019999772310257 45.01999971270561 525.3000000566244 608.6799996644258 1.0000001452863216 -6.889999974519014 1.0900000184774399 -3.8299998715519905 -5.449999928474426 0.46000003069639206 16 29 22 12 9 21 10 7 3 2 10 13 11 5 1 4 5 3 3 9 1 0 2 1 6 2 1 2 8 3 2 3 3 1 3 9 0 3 892.7399989068508 1518.2599971294403 460.81999829411507 133.12999914586544 475.27999629080296 1057.4399988353252 943.7499980181456 113.69000081717968 4.389999911189079 157.06999707221985 509.699998319149 623.0200032889843 724.9499987512827 44.330000191926956 195.879999011755 250.96999970078468 113.69000081717968 258.36000277101994 133.12999914586544 5.729999899864197 0 55.31000027060509 58.38000054657459 119.15999956429005 218.79999926686287 55.98999984562397 280.83000142872334 257.82999946177006 258.36000277101994 90.46999928355217 160.5000004172325 444.11999732255936 57.799999713897705 138.07999929785728 151.33999717235565 0 13.969999581575394 174.0499984920025 2142.489997461438 2415.38999594748 4.000000558793545 -21.249999914318323 4.360000159591436 -3.109999507665634 -13.879999816417694 4.900000214576721 16 40 47 22 14 31 25 17 8 5 15 20 18 11 4 8 7 8 4 14 4 1 3 5 7 6 2 5 9 3 4 3 6 4 4 11 0 7 1222.4499984532595 3268.609997332096 879.7899992465973 356.3000014722347 679.5399965792894 2388.819998085499 1875.6699988693 513.1499992161989 28.61000007390976 288.59999673068523 654.48999799788 1150.6100018769503 1423.8300010412931 166.13999885320663 291.4099982082844 379.0999998897314 513.1499992161989 259.1100027859211 356.3000014722347 119.37000009417534 0.7500000149011612 142.99999868869781 370.1500005275011 147.02000032365322 451.83999782800674 55.98999984562397 666.7000023275614 306.3399999290705 258.36000277101994 218.5999994724989 160.5000004172325 757.1299987137318 88.97000020742416 202.43999800086021 169.2299966365099 0 209.2800011485815 352.3200009614229 3932.589995250106 4520.4199958741665 9.000001098960638 -37.129999835044146 10.17000038921833 -4.86999898776412 -24.669999688863754 8.59000051394105 16 53 69 33 17 43 36 22 14 9 21 26 31 14 6 12 13 14 5 17 6 1 5 9 8 8 2 6 11 4 7 6 8 8 4 15 1 8 2677.3299967199564 5424.979993909597 1925.7399963885546 862.6500009745359 1571.6099991053343 3499.239997521043 2416.260001182556 1082.9799963384867 193.12000238895416 768.8299942165613 1217.470000103116 2462.5999974012375 1785.080001309514 375.249996766448 607.0599975883961 963.8799984306097 1082.9799963384867 416.4900026470423 862.6500009745359 252.48999935388565 0.7500000149011612 287.48999811708927 795.4899982213974 245.77000115811825 631.1799998730421 55.98999984562397 706.6700027436018 553.6700026541948 415.7400026321411 555.840000167489 408.03999826312065 1078.4099985659122 404.61999958753586 202.43999800086021 516.3399948626757 262.0799994468689 354.8000003695488 717.9600039422512 7044.6599893420935 8296.17999303341 8.000001622363925 -52.82999976351857 9.8900006134063 -3.159998396411538 -35.46999957039952 12.330000827088952 16 67 89 42 19 54 47 29 18 13 25 36 39 20 9 19 15 18 7 19 6 1 6 12 10 9 2 10 14 6 9 6 10 13 6 19 1 8 4062.430001169443 7893.040002658963 2834.1599996834993 1106.6600010693073 2360.390004977584 5058.880002975464 3561.1500055640936 1497.7299974113703 394.540003657341 1049.729992493987 2305.610009253025 3308.009998843074 2814.6600038409233 625.0599966198206 1388.740000411868 1090.6199989020824 1497.7299974113703 720.4100025445223 1106.6600010693073 252.48999935388565 0.7500000149011612 350.9799980074167 1146.7499994039536 489.78000125288963 746.4900017231703 55.98999984562397 1347.5200069397688 860.1300089806318 719.6600025296211 682.5800006389618 408.03999826312065 1467.1399969011545 957.3400014787912 431.39999893307686 797.2399931401014 262.0799994468689 354.8000003695488 1302.020004287362 10170.950003400445 12350.760007500648 12.000002162531018 -67.68999970704317 13.790000842884183 -1.9599978271871805 -48.079999435693026 16.730001078918576
17 0 1 0 0 0 1 1 0 0 0 0 0 1 0 0 0 0 0 0 0 0 0 0 0 0 0 0 0 0 0 0 1 0 0 0 0 0 0 126.9199990183115 0 0 0 126.9199990183115 126.9199990183115 0 0 0 0 0 126.9199990183115 0 0 0 0 0 0 0 0 0 0 0 0 0 0 0 0 0 0 126.9199990183115 0 0 0 0 0 1.2799999713897705 115.64999927580357 126.9199990183115 1.0000000223517418 -0.3999999985098839 1.0000000149011612 0.23000003397464752 -0.5099999904632568 0.6500000208616257 17 3 7 4 3 3 3 2 1 1 1 2 2 2 0 1 1 1 0 3 0 0 0 1 1 0 0 0 1 0 0 1 2 0 1 1 0 2 68.7900003939867 473.31999933719635 143.4800002425909 28.240000039339066 49.57000012695789 329.83999909460545 271.45999854803085 58.38000054657459 0.0 5.789999961853027 100.72000010311604 135.90000107884407 271.45999854803085 0 56.93999993801117 77.52000053226948 58.38000054657459 0 28.240000039339066 0 0 0 58.38000054657459 19.22000026702881 0 0 0 43.780000165104866 0 0 77.52000053226948 271.45999854803085 0 56.93999993801117 5.789999961853027 0 9.019999772310257 12.390000015497208 505.68999986350536 542.109999731183 1.000000100582838 -4.489999983459711 1.0900000184774399 -1.8799999430775642 -2.429999977350235 0.010000012814998627 17 19 13 7 6 15 6 5 1 1 7 10 4 4 1 2 3 1 1 6 2 1 0 1 4 1 1 2 6 0 1 2 2 0 2 5 0 2 472.2799993902445 925.5400005578995 227.4700003862381 73.94999952614307 363.0199994444847 698.0700001716614 639.6899996250868 58.38000054657459 0.0 86.049999833107 370.7099996060133 183.840001180768 552.2899999767542 44.330000191926956 92.98999997973442 125.46000063419342 58.38000054657459 0.7500000149011612 73.94999952614307 29.259999632835388 0.7500000149011612 0 58.38000054657459 64.92999975383282 87.3999996483326 55.98999984562397 280.83000142872334 220.97999976575375 0 47.800000101327896 77.66000053286552 271.45999854803085 0 92.98999997973442 56.790000200271606 0 9.019999772310257 109.87999999523163 1213.289999768138 1398.5699999630451 4.000000324100256 -13.559999942779541 4.2700000666081905 -2.2799996808171272 -9.919999867677689 3.5900001153349876 17 40 41 21 14 26 20 14 6 2 15 19 16 8 4 9 6 6 5 14 4 1 2 4 7 6 1 4 8 4 3 3 4 5 4 11 1 6 1814.2299954593182 3252.7099995464087 1189.810001194477 581.8400007337332 762.2599944770336 2062.8999983519316 1591.8899990916252 471.00999926030636 4.389999911189079 444.0499952584505 994.960000038147 1223.4300014078617 1140.0500012636185 231.5199984908104 680.3900007158518 336.67999951541424 471.00999926030636 416.4900026470423 581.8400007337332 149.58999913930893 0.7500000149011612 55.31000027060509 415.69999898970127 147.02000032365322 451.83999782800674 55.98999984562397 536.7200033515692 257.82999946177006 415.7400026321411 176.17999909818172 160.5000004172325 603.3299979120493 417.4300017207861 262.9599989950657 294.4599961191416 262.0799994468689 172.74000096321106 457.18000338971615 4304.41999258101 5072.079994931817 8.000000914558768 -33.259999848902225 8.90000027231872 -4.119999093934894 -25.859999679028988 9.420000383630395 17 55 65 33 16 41 32 22 10 7 19 31 26 15 7 15 11 10 6 16 5 1 3 7 8 7 2 8 13 5 6 5 7 10 5 14 1 7 3391.3300027400255 5140.299999579787 1946.5299971848726 824.1900007426739 1807.6100061535835 3193.7700023949146 2467.6800044178963 726.0899979770184 138.27000254392624 763.1199949234724 1909.2700081020594 2109.799996614456 1965.0700062811375 458.31999753415585 1002.2999994009733 734.9499966353178 726.0899979770184 649.5100020170212 824.1900007426739 217.53000006079674 0.7500000149011612 142.99999868869781 583.0899992883205 352.8300001472235 502.6099981367588 55.98999984562397 1111.5300072282553 850.2300088405609 648.76000200212 394.8699983507395 340.0799982845783 853.5399990528822 674.9800017029047 327.3199976980686 545.5899948626757 262.0799994468689 209.2800011485815 811.190005376935 7267.560001477599 8670.65000487864 13.000001503154635 -50.609999783337116 13.890000505372882 -1.6799985188990831 -37.009999580681324 13.910000680014491 17 69 85 42 18 56 43 27 16 14 25 35 39 18 11 17 17 16 7 18 7 1 5 11 9 9 2 9 15 6 11 6 9 12 5 18 1 8 4338.790002942085 7429.6800029575825 2801.1599992215633 1068.4600007981062 2529.410004720092 4628.520003736019 3321.0100065022707 1307.5099972337484 395.1200024932623 1213.1699934899807 2123.9000075757504 3271.4999997913837 2574.5200047791004 771.1799977570772 1202.0299988240004 1244.3300000280142 1307.5099972337484 720.4100025445223 1068.4600007981062 359.4499995112419 0.7500000149011612 287.48999811708927 1020.0199991166592 451.5800009816885 746.4900017231703 55.98999984562397 1338.3900059610605 865.1300088912249 719.6600025296211 836.2900017648935 408.03999826312065 1236.12999881804 874.7100011259317 327.3199976980686 853.7199939787388 262.0799994468689 354.8000003695488 1264.430005043745 9994.91000366211 12164.340008407831 12.000002110376954 -67.11999969556928 14.24000078998506 -1.2299979124218225 -48.339999452233315 16.61000099591911
18 0 1 1 0 0 0 0 0 0 0 0 1 0 0 0 1 0 0 0 0 0 0 0 0 0 0 0 0 0 0 1 0 0 0 0 0 0 0 77.52000053226948 77.52000053226948 0 0 0 0 0 0 0 0 77.52000053226948 0 0 0 77.52000053226948 0 0 0 0 0 0 0 0 0 0 0 0 0 0 77.52000053226948 0 0 0 0 0 0 1.8300000429153442 72.94000048935413 77.52000053226948 7.450580596923828e-9 -0.3999999985098839 0.0 -0.7199999988079071 -0.5099999904632568 -0.30000001192092896 18 5 7 4 4 3 3 2 1 0 1 3 2 2 0 1 1 1 0 4 0 0 0 1 2 0 0 0 2 0 0 1 2 0 1 1 0 2 114.3599998652935 473.31999933719635 143.4800002425909 71.36999955773354 52.010000079870224 329.83999909460545 271.45999854803085 58.38000054657459 0 5.789999961853027 103.16000005602837 135.90000107884407 271.45999854803085 0 56.93999993801117 77.52000053226948 58.38000054657459 0 71.36999955773354 0 0 0 58.38000054657459 62.34999978542328 0 0 0 46.2200001180172 0 0 77.52000053226948 271.45999854803085 0 56.93999993801117 5.789999961853027 0 9.019999772310257 13.730000019073486 546.8799993693829 587.6799992024899 1.0000001043081284 -4.799999982118607 1.0000000149011612 -2.8099999353289604 -2.939999967813492 -0.4999999925494194 18 21 16 10 9 15 6 5 1 1 7 10 5 5 2 2 3 1 2 9 1 1 0 1 4 0 1 2 6 1 2 1 3 0 2 6 0 5 704.509998768568 1247.9500039070845 475.8800013959408 288.44000056385994 357.8699995279312 772.0700025111437 713.6900019645691 58.38000054657459 0.0 80.8999999165535 370.7099996060133 426.7900008559227 713.6900019645691 72.67999978363514 92.98999997973442 211.03000044822693 58.38000054657459 158.12999987602234 288.44000056385994 23.52999973297119 0.7500000149011612 0 58.38000054657459 116.57999959588051 0 55.98999984562397 283.0200028270483 220.97999976575375 157.37999986112118 133.50999991595745 77.52000053226948 430.6699991375208 0 92.98999997973442 57.370000183582306 0 171.86000096797943 188.8299999088049 1655.0900024920702 1953.2100026905537 4.000000346451998 -15.429999928921461 4.450000047683716 -4.989999659359455 -12.31999983638525 3.320000097155571 18 44 46 23 14 32 23 15 8 4 16 22 19 8 5 9 8 8 4 14 4 1 3 5 7 7 2 4 10 3 4 4 4 5 4 12 1 6 2015.8499959856272 3389.2199976295233 1122.550000488758 581.8400007337332 1010.3999957293272 2266.669997140765 1642.6599994003773 624.0099977403879 28.430000066757202 528.7699943333864 965.2700030058622 1406.6299987882376 1140.0500012636185 280.64999736845493 511.3200016617775 438.48999786376953 624.0099977403879 344.8800031989813 581.8400007337332 149.58999913930893 0.7500000149011612 142.99999868869781 481.0099990516901 147.02000032365322 502.6099981367588 55.98999984562397 536.7200033515692 397.2100014835596 344.1300031840801 218.5999994724989 219.88999839127064 603.3299979120493 248.3600026667118 262.9599989950657 379.1799951940775 262.0799994468689 172.74000096321106 471.8600037097931 4637.869991347194 5434.249993696809 7.000001071020961 -37.709999825805426 8.26000034250319 -5.939998967573047 -27.859999656677246 8.84000046737492 18 54 71 38 16 43 33 23 10 8 21 32 28 15 6 17 13 10 6 16 6 1 4 6 7 8 2 7 12 5 8 5 8 12 5 15 1 8 3063.1799980849028 5968.910001009703 2599.899998679757 763.9000001400709 1796.7700017988682 3369.0100023299456 2624.2000051289797 744.8099972009659 166.70000225305557 838.6699938625097 1994.1800045222044 2436.639998689294 1993.0200052559376 375.249996766448 1202.0299988240004 1043.069999486208 744.8099972009659 649.5100020170212 763.9000001400709 252.48999935388565 0.7500000149011612 216.28999806940556 528.5199991315603 147.02000032365322 631.1799998730421 55.98999984562397 914.6100066900253 735.4100058376789 648.76000200212 702.9900012016296 340.0799982845783 1078.4099985659122 874.7100011259317 327.3199976980686 586.1799945086241 262.0799994468689 354.8000003695488 854.140004992485 7662.449997410178 9199.540001362562 14.000001506879926 -53.22999978065491 14.80000046826899 0.5900015253573656 -38.60999956727028 15.870000684633851 18 66 79 40 18 50 39 24 15 10 25 33 36 16 10 17 15 15 7 18 7 1 5 10 9 8 2 8 13 6 9 6 8 12 5 18 1 8 4243.830001875758 6778.240000844002 2727.829998537898 1068.4600007981062 2308.510004684329 4050.4100023061037 2821.1200056672096 1229.289996638894 249.60000336170197 1152.6899926364422 2109.0000075250864 3119.949998512864 2189.9400057941675 751.5999975949526 1202.0299988240004 1170.999999344349 1229.289996638894 720.4100025445223 1068.4600007981062 359.4499995112419 0.7500000149011612 287.48999811708927 941.7999985218048 451.5800009816885 631.1799998730421 55.98999984562397 1111.5300072282553 850.2300088405609 719.6600025296211 762.9600010812283 408.03999826312065 1078.4099985659122 874.7100011259317 327.3199976980686 793.2399931252003 262.0799994468689 354.8000003695488 1141.6200033128262 9316.000003486872 11272.420006096363 10.000001909211278 -61.68999972194433 11.700000690296292 -5.019998045638204 -46.90999944880605 14.060000905767083
19 0 1 1 1 0 0 0 0 0 0 0 0 0 0 0 0 0 0 1 0 0 0 0 0 0 0 0 0 0 0 0 0 0 0 0 0 1 0 1.419999971985817 1.419999971985817 1.419999971985817 0 0 0 0 0 0 0 0 0 0 0 0 0 0 1.419999971985817 0 0 0 0 0 0 0 0 0 0 0 0 0 0 0 0 0 1.419999971985817 0.0 1.419999971985817 1.419999971985817 -7.450580596923828e-9 -0.3999999985098839 -1.4901161193847656e-8 -0.42000002413988113 0.0 -0.42000002413988113 19 9 12 8 7 6 4 2 2 0 3 4 5 1 0 1 3 2 0 7 0 0 1 1 3 1 0 0 3 0 1 2 1 0 1 3 0 4 116.89999978244305 393.0399996191263 197.2500001490116 77.1999993622303 54.54999999701977 195.7899994701147 136.67999890446663 59.11000056564808 0 8.329999879002571 103.16000005602837 184.5700011998415 126.9199990183115 0 56.93999993801117 125.46000063419342 59.11000056564808 0 77.1999993622303 0 0 0.7300000190734863 58.38000054657459 62.34999978542328 9.759999886155128 0 0 46.2200001180172 0 47.800000101327896 77.66000053286552 126.9199990183115 0 56.93999993801117 8.329999879002571 0 14.849999576807022 31.699999406933784 450.59000012278557 509.93999940156937 1.6763806343078613e-7 -8.399999968707561 1.1175870895385742e-8 -5.039999894797802 -5.959999918937683 -0.24000000208616257 19 32 32 17 14 26 15 12 3 4 11 17 10 7 1 5 5 3 3 14 1 1 1 2 7 5 2 3 9 2 2 3 4 2 3 10 0 7 902.2899993807077 1834.1300004124641 598.1099987626076 356.3000014722347 577.6299982517958 1236.0200016498566 1098.8400001078844 137.18000154197216 21.93999992311001 181.51999787986279 536.2300002872944 534.0100003182888 815.0300012379885 30.269999742507935 161.30999982357025 227.51999779045582 137.18000154197216 170.06000100076199 356.3000014722347 23.52999973297119 0.7500000149011612 0.7300000190734863 136.45000152289867 147.02000032365322 283.80999886989594 55.98999984562397 320.80000184476376 318.180000603199 169.31000098586082 90.46999928355217 137.04999850690365 494.2299993932247 23.230000525712967 138.07999929785728 157.9899981468916 0 209.2800011485815 223.4600007236004 2426.969998881221 2759.109999731183 9.000000670552254 -27.829999890178442 9.540000151842833 -2.0899994522333145 -17.749999772757292 9.430000212043524 19 43 61 30 15 35 31 20 11 7 16 23 26 12 5 10 12 11 4 15 4 1 3 8 7 8 2 5 10 3 7 5 7 7 3 12 0 8 1415.5299974232912 4567.379997715354 1630.2799981832504 501.820000693202 813.9899964779615 2937.0999995321035 2171.3800002634525 765.719999268651 64.58000040054321 296.20999474823475 885.7400006204844 1867.770000576973 1540.2000003904104 260.7399982511997 431.7899992763996 843.689998537302 765.719999268651 259.1100027859211 501.820000693202 86.38999846577644 0.7500000149011612 128.59999965131283 637.1199996173382 147.02000032365322 631.1799998730421 55.98999984562397 558.2000021636486 397.2100014835596 258.36000277101994 555.840000167489 287.84999836981297 981.9999982267618 293.7099999785423 138.07999929785728 209.8199962824583 0 354.8000003695488 436.48999986052513 5290.84999537468 6048.23999555409 9.000001352280378 -44.77999980002642 10.530000496655703 -4.3199987187981606 -29.33999962732196 10.910000655800104 19 55 74 36 17 44 38 23 15 9 22 29 32 15 7 15 13 15 5 17 6 1 6 9 8 8 2 7 11 4 7 6 8 10 5 16 1 8 2851.569995060563 5991.649994149804 2291.149997189641 862.6500009745359 1660.0499977320433 3700.499996960163 2554.030000731349 1146.4699962288141 193.12000238895416 857.2699928432703 1582.8800009042025 2526.089997291565 1922.8500008583069 461.0499964803457 972.4699983894825 963.8799984306097 1146.4699962288141 416.4900026470423 862.6500009745359 252.48999935388565 0.7500000149011612 350.9799980074167 795.4899982213974 245.77000115811825 631.1799998730421 55.98999984562397 844.4400022923946 553.6700026541948 415.7400026321411 555.840000167489 408.03999826312065 1078.4099985659122 645.1500006914139 327.3199976980686 604.7799934893847 262.0799994468689 354.8000003695488 822.3600033223629 7610.389989167452 9037.089991614223 8.000001700595021 -55.49999974668026 10.070000635460019 -3.5199983213096857 -38.409999538213015 13.130000839009881 19 64 87 43 18 51 44 26 18 12 25 34 40 18 9 19 16 18 7 18 7 1 7 11 9 8 2 10 12 6 10 6 8 14 5 18 1 8 4022.7999994903803 7609.9300006181 2956.929999396205 1068.4600007981062 2316.000002220273 4653.000001221895 3057.110005378723 1595.889995843172 351.58000230789185 1173.0199942290783 2156.510004788637 3553.3199983090162 2425.930005505681 625.0599966198206 1364.3599990904331 1237.769999936223 1595.889995843172 720.4100025445223 1068.4600007981062 379.780001103878 0.7500000149011612 515.9399967640638 1079.9499990791082 451.5800009816885 631.1799998730421 55.98999984562397 1347.5200069397688 735.4100058376789 719.6600025296211 829.7300016731024 408.03999826312065 1078.4099985659122 1037.0400013923645 327.3199976980686 793.2399931252003 262.0799994468689 354.8000003695488 1294.2300053834915 9780.769998982549 11985.060002431273 9.000002076849341 -65.19999971613288 10.700000802055001 -5.179997900500894 -48.579999443143606 13.390001008287072
20 0 1 1 1 0 0 0 0 0 0 0 0 0 0 0 0 0 0 1 0 0 0 0 0 0 0 0 0 0 0 0 0 0 0 0 0 1 0 7.59999980032444 7.59999980032444 7.59999980032444 0 0 0 0 0 0 0 0 0 0 0 0 0 0 7.59999980032444 0 0 0 0 0 0 0 0 0 0 0 0 0 0 0 0 0 7.59999980032444 2.3200000524520874 5.279999747872353 7.59999980032444 -7.450580596923828e-9 -0.3999999985098839 -1.4901161193847656e-8 0.14999999105930328 0.0 0.14999999105930328 20 12 10 7 6 8 3 3 0 0 3 8 3 2 0 2 3 0 1 6 0 1 0 0 4 1 1 1 4 0 1 2 1 0 2 3 0 2 159.83000068366528 539.7500007748604 227.4700003862381 30.820000007748604 138.03000044822693 312.2800003886223 312.2800003886223 0 0 33.230000495910645 198.53999994695187 125.46000063419342 302.52000050246716 0 92.98999997973442 125.46000063419342 0 0.7500000149011612 30.820000007748604 0 0.7500000149011612 0 0 21.800000235438347 9.759999886155128 55.98999984562397 175.60000148415565 48.810000106692314 0 47.800000101327896 77.66000053286552 126.9199990183115 0 92.98999997973442 33.230000495910645 0 9.019999772310257 103.90000005066395 549.2400010377169 700.3300014734268 3.000000160187483 -9.19999996572733 2.999999988824129 -4.619999870657921 -8.939999878406525 1.6099999696016312 20 28 30 15 11 20 15 11 4 2 10 14 12 8 1 5 5 4 4 11 2 1 2 2 6 3 1 3 7 3 2 3 5 2 3 8 0 5 676.8700024485588 1962.129997998476 508.6200013011694 144.18000027537346 299.839999333024 1453.5099966973066 1218.9399970173836 234.56999967992306 4.389999911189079 104.51999928057194 398.1900008022785 743.6500033438206 1008.7299985289574 30.269999742507935 206.51000064611435 250.72000089287758 234.56999967992306 259.1100027859211 144.18000027537346 29.259999632835388 0.7500000149011612 55.31000027060509 179.25999940931797 92.79000051319599 210.2099984884262 55.98999984562397 410.81000040471554 134.94000029563904 258.36000277101994 90.22000047564507 160.5000004172325 597.9199981242418 68.43000134825706 138.07999929785728 75.25999964773655 0 51.38999976217747 193.5799999088049 2320.1500004529953 2644.140000373125 7.000000670552254 -24.449999902397394 7.360000211745501 -4.299999296665192 -18.429999738931656 6.970000326633453 20 42 52 25 15 33 27 18 9 5 16 22 21 11 3 9 9 9 4 15 3 1 3 6 8 7 2 4 10 3 4 5 7 6 3 13 0 7 1468.42000053823 3524.8699971735477 1172.539997652173 455.05000230669975 879.2599988281727 2352.3299995213747 1806.929998010397 545.4000015109777 84.1700015515089 341.8899959474802 827.9400009065866 1393.0300012230873 1304.3199998736382 169.19999933242798 373.9899995625019 589.2699969410896 545.4000015109777 259.1100027859211 455.05000230669975 51.42999917268753 0.7500000149011612 126.5100003182888 418.89000119268894 245.77000115811825 502.6099981367588 55.98999984562397 450.78000082075596 397.2100014835596 258.36000277101994 249.1899986565113 340.0799982845783 853.5399990528822 235.91000026464462 138.07999929785728 290.45999677479267 0 209.2800011485815 395.3400022238493 4429.85999725759 5078.209999278188 9.000001166015863 -40.05999983102083 9.990000408142805 -0.49999892339110374 -23.469999700784683 11.44000056758523 20 58 71 34 17 45 37 22 15 9 23 25 35 14 8 11 15 15 6 17 6 1 6 9 8 8 2 6 11 5 9 6 8 7 4 17 1 8 3041.389994457364 5481.539995327592 1941.5699972510338 862.6500009745359 1671.849996805191 3539.969998076558 2405.560000151396 1134.4099979251623 166.9400019645691 895.2499923408031 1106.5600004941225 2711.669999986887 1774.3800002783537 541.9899958521128 496.14999797940254 1090.6199989020824 1134.4099979251623 487.3900031745434 862.6500009745359 252.48999935388565 0.7500000149011612 350.9799980074167 783.4299999177456 245.77000115811825 631.1799998730421 55.98999984562397 695.9700017124414 553.6700026541948 486.6400031596422 682.5800006389618 408.03999826312065 1078.4099985659122 293.7099999785423 202.43999800086021 642.7599929869175 262.0799994468689 354.8000003695488 755.6800009161234 7422.959991618991 8690.619991764426 7.000001752749085 -55.36999974027276 9.25000068359077 -4.979998344555497 -36.329999536275864 11.01000083051622 20 70 92 44 20 57 48 29 19 14 25 39 40 20 10 20 16 19 6 20 7 1 7 12 11 9 3 10 15 5 10 6 10 14 6 18 1 8 3847.3500032126904 8067.860004842281 2920.4199996888638 1111.0400010794401 2371.5100057274103 5147.440005153418 3473.330008715391 1674.1099964380264 411.68000316619873 1026.5399941056967 2402.4800087958574 3257.9299985915422 2726.840006992221 644.6399967819452 1468.4400003254414 1097.1799989938736 1674.1099964380264 487.3900031745434 1111.0400010794401 379.780001103878 0.7500000149011612 515.9399967640638 1158.1699996739626 494.1600012630224 746.4900017231703 68.15999956429005 1347.5200069397688 865.1300088912249 486.6400031596422 689.140000730753 408.03999826312065 1379.320000052452 1037.0400013923645 431.39999893307686 646.7599930018187 262.0799994468689 354.8000003695488 1355.9100067019463 10091.800004810095 12327.640011236072 10.000002218410373 -70.75999967008829 13.06000085733831 -2.7199978176504374 -48.699999429285526 15.280001087114215
21 0 1 1 0 0 0 0 0 0 0 1 0 0 0 1 0 0 0 0 0 0 0 0 0 0 0 0 0 0 0 0 0 0 1 0 0 0 0 56.93999993801117 56.93999993801117 0 0 0 0 0 0 0 56.93999993801117 0 0 0 56.93999993801117 0 0 0 0 0 0 0 0 0 0 0 0 0 0 0 0 0 0 56.93999993801117 0 0 0 0.38999998569488525 50.03999972343445 56.93999993801117 -7.450580596923828e-9 -0.3999999985098839 -1.4901161193847656e-8 -0.5200000107288361 -0.4699999988079071 -0.14000001549720764 21 4 8 6 2 4 2 2 0 0 2 4 2 2 0 2 2 0 0 2 1 0 0 0 0 0 0 1 2 0 1 1 1 0 2 1 0 2 75.53999981284142 529.8500008881092 227.33000038564205 9.019999772310257 75.53999981284142 302.52000050246716 302.52000050246716 0 0 29.31999969482422 139.21000009775162 125.32000063359737 302.52000050246716 0 92.98999997973442 125.32000063359737 0 0 9.019999772310257 23.52999973297119 0 0 0 0 0 0 175.60000148415565 46.2200001180172 0 47.800000101327896 77.52000053226948 126.9199990183115 0 92.98999997973442 5.789999961853027 0 9.019999772310257 62.65000048279762 506.2600000798702 605.3900007009506 2.0000000670552254 -4.799999982118607 1.9999999776482582 -3.089999958872795 -4.469999939203262 0.5299999564886093 21 15 16 8 8 10 8 5 3 1 4 8 6 4 1 2 3 3 1 8 1 1 0 3 5 1 1 2 4 0 1 2 2 0 2 3 0 3 284.62000043690205 1257.54000005126 334.87000073492527 209.21000063419342 161.56000018119812 922.6699993163347 665.3399989306927 257.33000038564205 0.0 56.760000228881836 198.53999994695187 382.7900010198355 552.2899999767542 30.269999742507935 92.98999997973442 125.46000063419342 257.33000038564205 0.7500000149011612 209.21000063419342 23.52999973297119 0.7500000149011612 0 257.33000038564205 92.79000051319599 113.04999895393848 55.98999984562397 280.83000142872334 48.810000106692314 0 47.800000101327896 77.66000053286552 271.45999854803085 0 92.98999997973442 33.230000495910645 0 116.42000012099743 126.87000085413456 1340.3499997109175 1542.9100005030632 2.000000361353159 -13.159999944269657 2.270000111311674 -5.2099996618926525 -10.429999858140945 1.3500001318752766 21 33 36 19 15 26 17 12 5 3 11 19 12 7 1 6 6 5 2 15 3 1 1 4 7 5 2 2 10 1 3 3 5 3 3 8 1 7 1309.5300013571978 2431.219999462366 845.7300001531839 618.3800009191036 838.6800014674664 1585.4899993091822 1279.9199988245964 305.57000048458576 57.570001408457756 327.909998729825 723.3800004571676 761.6400021612644 974.3999998867512 30.269999742507935 269.4299991130829 367.01999989151955 305.57000048458576 89.80000180006027 618.3800009191036 127.41999959945679 0.7500000149011612 0.7300000190734863 304.8400004655123 147.02000032365322 305.51999893784523 55.98999984562397 280.83000142872334 397.2100014835596 89.05000178515911 206.51999947428703 160.5000004172325 693.5699984580278 131.3499998152256 138.07999929785728 200.48999913036823 262.0799994468689 209.2800011485815 372.9800028949976 3224.17000028491 3799.070002242923 7.000000709667802 -29.33999988436699 7.45000016130507 -2.699999326840043 -19.239999752491713 7.510000275447965 21 52 65 33 16 40 32 21 11 8 19 28 28 13 6 14 12 11 6 16 4 1 3 8 8 8 2 6 11 5 7 5 7 10 4 15 1 7 2735.0099970400333 4962.600006625056 1952.6300003826618 824.1900007426739 1375.9699994176626 3009.9700062423944 2250.8600050359964 759.110001206398 117.76000189781189 623.2699930071831 1544.0500055402517 2080.7400025874376 1619.6800051629543 375.249996766448 908.3600010126829 834.9899982213974 759.110001206398 487.3900031745434 824.1900007426739 149.58999913930893 0.7500000149011612 128.59999965131283 630.5100015550852 352.8300001472235 631.1799998730421 55.98999984562397 766.1400061100721 578.9500046670437 486.6400031596422 494.9099999368191 340.0799982845783 853.5399990528822 645.4000020176172 262.9599989950657 473.67999386787415 262.0799994468689 209.2800011485815 704.8900043517351 6627.350001990795 7816.120005577803 10.000001477077603 -50.33999977260828 11.800000512972474 -4.129998607560992 -34.06999958306551 11.650000656023622 21 70 85 42 19 56 43 28 15 13 25 36 38 19 10 17 17 15 7 19 7 1 5 10 10 9 3 10 15 6 11 6 9 12 5 18 1 8 4168.320000842214 7435.150003507733 2801.1599992215633 1072.840000808239 2456.970004081726 4633.99000428617 3404.700007647276 1229.289996638894 370.990002989769 1152.6899926364422 2136.0700072944164 3193.2799991965294 2658.2100059241056 644.6399967819452 1202.0299988240004 1244.3300000280142 1229.289996638894 720.4100025445223 1072.840000808239 359.4499995112419 0.7500000149011612 287.48999811708927 941.7999985218048 455.9600009918213 746.4900017231703 68.15999956429005 1436.6100061237812 865.1300088912249 719.6600025296211 836.2900017648935 408.03999826312065 1221.5999998003244 874.7100011259317 327.3199976980686 793.2399931252003 262.0799994468689 354.8000003695488 1273.1000048816204 9780.190002009273 11975.210007354617 14.000002088025212 -67.15999970212579 15.970000771805644 -0.4299979116767645 -48.50999944284558 17.450000992044806
22 1 0 0 0 1 0 0 0 0 0 1 0 0 0 0 0 0 0 0 0 0 0 0 0 0 0 0 1 0 0 0 0 0 0 0 0 0 43.780000165104866 0 0 0 43.780000165104866 0 0 0 0 0 43.780000165104866 0 0 0 0 0 0 0 0 0 0 0 0 0 0 0 0 43.780000165104866 0 0 0 0 0 0 0 0 0 0.20000000298023224 42.420000195503235 43.780000165104866 7.450580596923828e-9 -0.3999999985098839 0.0 -0.3799999952316284 -0.4699999988079071 0.0 22 6 9 6 4 4 3 3 0 0 1 4 2 3 1 1 2 0 0 4 1 0 0 0 1 0 0 1 3 0 1 1 2 0 1 0 0 3 143.1499991118908 760.4100017845631 298.680000692606 159.5499996393919 69.74999985098839 461.7300010919571 461.7300010919571 0 0 23.52999973297119 103.16000005602837 125.32000063359737 461.7300010919571 30.269999742507935 56.93999993801117 125.32000063359737 0 0 159.5499996393919 23.52999973297119 0 0 0 43.12999951839447 0 0 175.60000148415565 46.2200001180172 0 47.800000101327896 77.52000053226948 286.12999960780144 0 56.93999993801117 0 0 116.42000012099743 67.87000085413456 800.6600001603365 903.5600008964539 3.0000001154839993 -5.869999971240759 3.1799999997019768 -1.8699999302625656 -3.9999999403953552 1.4099999815225601 22 16 22 13 9 11 9 6 3 0 4 11 8 3 1 3 5 3 1 9 1 1 0 3 4 3 2 1 5 0 2 3 2 1 2 3 0 5 348.01000140607357 1430.4200011491776 503.0000002682209 212.46000047028065 227.53000111877918 927.4200008809566 670.0900004953146 257.33000038564205 0 31.859999611973763 349.9000028818846 484.59999936819077 461.7300010919571 30.269999742507935 153.480001360178 227.2699989825487 257.33000038564205 0.7500000149011612 212.46000047028065 23.52999973297119 0.7500000149011612 0 257.33000038564205 90.21000054478645 208.3599994033575 55.98999984562397 175.60000148415565 139.68000166118145 0 90.22000047564507 137.04999850690365 286.12999960780144 60.49000138044357 92.98999997973442 8.329999879002571 0 122.2499999254942 151.3000010550022 1546.9700017273426 1779.1800025701523 3.000000361353159 -15.469999935477972 3.180000066757202 -6.389999661594629 -11.879999846220016 1.840000119060278 22 33 47 26 14 29 21 15 6 5 13 22 16 9 1 10 9 6 2 14 2 1 2 4 7 6 2 4 9 1 6 3 5 7 3 11 0 7 994.009998485446 3422.640002325177 1357.18000125885 356.3000014722347 803.509998485446 2065.460001066327 1668.800001218915 396.6599998474121 84.49000160396099 344.849996432662 950.8300020098686 1066.349999949336 1256.4200006127357 30.269999742507935 575.9100015461445 571.9899985641241 396.6599998474121 98.450001552701 356.3000014722347 45.699999272823334 0.7500000149011612 74.01999939978123 322.6400004476309 147.02000032365322 412.38000060617924 55.98999984562397 428.2200031876564 318.180000603199 97.70000153779984 434.94000005722046 137.04999850690365 828.1999974250793 358.04000186920166 217.86999967694283 299.1499971598387 0 209.2800011485815 428.72000236809254 3807.5700007230043 4501.890002429485 9.00000086799264 -34.719999864697456 9.630000222474337 -1.7399991899728775 -23.099999725818634 10.720000341534615 22 50 70 36 16 41 34 22 12 9 19 28 30 14 6 14 14 12 5 16 5 1 4 8 7 8 2 6 11 4 8 6 8 10 4 14 1 8 2455.279996484518 5703.330003082752 2374.190000846982 763.9000001400709 1448.309999704361 3329.14000223577 2475.7300045490265 853.4099976867437 193.12000238895416 620.2499928027391 1544.0500055402517 2380.179999783635 1844.5500046759844 375.249996766448 908.3600010126829 1111.0299994647503 853.4099976867437 416.4900026470423 763.9000001400709 184.54999843239784 0.7500000149011612 216.28999806940556 637.1199996173382 147.02000032365322 631.1799998730421 55.98999984562397 766.1400061100721 578.9500046670437 415.7400026321411 702.9900012016296 408.03999826312065 1078.4099985659122 645.4000020176172 262.9599989950657 435.6999943703413 262.0799994468689 354.8000003695488 756.4000050872564 7034.749996855855 8352.480001971126 10.000001525506377 -52.029999766498804 11.890000531449914 -2.849998513236642 -35.89999957755208 12.850000718608499 22 65 82 42 18 49 40 24 16 11 24 33 38 16 11 18 16 16 7 18 6 1 6 10 9 8 2 8 12 6 10 6 8 13 5 18 1 8 4163.99999769032 7031.460002109408 2917.559999912977 1068.4600007981062 2141.050001218915 4113.900002196431 2821.1200056672096 1292.7799965292215 303.9200030565262 1045.729992479086 2117.1400053054094 3250.2099989950657 2189.9400057941675 893.5499965697527 1324.9899996072054 1237.769999936223 1292.7799965292215 720.4100025445223 1068.4600007981062 252.48999935388565 0.7500000149011612 350.9799980074167 941.7999985218048 451.5800009816885 631.1799998730421 55.98999984562397 1111.5300072282553 735.4100058376789 719.6600025296211 829.7300016731024 408.03999826312065 1078.4099985659122 997.6700019091368 327.3199976980686 793.2399931252003 262.0799994468689 354.8000003695488 1192.10000243783 9451.670002043247 11500.130002871156 9.000001965090632 -62.84999971091747 10.97000071965158 -6.089998008683324 -48.199999429285526 13.70000091008842
23 1 0 0 0 1 0 0 0 0 0 1 0 0 0 0 0 0 0 0 0 0 0 0 0 0 0 0 1 0 0 0 0 0 0 0 0 0 2.4399999529123306 0 0 0 2.4399999529123306 0 0 0 0 0 2.4399999529123306 0 0 0 0 0 0 0 0 0 0 0 0 0 0 0 0 2.4399999529123306 0 0 0 0 0 0 0 0 0 0.3700000047683716 2.069999948143959 2.4399999529123306 7.450580596923828e-9 -0.3999999985098839 0.0 -0.7800000011920929 -0.5099999904632568 -0.27000001072883606 23 9 10 8 5 6 2 2 0 0 2 7 3 1 1 2 3 0 1 5 1 1 0 0 2 1 0 1 4 0 1 2 0 0 2 1 0 3 175.55999979376793 413.7100017517805 228.35000038146973 80.89000004529953 74.29999977350235 185.36000137031078 185.36000137031078 0 0 25.489999666810036 142.5500001013279 125.46000063419342 175.60000148415565 30.269999742507935 92.98999997973442 125.46000063419342 0 0.7500000149011612 80.89000004529953 23.52999973297119 0.7500000149011612 0 0 70.99000027775764 9.759999886155128 0 175.60000148415565 48.810000106692314 0 47.800000101327896 77.66000053286552 0 0 92.98999997973442 1.9599999338388443 0 9.899999767541885 88.3700011074543 466.6300000399351 590.0200015604496 2.0000001192092896 -7.869999963790178 2.179999966174364 -4.119999900460243 -7.449999898672104 1.2399999648332596 23 22 30 17 12 16 13 10 3 1 6 16 8 6 1 6 5 3 1 12 1 1 1 2 6 4 2 3 7 0 3 2 3 4 2 5 0 6 450.0200010985136 1863.6100009828806 748.6399998366833 251.58000062406063 331.35000075399876 1114.9700011461973 915.2900012880564 199.67999985814095 4.389999911189079 48.51999916136265 584.8600014150143 483.8599998652935 697.1700019985437 30.269999742507935 305.6699997186661 284.18000000715256 199.67999985814095 0.7500000149011612 251.58000062406063 23.52999973297119 0.7500000149011612 0.7300000190734863 198.94999983906746 92.79000051319599 218.11999928951263 55.98999984562397 320.80000184476376 222.45000183582306 0 206.51999947428703 77.66000053286552 376.37000015378 212.67999973893166 92.98999997973442 24.989999428391457 0 158.79000011086464 219.69000136852264 1970.8400011658669 2318.7700020074844 7.0000004991889 -21.55999991297722 7.270000092685223 -1.119999498128891 -14.899999797344208 8.390000194311142 23 34 55 27 14 29 28 18 10 7 12 20 24 11 2 9 11 10 4 14 2 1 3 7 7 7 2 4 8 3 5 6 7 6 3 10 0 7 1028.530001103878 3861.6699983477592 1340.539999216795 356.3000014722347 609.370000615716 2521.1299991309643 1804.10000012815 717.0299990028143 111.09000174701214 216.4799971729517 656.5400012731552 1732.6600002795458 1304.3199998736382 124.86999914050102 373.9899995625019 757.2699985057116 717.0299990028143 259.1100027859211 356.3000014722347 58.489999026060104 0.7500000149011612 145.21999944746494 571.8099995553493 147.02000032365322 499.78000025451183 55.98999984562397 450.78000082075596 225.81000185012817 258.36000277101994 349.2300002425909 408.03999826312065 853.5399990528822 235.91000026464462 138.07999929785728 157.9899981468916 0 209.2800011485815 386.80000108480453 4342.829999908805 5002.040001213551 8.000001169741154 -39.16999984160066 8.990000437945127 -2.539998911321163 -23.999999690800905 10.020000573247671 23 51 69 33 16 40 36 22 14 8 20 25 31 14 7 12 13 14 5 16 5 1 5 9 8 8 2 6 10 4 7 6 8 8 4 15 0 8 2160.319995969534 5449.759999036789 1997.4799993783236 600.570001527667 1318.0799959897995 3452.2799996584654 2405.560000151396 1046.7199995070696 160.27000181376934 704.6099928468466 1132.7500019222498 2339.8600012362003 1774.3800002783537 427.47999733686447 678.800000578165 963.8799984306097 1046.7199995070696 330.0100033134222 600.570001527667 184.54999843239784 0.7500000149011612 263.289999589324 783.4299999177456 245.77000115811825 631.1799998730421 55.98999984562397 695.9700017124414 397.2100014835596 329.26000329852104 555.840000167489 408.03999826312065 1078.4099985659122 415.84000158309937 262.9599989950657 520.0599944144487 0 354.8000003695488 698.8800010681152 6607.2999961823225 7771.099996834993 8.00000162050128 -51.40999976173043 9.980000630021095 -3.8999984450638294 -34.52999956533313 12.160000793635845 23 67 89 43 18 56 46 27 19 13 26 37 40 19 9 19 16 19 6 18 8 1 7 12 9 8 4 10 13 5 10 6 9 14 5 18 1 8 3671.660002693534 7831.340002447367 2956.929999396205 867.0300009846687 2402.930004492402 4874.410003051162 3200.3000066131353 1674.1099964380264 355.2000021934509 1084.6199940294027 2328.2200073748827 3398.5199995338917 2569.1200067400932 625.0599966198206 1364.3599990904331 1237.769999936223 1674.1099964380264 487.3900031745434 867.0300009846687 437.8600010275841 0.7500000149011612 515.9399967640638 1158.1699996739626 250.15000116825104 631.1799998730421 217.8000022917986 1347.5200069397688 745.3100059777498 486.6400031596422 829.7300016731024 408.03999826312065 1221.5999998003244 1037.0400013923645 327.3199976980686 646.7599930018187 262.0799994468689 354.8000003695488 1286.790005683899 9692.94000184536 11858.950007349253 8.000002140179276 -67.99999968707561 10.790000835433602 -5.689997838810086 -48.71999942138791 13.530001075938344
24 0 1 1 0 0 0 0 0 0 0 0 1 0 0 0 1 0 0 0 0 0 0 0 0 0 0 0 0 0 1 0 0 0 0 0 0 0 0 47.800000101327896 47.800000101327896 0 0 0 0 0 0 0 0 47.800000101327896 0 0 0 47.800000101327896 0 0 0 0 0 0 0 0 0 0 0 0 0 47.800000101327896 0 0 0 0 0 0 0 11.359999656677246 36.44000044465065 47.800000101327896 7.450580596923828e-9 -0.3999999985098839 0.0 -0.5099999904632568 -0.5099999904632568 0.0 24 5 9 6 3 3 3 2 1 0 1 6 2 1 1 3 1 1 1 3 1 1 0 1 1 1 0 1 2 0 1 0 0 1 2 0 0 2 127.8800003528595 619.8300005346537 210.30000123381615 36.88000053167343 69.74999985098839 409.5299993008375 288.65000043809414 120.87999886274338 0 23.52999973297119 200.45000149309635 168.67999896407127 175.60000148415565 30.269999742507935 153.480001360178 47.800000101327896 120.87999886274338 0.7500000149011612 36.88000053167343 23.52999973297119 0.7500000149011612 0 120.87999886274338 27.860000759363174 113.04999895393848 0 175.60000148415565 46.2200001180172 0 47.800000101327896 0 0 60.49000138044357 92.98999997973442 0 0 9.019999772310257 78.56000128388405 620.2599995583296 748.4600009024143 1.0000001154839993 -5.869999971240759 1.1799999997019768 -3.4599998891353607 -5.959999918937683 0.6299999952316284 24 14 20 12 7 10 8 5 3 1 3 12 7 3 1 5 4 3 1 7 1 1 0 3 4 2 1 2 5 0 3 1 1 3 2 2 0 3 293.39999954402447 1401.81999912858 624.799999922514 209.21000063419342 223.52000078558922 777.0199992060661 530.5599992871284 246.45999991893768 53.18000149726868 31.279999628663063 364.14999946951866 530.4999999254942 407.75000044703484 30.269999742507935 224.33999979496002 284.0400000065565 246.45999991893768 0.7500000149011612 209.21000063419342 23.52999973297119 0.7500000149011612 0 246.45999991893768 92.79000051319599 122.80999884009361 55.98999984562397 280.83000142872334 83.06999981403351 0 206.51999947428703 77.52000053226948 126.9199990183115 131.3499998152256 92.98999997973442 7.749999895691872 0 116.42000012099743 178.5700018554926 1454.0599988400936 1749.1500001847744 2.0000003464519978 -14.359999939799309 2.270000074058771 -4.839999638497829 -11.429999846965075 1.7400001250207424 24 28 38 18 12 22 20 14 6 4 8 17 14 10 2 6 6 6 3 12 1 1 1 5 6 4 2 4 8 2 3 3 6 4 2 7 0 6 756.6900033056736 2779.589999422431 868.829999729991 251.58000062406063 490.97000244259834 1910.75999969244 1458.8799989074469 451.8800007849932 111.89000110328197 97.27999964356422 588.2200014293194 1016.2000029981136 1240.7599996179342 124.86999914050102 305.6699997186661 404.36999990046024 451.8800007849932 160.70000232756138 251.58000062406063 23.52999973297119 0.7500000149011612 0.7300000190734863 451.1500007659197 92.79000051319599 218.11999928951263 55.98999984562397 450.78000082075596 225.81000185012817 159.95000231266022 206.51999947428703 197.8500004261732 789.9799987971783 212.67999973893166 92.98999997973442 73.74999991059303 0 158.79000011086464 345.4100006967783 3108.2500030994415 3648.9200038462877 8.000000834465027 -28.49999988079071 8.720000296831131 -1.6799991875886917 -19.189999736845493 9.320000402629375 24 51 64 31 16 41 33 21 12 8 19 26 29 14 5 11 13 12 5 16 5 1 4 8 8 7 3 6 11 4 7 6 8 8 3 14 1 7 2099.979996934533 4689.100004091859 1705.8599999696016 622.7600009292364 1214.189995855093 2983.2400041222572 2152.9300028681755 830.3100012540817 165.41000144183636 573.5099932253361 1088.5900010466576 2043.580003529787 1653.1500026136637 308.4599994421005 612.5699998438358 884.0099989771843 830.3100012540817 330.0100033134222 622.7600009292364 184.54999843239784 0.7500000149011612 199.79999969899654 630.5100015550852 151.400000333786 499.78000025451183 68.15999956429005 656.4200023263693 407.1100016236305 329.26000329852104 475.97000071406364 408.03999826312065 996.7300002872944 474.49000054597855 138.07999929785728 388.95999479293823 262.0799994468689 209.2800011485815 635.8800020366907 5889.1699995696545 6955.2400024831295 9.000001506879926 -49.66999978199601 10.620000561699271 -4.959998583421111 -32.77999959513545 10.820000713691115 24 77 84 39 22 60 45 28 17 13 26 37 38 19 11 15 16 17 6 22 7 1 7 10 13 9 6 9 15 5 10 6 10 10 5 19 1 8 4068.27000400424 7054.3800047189 2424.6999990791082 1215.2100030630827 2301.4500058442354 4629.6800056397915 3324.860008135438 1304.8199975043535 344.8100025653839 957.7599922865629 1972.3500107228756 2888.6399996578693 2578.3700064122677 764.5799948722124 972.7199997156858 1097.1799989938736 1304.8199975043535 487.3900031745434 1215.2100030630827 310.5699992775917 0.7500000149011612 443.1699969917536 861.6500005126 598.330003246665 746.4900017231703 235.46000216901302 1199.0500063598156 763.4200088232756 486.6400031596422 689.140000730753 408.03999826312065 1379.320000052452 645.4000020176172 327.3199976980686 647.1899930089712 262.0799994468689 354.8000003695488 1189.5700037777424 9496.140006244183 11468.210011303425 11.00000218860805 -69.73999966681004 14.150000838562846 -2.1299979221075773 -45.129999447613955 16.030001049861312
25 0 1 0 0 0 1 1 0 0 0 0 0 1 0 0 0 0 0 0 0 0 0 0 0 0 0 1 0 0 0 0 0 0 0 0 0 0 0 175.60000148415565 0 0 0 175.60000148415565 175.60000148415565 0 0 0 0 0 175.60000148415565 0 0 0 0 0 0 0 0 0 0 0 0 0 175.60000148415565 0 0 0 0 0 0 0 0 0 0 28.030000686645508 139.61000075936317 175.60000148415565 1.0000000298023224 -0.3999999985098839 1.0000000223517418 0.5800000354647636 -0.5099999904632568 1.0000000223517418 25 4 4 3 1 3 1 1 0 0 1 3 1 1 1 1 1 0 0 1 1 0 0 0 0 0 0 1 2 0 1 0 0 0 1 0 0 1 100.01999959349632 287.94000132381916 112.3399998396635 7.59999980032444 69.74999985098839 175.60000148415565 175.60000148415565 0 0 23.52999973297119 103.16000005602837 47.800000101327896 175.60000148415565 30.269999742507935 56.93999993801117 47.800000101327896 0 0 7.59999980032444 23.52999973297119 0 0 0 0 0 0 175.60000148415565 46.2200001180172 0 47.800000101327896 0 0 0 56.93999993801117 0 0 7.59999980032444 42.85000039637089 326.15000036358833 387.9600009173155 1.000000063329935 -3.0699999816715717 1.1799999997019768 -1.699999950826168 -2.9799999594688416 0.9199999943375587 25 10 14 9 5 7 5 3 2 0 3 8 5 2 1 3 3 2 1 5 1 1 0 2 2 1 0 1 4 0 2 1 1 1 2 2 0 3 181.34999975562096 1052.160001784563 437.64000248908997 187.41000039875507 80.08999973535538 614.5199992954731 415.56999945640564 198.94999983906746 0 31.279999628663063 203.04000148177147 366.690000846982 302.52000050246716 30.269999742507935 153.480001360178 167.74000100791454 198.94999983906746 0.7500000149011612 187.41000039875507 23.52999973297119 0.7500000149011612 0 198.94999983906746 70.99000027775764 113.04999895393848 0 175.60000148415565 48.810000106692314 0 90.22000047564507 77.52000053226948 126.9199990183115 60.49000138044357 92.98999997973442 7.749999895691872 0 116.42000012099743 89.4800011664629 1075.7400007098913 1234.2600015550852 1.0000002197921276 -9.869999956339598 1.1800000295042992 -6.9299997836351395 -8.979999870061874 -0.3999999612569809 25 24 35 21 13 17 14 9 5 1 7 19 11 5 1 9 6 5 1 13 2 1 1 4 6 4 2 2 7 0 3 3 3 7 2 5 1 6 935.4899999946356 2455.7100021094084 1220.5200017690659 513.6600000709295 603.5300017893314 1235.1900003403425 929.6199998557568 305.57000048458576 53.18000149726868 271.90999861061573 936.5500034540892 709.940000385046 711.5000005662441 30.269999742507935 657.360001757741 404.36999990046024 305.57000048458576 0.7500000149011612 513.6600000709295 121.68999969959259 0.7500000149011612 0.7300000190734863 304.8400004655123 92.79000051319599 218.11999928951263 55.98999984562397 280.83000142872334 222.45000183582306 0 206.51999947428703 197.8500004261732 430.6699991375208 564.3700017780066 92.98999997973442 150.21999891102314 262.0799994468689 158.79000011086464 389.080004170537 2823.8800006508827 3445.130003616214 4.000000542029738 -24.359999902546406 4.270000083371997 -2.919999474659562 -16.7999997921288 5.8700001779943705 25 43 61 32 16 36 29 21 8 8 15 27 24 14 2 13 12 8 5 16 3 1 2 6 8 7 2 7 11 4 7 5 7 9 4 12 1 7 2269.7600030601025 4801.69000685215 1894.8300006687641 824.1900007426739 1396.1900033056736 2906.860006183386 2316.380005955696 590.4800002276897 195.47000227868557 565.7799965143204 1486.250005826354 1754.7300017476082 1816.6000057011843 124.86999914050102 850.5600012987852 834.9899982213974 590.4800002276897 330.0100033134222 824.1900007426739 228.64999985694885 0.7500000149011612 74.01999939978123 516.4600008279085 352.8300001472235 499.78000025451183 55.98999984562397 963.0600066483021 578.9500046670437 329.26000329852104 494.9099999368191 340.0799982845783 853.5399990528822 587.6000023037195 262.9599989950657 337.1299966573715 262.0799994468689 209.2800011485815 732.7300038784742 6087.680008485913 7267.670012205839 13.000001253560185 -45.65999981760979 14.080000402405858 -0.3599987979978323 -31.269999630749226 13.340000541880727 25 67 81 39 18 53 42 27 15 12 24 32 37 18 11 14 17 15 6 18 6 1 5 10 9 9 3 9 14 5 11 6 9 10 4 18 1 8 3759.809996187687 6997.510005682707 2507.490001410246 974.089999973774 2141.57000246644 4490.020004272461 3256.2300070673227 1233.7899972051382 295.6300024986267 1069.1099926829338 1685.9400083124638 2964.7600003927946 2509.7400053441525 807.939993456006 908.3600010126829 1244.3300000280142 1233.7899972051382 487.3900031745434 974.089999973774 291.5099985897541 0.7500000149011612 291.9899986833334 941.7999985218048 357.21000015735626 746.4900017231703 68.15999956429005 1288.140005543828 708.6700077205896 486.6400031596422 836.2900017648935 408.03999826312065 1221.5999998003244 645.4000020176172 262.9599989950657 777.5999940931797 262.0799994468689 354.8000003695488 1160.6100053489208 9117.969998583198 11053.700004383922 12.000002020969987 -64.04999968782067 15.060000775381923 -1.4499980229884386 -44.419999450445175 16.14000096730888
26 1 0 0 0 1 0 0 0 0 1 0 0 0 0 0 0 0 0 0 1 0 0 0 0 0 0 0 0 0 0 0 0 0 0 0 0 0 23.52999973297119 0 0 0 23.52999973297119 0 0 0 0 23.52999973297119 0 0 0 0 0 0 0 0 0 23.52999973297119 0 0 0 0 0 0 0 0 0 0 0 0 0 0 0 0 0 0.0 20.199999809265137 23.52999973297119 7.450580596923828e-9 -0.3999999985098839 0.0 0.0 0.0 -0.09000000357627869 26 5 5 3 1 4 2 1 1 0 1 4 2 1 1 1 1 1 0 1 1 0 0 1 0 0 0 1 3 0 1 0 0 0 1 0 0 1 100.01999959349632 465.810002848506 212.14000038802624 107.40000034868717 69.74999985098839 253.67000246047974 175.60000148415565 78.07000097632408 0 23.52999973297119 103.16000005602837 125.87000107765198 175.60000148415565 30.269999742507935 56.93999993801117 47.800000101327896 78.07000097632408 0 107.40000034868717 23.52999973297119 0 0 78.07000097632408 0 0 0 175.60000148415565 46.2200001180172 0 47.800000101327896 0 0 0 56.93999993801117 0 0 107.40000034868717 43.850000232458115 503.0200020521879 565.8300024420023 1.0803341865539551e-7 -3.8699999786913395 0.18000002950429916 -2.939999930560589 -2.9799999594688416 -0.31999998539686203 26 9 17 10 6 6 7 5 2 0 2 8 5 3 1 3 3 2 1 6 1 1 0 2 2 2 0 1 4 0 2 1 2 1 2 1 0 4 263.84000135958195 1272.4600023031235 516.4700009226799 192.3600002080202 162.58000133931637 755.9900013804436 557.0400015413761 198.94999983906746 0 25.489999666810036 291.3200030475855 440.5699994713068 461.7300010919571 30.269999742507935 153.480001360178 241.61999963223934 198.94999983906746 0.7500000149011612 192.3600002080202 23.52999973297119 0.7500000149011612 0 198.94999983906746 70.99000027775764 95.31000044941902 0 175.60000148415565 137.09000167250633 0 164.09999909996986 77.52000053226948 286.12999960780144 60.49000138044357 92.98999997973442 1.9599999338388443 0 121.36999993026257 124.6400014013052 1334.5400023013353 1537.0500036776066 3.0000002458691597 -10.669999953359365 3.18000004068017 -3.859999790787697 -7.489999890327454 1.3100000470876694 26 20 36 21 13 14 15 10 5 1 4 17 12 5 1 7 7 5 1 13 1 1 2 3 6 5 2 3 7 0 4 3 2 5 2 3 0 7 433.3600015491247 2365.6600043028593 1080.690002039075 302.0700016617775 363.48000279068947 1284.9700022637844 953.6200024783611 331.3499997854233 53.18000149726868 31.859999611973763 706.9900030195713 774.9599993526936 606.9300014525652 30.269999742507935 427.8000013232231 443.6099995672703 331.3499997854233 0.7500000149011612 302.0700016617775 23.52999973297119 0.7500000149011612 74.01999939978123 257.33000038564205 92.79000051319599 346.69000102579594 55.98999984562397 320.80000184476376 222.45000183582306 0 306.56000106036663 137.04999850690365 286.12999960780144 334.8100013434887 92.98999997973442 8.329999879002571 0 209.2800011485815 263.34000247716904 2423.740005373955 2852.950007364154 5.000000558793545 -23.159999907016754 5.270000122487545 -2.0699994526803493 -15.319999795407057 6.5700002163648605 26 40 61 33 16 34 28 21 7 7 15 26 22 14 2 13 12 7 4 16 4 1 2 5 7 7 2 6 10 3 7 5 8 9 4 11 1 8 1826.2100010067225 4874.900005072355 2086.4000002145767 763.9000001400709 1144.9700010716915 2788.5000048577785 2344.330004930496 444.16999992728233 111.09000174701214 477.9699956923723 1407.2200049459934 1583.570001244545 1844.5500046759844 124.86999914050102 850.5600012987852 881.0399985462427 444.16999992728233 259.1100027859211 763.9000001400709 178.81999853253365 0.7500000149011612 74.01999939978123 370.1500005275011 147.02000032365322 499.78000025451183 55.98999984562397 766.1400061100721 499.9200037866831 258.36000277101994 555.840000167489 325.19999837875366 1078.4099985659122 587.6000023037195 262.9599989950657 299.1499971598387 262.0799994468689 354.8000003695488 619.5400046110153 5771.900003418326 6812.950007840991 14.000001152977347 -43.96999982371926 14.990000331774354 0.14000110141932964 -30.159999649971724 14.460000479593873 26 61 77 39 17 46 38 23 15 10 23 30 35 15 11 16 15 15 6 17 5 1 6 9 8 8 2 7 11 5 9 6 8 12 4 18 1 8 3629.059993684292 6469.880003675818 2675.5200010091066 969.7099999636412 1844.5299991220236 3794.360002666712 2659.9500047415495 1134.4099979251623 247.44000208377838 962.1499925255775 1785.4100058227777 2792.0500004291534 2028.7700048685074 930.419993892312 1149.720001295209 1170.999999344349 1134.4099979251623 487.3900031745434 969.7099999636412 184.54999843239784 0.7500000149011612 350.9799980074167 783.4299999177456 352.8300001472235 631.1799998730421 55.98999984562397 950.3600063025951 578.9500046670437 486.6400031596422 762.9600010812283 408.03999826312065 1078.4099985659122 886.7600023001432 262.9599989950657 777.5999940931797 262.0799994468689 354.8000003695488 1058.370001733303 8581.089998796582 10347.12999945879 8.000001830980182 -59.06999970600009 10.880000675097108 -5.599998200312257 -43.44999947026372 13.420000845566392
27 1 0 0 0 0 0 0 0 0 0 0 0 0 1 0 0 0 0 0 0 0 0 0 0 0 0 0 0 0 0 0 0 0 0 0 0 0 30.269999742507935 0 0 0 0 0 0 0 0 0 0 0 0 30.269999742507935 0 0 0 0 0 0 0 0 0 0 0 0 0 0 0 0 0 0 0 0 0 0 0 0.18000000715255737 30.089999735355377 30.269999742507935 1.862645149230957e-8 -0.26999999210238457 0.18000000715255737 -0.23999997973442078 -0.5099999904632568 0.27000001072883606 27 8 7 3 2 6 4 3 1 0 2 5 2 1 1 1 1 1 0 2 1 0 0 1 1 2 0 1 4 0 1 0 0 1 0 1 0 1 220.71000184118748 564.6700047403574 215.69000183045864 135.26000110805035 162.58000133931637 348.98000290989876 270.9100019335747 78.07000097632408 0 25.489999666810036 197.5800030529499 125.87000107765198 175.60000148415565 30.269999742507935 60.49000138044357 47.800000101327896 78.07000097632408 0 135.26000110805035 23.52999973297119 0 0 78.07000097632408 27.860000759363174 95.31000044941902 0 175.60000148415565 137.09000167250633 0 47.800000101327896 0 0 60.49000138044357 0 1.9599999338388443 0 107.40000034868717 71.84000101685524 684.7400054931641 785.3800065815449 2.0000001713633537 -5.869999971240759 2.1800000555813313 -1.0499998852610588 -3.4899999499320984 1.6800000444054604 27 12 26 16 7 9 10 8 2 0 2 14 7 3 1 6 5 2 1 7 1 1 0 2 2 5 1 2 6 0 3 2 1 4 2 1 0 5 314.9400018155575 1691.7700009793043 771.3499976247549 193.24000020325184 213.6800017952919 920.4200033545494 721.470003515482 198.94999983906746 0 25.489999666810036 494.6100018620491 542.3799978196621 374.780002489686 30.269999742507935 305.6699997186661 343.42999798059464 198.94999983906746 0.7500000149011612 193.24000020325184 23.52999973297119 0.7500000149011612 0 198.94999983906746 70.99000027775764 346.69000102579594 0.0 215.57000190019608 188.19000212848186 0 206.51999947428703 136.9099985063076 159.21000058948994 212.67999973893166 92.98999997973442 1.9599999338388443 0 122.2499999254942 189.93000183999538 1719.690001115203 2007.460002809763 6.000000327825546 -15.469999935477972 6.1800000332295895 -1.579999651759863 -11.40999984741211 6.04000011458993 27 24 40 24 13 21 16 11 5 4 7 19 14 6 1 8 9 5 1 13 1 1 2 3 6 5 2 3 8 0 4 5 3 6 2 6 0 7 493.9700007587671 2545.150003641844 1169.9400008320808 302.0700016617775 451.19000220298767 1375.210002809763 1043.8600030243397 331.3499997854233 80.28000169992447 89.10999880731106 611.4500019550323 963.1099992245436 697.1700019985437 30.269999742507935 328.90000024437904 631.7599994391203 331.3499997854233 0.7500000149011612 302.0700016617775 23.52999973297119 0.7500000149011612 74.01999939978123 257.33000038564205 92.79000051319599 346.69000102579594 55.98999984562397 320.80000184476376 225.81000185012817 0 306.56000106036663 325.19999837875366 376.37000015378 235.91000026464462 92.98999997973442 65.57999907433987 0 209.2800011485815 249.10000251233578 2697.080003976822 3120.1500061154366 6.0000006556510925 -27.829999890178442 6.540000136941671 -0.9299993701279163 -15.849999785423279 7.790000271052122 27 38 61 30 15 33 31 20 11 7 14 23 26 13 2 10 12 11 4 15 3 1 3 8 7 7 2 5 10 3 6 6 8 7 3 11 0 8 1413.250001206994 4647.820000201464 1729.090000152588 501.820000693202 994.090000718832 2918.730000048876 2136.3900009840727 782.3399990648031 111.09000174701214 327.0899953395128 1052.7800048142672 1918.8700004518032 1636.6100007295609 124.86999914050102 496.12000116705894 878.1699986159801 782.3399990648031 259.1100027859211 501.820000693202 80.65999856591225 0.7500000149011612 145.21999944746494 637.1199996173382 147.02000032365322 499.78000025451183 55.98999984562397 558.2000021636486 499.9200037866831 258.36000277101994 470.1300003528595 408.03999826312065 1078.4099985659122 358.04000186920166 138.07999929785728 246.42999677360058 0 354.8000003695488 492.2500007301569 5340.950001716614 6172.910003170371 9.000001285225153 -43.169999826699495 9.99000047892332 -1.9799987711012363 -27.809999655932188 11.50000063329935 27 61 80 40 17 49 40 25 15 12 24 31 35 17 10 17 15 15 6 17 6 1 6 9 8 8 2 9 11 5 9 6 8 12 5 18 1 8 3507.339997470379 6726.970001220703 2696.619998842478 862.6500009745359 2075.9600010961294 4030.3500023782253 2895.940004453063 1134.4099979251623 351.58000230789185 1089.43999427557 1806.510003656149 2792.0500004291534 2264.760004580021 788.4699949175119 1170.81999912858 1170.999999344349 1134.4099979251623 487.3900031745434 862.6500009745359 311.8400001823902 0.7500000149011612 350.9799980074167 783.4299999177456 245.77000115811825 631.1799998730421 55.98999984562397 1186.3500060141087 578.9500046670437 486.6400031596422 762.9600010812283 408.03999826312065 1078.4099985659122 843.5000014305115 327.3199976980686 777.5999940931797 262.0799994468689 354.8000003695488 1138.140004530549 8706.36999796331 10586.640001013875 10.000001894310117 -61.379999704658985 12.88000070489943 -3.1899981517344713 -43.62999948486686 15.030000889673829
28 0 1 0 0 0 1 0 1 0 0 0 1 0 0 0 0 1 0 0 0 0 0 1 0 0 0 0 0 0 0 0 0 0 0 0 0 0 0 78.07000097632408 0 0 0 78.07000097632408 0 78.07000097632408 0 0 0 78.07000097632408 0 0 0 0 78.07000097632408 0 0 0 0 0 78.07000097632408 0 0 0 0 0 0 0 0 0 0 0 0 0 0 3.3199998885393143 74.75000108778477 78.07000097632408 -0.999999962747097 -0.3999999985098839 -0.9999999701976776 -0.9999999701976776 0.0 -0.9999999701976776 28 5 5 1 1 4 4 3 1 0 2 2 1 1 1 0 0 1 0 1 1 0 0 1 0 2 0 0 2 0 0 0 1 0 0 1 0 1 146.6300009638071 439.9900023639202 107.40000034868717 107.40000034868717 116.36000122129917 332.59000201523304 254.52000103890896 78.07000097632408 0 25.489999666810036 90.87000155448914 78.07000097632408 159.21000058948994 30.269999742507935 0 0 78.07000097632408 0 107.40000034868717 23.52999973297119 0 0 78.07000097632408 0 95.31000044941902 0 0 90.87000155448914 0 0 0 159.21000058948994 0 0 1.9599999338388443 0 107.40000034868717 34.89000032842159 543.7700029313564 586.6200033277273 2.000000137835741 -3.8699999786913395 2.1800000593066216 1.0000000856816769 -1.0199999809265137 1.7500000558793545 28 11 19 11 6 8 8 6 2 0 2 10 6 3 1 3 4 2 1 6 1 1 0 2 2 3 1 2 5 0 3 1 1 2 1 1 0 4 312.35000182688236 1434.550004541874 636.9400000274181 185.6400004029274 211.09000180661678 797.6100045144558 598.6600046753883 198.94999983906746 0 25.489999666810036 385.1100033968687 522.479998499155 374.780002489686 30.269999742507935 198.7600012421608 323.5299986600876 198.94999983906746 0.7500000149011612 185.6400004029274 23.52999973297119 0.7500000149011612 0 198.94999983906746 70.99000027775764 223.88000218570232 0.0 215.57000190019608 185.60000213980675 0 264.14000068604946 59.389997974038124 159.21000058948994 141.82000130414963 56.93999993801117 1.9599999338388443 0 114.65000012516975 141.8500016927719 1519.5400046557188 1747.6500063836575 4.000000298023224 -12.269999947398901 4.180000063031912 -0.6999997012317181 -7.919999897480011 4.320000130683184 28 17 37 22 12 15 15 11 4 3 5 15 11 6 1 7 7 4 1 12 1 1 2 2 4 5 1 3 6 0 4 3 3 5 2 4 0 8 381.1200016736984 2557.73000228405 1104.0799996554852 445.01000091433525 340.74000307917595 1453.6500026285648 1180.6800033897161 272.9699992388487 80.10000169277191 72.44999925792217 494.6100018620491 716.579998806119 833.9900023639202 30.269999742507935 305.6699997186661 443.6099995672703 272.9699992388487 0.7500000149011612 445.01000091433525 23.52999973297119 0.7500000149011612 74.01999939978123 198.94999983906746 90.21000054478645 346.69000102579594 0.0 322.9900032430887 188.19000212848186 0 306.56000106036663 137.04999850690365 510.9999991208315 212.67999973893166 92.98999997973442 48.91999952495098 0 354.8000003695488 247.3700026869774 2603.850003182888 3019.7000056654215 7.000000536441803 -23.33999990671873 7.45000009983778 0.14000051841139793 -14.829999804496765 8.420000191777945 28 38 55 30 15 34 25 16 9 7 16 23 22 10 2 11 11 9 3 15 4 1 2 7 7 6 2 4 9 2 6 5 6 7 4 12 0 8 1575.5600006878376 4077.6400020718575 1771.1299999654293 501.820000693202 1245.4500019848347 2306.510002106428 1649.940003246069 656.5699988603592 111.09000174701214 670.8199953585863 1085.2900057584047 1621.2099985778332 1237.5600026398897 124.86999914050102 621.0000008642673 795.3299987316132 656.5699988603592 170.06000100076199 501.820000693202 178.81999853253365 0.7500000149011612 74.01999939978123 582.549999460578 147.02000032365322 412.38000060617924 55.98999984562397 428.2200031876564 407.55000503361225 169.31000098586082 470.1300003528595 325.19999837875366 809.3399994522333 358.04000186920166 262.9599989950657 491.99999682605267 0 354.8000003695488 536.7900037169456 4876.540001064539 5765.040004521608 7.000001087784767 -40.76999983564019 7.9900003261864185 -4.4899989776313305 -26.789999675005674 8.680000454187393 28 59 78 39 16 46 39 23 16 10 23 30 35 16 11 16 15 16 5 16 6 1 6 10 7 7 2 8 11 4 8 7 8 11 5 17 1 8 3355.17999625206 6724.800005078316 2806.2000005692244 763.9000001400709 1933.840001374483 3918.6000045090914 2666.320004671812 1252.2799998372793 247.44000208377838 1051.459994778037 1791.970004811883 2876.6600030511618 2166.5400044173 930.419993892312 1156.2800002843142 1295.1199999153614 1252.2799998372793 330.0100033134222 763.9000001400709 311.8400001823902 0.7500000149011612 350.9799980074167 901.3000018298626 147.02000032365322 499.78000025451183 55.98999984562397 1088.130005851388 578.9500046670437 329.26000329852104 702.9900012016296 592.1299987137318 1078.4099985659122 828.9600025862455 327.3199976980686 739.6199945956469 262.0799994468689 354.8000003695488 1100.090004041791 8503.880001083016 10328.170003429055 7.000001845881343 -58.669999707490206 9.88000069744885 -5.879998164251447 -42.93999947980046 12.940000893548131
29 0 1 1 1 0 0 0 0 0 0 0 0 0 0 0 0 0 0 1 0 0 0 0 0 0 0 0 0 0 0 0 0 0 0 0 0 1 0 107.40000034868717 107.40000034868717 107.40000034868717 0 0 0 0 0 0 0 0 0 0 0 0 0 0 107.40000034868717 0 0 0 0 0 0 0 0 0 0 0 0 0 0 0 0 0 107.40000034868717 0.0 107.40000034868717 107.40000034868717 -7.450580596923828e-9 -0.3999999985098839 -1.4901161193847656e-8 -0.09000001847743988 0.0 -0.09000001847743988 29 5 5 1 2 3 4 3 1 0 1 2 1 1 1 0 0 1 0 2 1 0 0 1 1 2 0 0 2 0 0 0 1 0 0 0 0 1 140.70999915897846 439.9900023639202 107.40000034868717 150.52999986708164 67.30999989807606 332.59000201523304 254.52000103890896 78.07000097632408 0 23.52999973297119 43.780000165104866 78.07000097632408 159.21000058948994 30.269999742507935 0 0 78.07000097632408 0 150.52999986708164 23.52999973297119 0 0 78.07000097632408 43.12999951839447 95.31000044941902 0 0 43.780000165104866 0 0 0 159.21000058948994 0 0 0 0 107.40000034868717 25.61000034213066 547.2700013369322 580.7000015228987 2.000000137835741 -3.8699999786913395 2.1800000593066216 0.7100000791251659 -0.9799999892711639 1.3300000540912151 29 12 15 9 7 8 6 5 1 0 3 6 5 2 1 1 4 1 0 7 1 0 0 1 3 3 1 1 4 0 2 2 1 0 1 2 0 4 283.64000160992146 1093.100005492568 456.340000256896 204.8600006699562 163.16000132262707 636.760005235672 558.6900042593479 78.07000097632408 0 26.069999650120735 194.0300016105175 362.8200011700392 334.8100020736456 30.269999742507935 56.93999993801117 284.7500001937151 78.07000097632408 0 204.8600006699562 23.52999973297119 0 0 78.07000097632408 90.21000054478645 223.88000218570232 0.0 175.60000148415565 137.09000167250633 0 147.8400016874075 136.9099985063076 159.21000058948994 0 56.93999993801117 2.5399999171495438 0 114.65000012516975 108.96000134944916 1224.6500052958727 1376.7400071024895 4.000000238418579 -10.669999953359365 4.1800000332295895 -1.4199998304247856 -6.3899999260902405 3.050000049173832 29 23 42 24 13 18 18 12 6 2 7 18 15 6 1 8 9 6 1 13 2 1 2 4 6 6 1 3 8 0 6 3 3 6 2 5 0 7 658.5500037521124 3011.5600037425756 1368.530000925064 462.70000053942204 510.760003849864 1643.0300028175116 1246.3700029700994 396.6599998474121 26.920000195503235 110.54999832808971 817.1300072222948 1003.8399987071753 833.9900023639202 30.269999742507935 443.0900018811226 607.1799988597631 396.6599998474121 0.7500000149011612 462.70000053942204 45.699999272823334 0.7500000149011612 74.01999939978123 322.6400004476309 144.44000035524368 412.38000060617924 0.0 322.9900032430887 373.29000532627106 0 470.1300003528595 137.04999850690365 510.9999991208315 350.10000190138817 92.98999997973442 64.84999905526638 0 318.26000018417835 298.2300020009279 3194.7400055527687 3697.7800077050924 6.000000681728125 -27.24999989196658 6.360000170767307 -1.489999394863844 -16.659999791532755 7.020000241696835 29 46 58 35 15 39 23 16 7 8 19 26 23 10 6 13 14 7 3 15 4 1 2 5 7 6 2 5 10 2 8 6 5 9 4 15 0 8 2126.4099960774183 4645.410005837679 2328.1900009810925 501.820000693202 1471.9699998944998 2317.2200048565865 1767.640006646514 549.5799982100725 166.70000225305557 749.3599940091372 1419.0200047940016 1829.9199986606836 1355.2600060403347 504.8099971264601 862.3600011467934 1111.0299994647503 549.5799982100725 170.06000100076199 501.820000693202 178.81999853253365 0.7500000149011612 74.01999939978123 475.5599988102913 147.02000032365322 412.38000060617924 55.98999984562397 636.1600071340799 499.9200037866831 169.31000098586082 702.9900012016296 408.03999826312065 719.0999989062548 599.4000021517277 262.9599989950657 570.5399954766035 0 354.8000003695488 716.8200031071901 5749.14000095427 6939.270004183054 9.000001151114702 -45.13999979197979 10.80000028386712 -3.0299988836050034 -31.779999613761902 12.330000445246696 29 59 84 42 16 47 42 25 17 10 23 34 36 17 10 19 15 17 5 16 6 1 6 11 7 8 2 9 12 4 8 7 8 13 6 17 1 8 3457.8299965560436 7556.180001467466 3125.9299998283386 763.9000001400709 2048.1700026988983 4430.250001639128 2984.2800036221743 1445.9699980169535 264.6600030660629 992.1099939495325 2268.1600052416325 3156.830000564456 2353.100003749132 849.479994520545 1476.0099995434284 1295.1199999153614 1445.9699980169535 416.4900026470423 763.9000001400709 252.48999935388565 0.7500000149011612 350.9799980074167 1094.9900000095367 147.02000032365322 631.1799998730421 55.98999984562397 1274.69000518322 735.4100058376789 415.7400026321411 702.9900012016296 592.1299987137318 1078.4099985659122 997.6700019091368 478.33999763429165 739.6199945956469 262.0799994468689 354.8000003695488 1193.2700039744377 9248.589998871088 11279.420001104474 8.000001905485988 -61.19999970495701 10.700000716373324 -3.9699980784207582 -45.4199994802475 14.310000939294696
30 1 0 0 0 1 0 0 0 0 0 1 0 0 0 0 0 0 0 0 0 0 0 0 0 0 0 0 1 0 0 0 0 0 0 0 0 0 0.0 0 0 0 0.0 0 0 0 0 0 0.0 0 0 0 0 0 0 0 0 0 0 0 0 0 0 0 0 0.0 0 0 0 0 0 0 0 0 0 0.0 0.0 0.0 7.450580596923828e-9 -0.3999999985098839 0.0 0.0 0.0 0.0 30 8 9 5 7 5 4 3 1 0 2 3 1 1 1 0 0 1 0 7 1 0 0 1 2 2 0 0 3 0 0 0 1 0 0 1 0 5 172.9699998050928 454.84000194072723 122.2499999254942 193.24000020325184 71.70999978482723 332.59000201523304 254.52000103890896 78.07000097632408 0 25.489999666810036 46.2200001180172 78.07000097632408 159.21000058948994 30.269999742507935 0 0 78.07000097632408 0 193.24000020325184 23.52999973297119 0 0 78.07000097632408 70.99000027775764 95.31000044941902 0 0 46.2200001180172 0 0 0 159.21000058948994 0 0 1.9599999338388443 0 122.2499999254942 51.95000100135803 564.570000872016 627.81000174582 2.0000001303851604 -6.669999968260527 2.1799999997019768 -1.4699999205768108 -3.4499999582767487 1.3100000210106373 30 24 29 18 12 18 11 8 3 2 7 15 11 4 1 5 7 3 2 12 1 1 2 1 6 4 2 2 7 1 4 3 2 3 2 6 0 6 609.0600024312735 1738.5900057703257 851.1600018143654 317.18000131845474 363.57000099122524 887.4300039559603 735.340003579855 152.0900003761053 26.920000195503235 89.10999880731106 483.10000328719616 693.4000014811754 501.7000015079975 30.269999742507935 234.81000128388405 443.6099995672703 152.0900003761053 98.450001552701 317.18000131845474 23.52999973297119 0.7500000149011612 74.01999939978123 78.07000097632408 144.44000035524368 233.64000207185745 55.98999984562397 215.57000190019608 191.55000214278698 97.70000153779984 306.56000106036663 137.04999850690365 286.12999960780144 141.82000130414963 92.98999997973442 65.57999907433987 0 172.74000096321106 226.66000090539455 2018.6800073683262 2375.3200084120035 5.000000506639481 -22.449999909847975 5.36000008508563 -3.189999520778656 -14.84999979659915 6.270000170916319 30 35 53 28 15 31 25 17 8 7 14 20 22 10 1 9 11 8 4 15 3 1 2 6 7 7 2 4 8 3 6 5 6 6 3 11 0 8 959.5900011658669 3833.1700003296137 1486.7699986547232 501.820000693202 635.0300000756979 2346.4000016748905 1737.3400028944016 609.059998780489 111.09000174701214 242.13999663293362 656.5400012731552 1625.4000002741814 1237.5600026398897 30.269999742507935 373.9899995625019 757.9799987226725 609.059998780489 259.1100027859211 501.820000693202 80.65999856591225 0.7500000149011612 74.01999939978123 535.0399993807077 147.02000032365322 499.78000025451183 55.98999984562397 428.2200031876564 225.81000185012817 258.36000277101994 470.1300003528595 287.84999836981297 809.3399994522333 235.91000026464462 138.07999929785728 161.47999806702137 0 354.8000003695488 377.47000163793564 4254.15000154078 4904.600003257394 9.000001061707735 -38.89999984949827 9.810000341385603 -3.3899990022182465 -25.129999678581953 10.300000470131636 30 50 71 35 15 42 36 22 14 9 20 28 30 14 7 14 13 14 4 15 4 1 6 8 7 8 2 6 11 3 7 6 8 9 5 16 0 8 2192.5399960428476 5573.899995356798 2180.2399975806475 501.820000693202 1519.229998856783 3393.6599977761507 2405.560000151396 988.0999976247549 193.12000238895416 691.1699919551611 1497.2500033080578 2210.3399988263845 1774.3800002783537 461.0499964803457 861.559998780489 963.8799984306097 988.0999976247549 259.1100027859211 501.820000693202 86.38999846577644 0.7500000149011612 350.9799980074167 637.1199996173382 147.02000032365322 631.1799998730421 55.98999984562397 695.9700017124414 578.9500046670437 258.36000277101994 555.840000167489 408.03999826312065 1078.4099985659122 534.2400010824203 327.3199976980686 604.7799934893847 0 354.8000003695488 728.320001155138 6720.169992491603 7960.309993803501 8.000001598149538 -52.29999975860119 10.07000059261918 -3.809998482465744 -34.999999571591616 12.230000752955675 30 61 82 42 17 48 40 24 16 11 23 34 36 16 10 19 15 16 6 17 7 1 6 10 8 8 2 8 12 5 9 6 8 14 5 16 1 8 3580.92999984324 6985.24000044167 2930.4899992346764 862.6500009745359 2073.220002889633 4054.750001206994 2761.9700046777725 1292.7799965292215 297.2600026130676 984.5599945932627 2196.8400052189827 2950.4199990332127 2130.7900048047304 810.4799958020449 1404.6899995207787 1170.999999344349 1292.7799965292215 487.3900031745434 862.6500009745359 379.780001103878 0.7500000149011612 350.9799980074167 941.7999985218048 245.77000115811825 631.1799998730421 55.98999984562397 1052.3800062388182 735.4100058376789 486.6400031596422 762.9600010812283 408.03999826312065 1078.4099985659122 1077.37000182271 327.3199976980686 604.7799934893847 262.0799994468689 354.8000003695488 1142.3800045102835 8926.230001017451 10864.180002912879 8.000001883134246 -61.68999970331788 10.79000068642199 -5.0999981220811605 -45.56999946385622 13.73000088520348
31 0 1 0 0 0 1 1 0 0 0 0 0 0 0 0 0 0 0 0 0 0 0 0 0 1 0 0 0 0 0 0 0 0 0 0 0 0 0 44.54000014066696 0 0 0 44.54000014066696 44.54000014066696 0 0 0 0 0 0 0 0 0 0 0 0 0 0 0 0 0 44.54000014066696 0 0 0 0 0 0 0 0 0 0 0 0 0.0 44.54000014066696 44.54000014066696 1.0000000186264515 -0.3999999985098839 1.000000011175871 0.36000001430511475 0.0 0.36000001430511475 31 5 8 4 3 3 4 3 1 0 1 2 3 1 1 0 2 1 0 3 0 0 0 1 1 2 1 0 1 0 1 1 1 0 0 1 0 2 75.35999919474125 604.3700017333031 271.77999971807003 155.47999967634678 1.9599999338388443 332.59000201523304 254.52000103890896 78.07000097632408 0 1.9599999338388443 0.0 237.5000005364418 159.21000058948994 30.269999742507935 0 159.42999956011772 78.07000097632408 0 155.47999967634678 0 0 0 78.07000097632408 43.12999951839447 95.31000044941902 0.0 0 0.0 0 100.0400015860796 59.389997974038124 159.21000058948994 0 0 1.9599999338388443 0 112.35000015795231 30.930000141263008 637.9400005638599 679.7300009280443 2.0000001452863216 -5.069999974220991 2.1800000444054604 0.28000010177493095 -1.9999999701976776 1.390000056475401 31 16 24 12 11 12 12 8 4 2 4 9 7 4 1 3 3 4 0 11 1 0 2 2 5 4 1 2 5 0 2 1 2 3 0 3 0 6 426.9700015336275 1733.990004569292 695.5500005036592 455.1000007390976 279.1800016313791 1038.4400040656328 821.0400036275387 217.40000043809414 26.920000195503235 66.65999929606915 290.16000258922577 497.73000010848045 531.470001861453 30.269999742507935 104.56000044941902 280.3299996703863 217.40000043809414 0 455.1000007390976 23.52999973297119 0 74.01999939978123 143.3800010383129 144.44000035524368 289.5700017660856 0.0 147.39000175893307 185.60000213980675 0 220.9400016963482 59.389997974038124 384.08000010252 104.56000044941902 0 43.129999563097954 0 310.6600003838539 163.72000098228455 1922.9800050705671 2187.880006298423 4.000000447034836 -16.8499999307096 4.360000129789114 1.6400003619492054 -8.659999910742044 5.800000183284283 31 28 42 24 13 23 18 11 7 4 10 17 18 6 2 7 10 7 2 13 3 1 2 5 6 5 1 3 8 1 6 4 3 4 3 7 0 7 967.2000013887882 2979.430002376437 1296.5300001502037 462.70000053942204 748.1200015693903 1682.9000022262335 1133.320004016161 549.5799982100725 102.46000069379807 272.3699955493212 677.1700064688921 1322.4199985861778 833.9900023639202 79.39999862015247 303.1300011277199 675.1399988383055 549.5799982100725 98.450001552701 462.70000053942204 80.65999856591225 0.7500000149011612 74.01999939978123 475.5599988102913 144.44000035524368 299.33000165224075 0.0 322.9900032430887 373.29000532627106 97.70000153779984 470.1300003528595 205.00999848544598 510.9999991208315 165.0500018298626 138.07999929785728 191.70999698340893 0 318.26000018417835 333.650000795722 3482.1300026774406 4049.8400044739246 4.000000793486834 -30.099999874830246 4.720000226050615 -5.419999290257692 -19.65999975055456 5.380000296980143 31 47 62 36 15 38 26 17 9 9 17 28 25 11 8 15 13 9 4 15 4 1 3 6 7 6 2 5 10 3 8 5 6 10 5 13 0 8 1977.1599975824356 4937.900003790855 2383.269999399781 501.820000693202 1129.9599998444319 2554.630004391074 1857.8800071924925 696.7499971985817 193.12000238895416 380.92999382317066 1594.290003105998 1945.9499995410442 1445.5000065863132 634.9399970322847 1037.6299994587898 990.8399995714426 696.7499971985817 259.1100027859211 501.820000693202 86.38999846577644 0.7500000149011612 161.70999781787395 535.0399993807077 147.02000032365322 412.38000060617924 55.98999984562397 636.1600071340799 499.9200037866831 258.36000277101994 702.9900012016296 287.84999836981297 809.3399994522333 710.3100017607212 327.3199976980686 294.5399953573942 0 354.8000003695488 705.8300021141768 5878.530002266169 7108.930003777146 8.000001285225153 -47.36999977007508 10.25000036507845 -6.509998768568039 -34.3099995739758 10.930000502616167 31 58 80 41 16 47 39 24 15 10 23 34 33 16 9 19 14 15 5 16 7 1 6 9 8 8 2 8 12 4 8 6 8 13 6 16 0 8 3167.0100004971027 6813.5300015211105 2905.090000614524 600.570001527667 2040.6200033426285 3908.4400009065866 2761.9700046777725 1146.4699962288141 264.6600030660629 984.5599945932627 2231.410006478429 2673.2399983257055 2130.7900048047304 729.5399964302778 1439.2600007802248 1111.0299994647503 1146.4699962288141 416.4900026470423 600.570001527667 379.780001103878 0.7500000149011612 350.9799980074167 795.4899982213974 245.77000115811825 631.1799998730421 55.98999984562397 1052.3800062388182 735.4100058376789 415.7400026321411 702.9900012016296 408.03999826312065 1078.4099985659122 960.9200031459332 478.33999763429165 604.7799934893847 0 354.8000003695488 1079.9500056505203 8397.36000034213 10245.950005099177 9.000001788139343 -59.32999971881509 11.520000640302896 -2.8499982245266438 -42.69999951124191 14.710000853985548
32 0 1 0 0 0 1 1 0 0 0 0 0 1 0 0 0 0 0 0 0 0 0 0 0 0 0 0 0 0 0 0 1 0 0 0 0 0 0 159.21000058948994 0 0 0 159.21000058948994 159.21000058948994 0 0 0 0 0 159.21000058948994 0 0 0 0 0 0 0 0 0 0 0 0 0 0 0 0 0 0 159.21000058948994 0 0 0 0 0 20.94000044465065 137.98000015318394 159.21000058948994 1.0000000223517418 -0.3999999985098839 1.0000000149011612 0.9800000190734863 0.0 0.8900000154972076 32 3 6 3 3 2 3 2 1 0 0 2 2 1 0 0 1 1 0 3 0 0 0 1 1 1 0 0 2 0 0 1 1 0 0 0 0 2 86.90999968349934 453.5599998384714 171.73999813199043 155.47999967634678 43.780000165104866 281.820001706481 203.7500007301569 78.07000097632408 0 0 43.780000165104866 137.4599989503622 159.21000058948994 0 0 59.389997974038124 78.07000097632408 0 155.47999967634678 0 0 0 78.07000097632408 43.12999951839447 44.54000014066696 0 0 43.780000165104866 0 0 59.389997974038124 159.21000058948994 0 0 0 0 112.35000015795231 30.770000129938126 504.62999948859215 540.4699995219707 1.0000000931322575 -3.599999986588955 1.000000026077032 -0.9799999296665192 -1.449999988079071 -0.10999995470046997 32 14 18 9 8 12 9 7 2 2 3 8 5 3 1 1 3 2 0 8 1 0 0 2 3 4 1 1 6 0 1 2 2 1 0 2 0 5 495.1100038588047 1326.540005505085 402.0900012552738 281.7200007587671 375.1800047159195 924.4500042498112 781.0700032114983 143.3800010383129 26.920000195503235 26.069999650120735 322.1900048702955 380.3300011307001 491.50000144541264 30.269999742507935 0.0 236.9500000923872 143.3800010383129 0 281.7200007587671 23.52999973297119 0 0 143.3800010383129 116.57999959588051 289.5700017660856 0.0 107.42000134289265 322.1900048702955 0 100.0400015860796 136.9099985063076 384.08000010252 0.0 0 2.5399999171495438 0 165.14000116288662 113.22000053524971 1663.7000084519386 1848.570009559393 5.0000003427267075 -13.64999994263053 5.36000008508563 1.160000268369913 -6.8099999241530895 4.760000124573708 32 32 42 25 13 26 17 12 5 5 13 17 16 7 4 8 10 5 2 13 2 1 2 3 6 5 1 4 7 1 7 3 3 5 3 11 0 7 1338.9100002348423 3295.8800096958876 1678.8400007486343 462.70000053942204 885.2700010687113 1617.0400089472532 1341.2600079625845 275.78000098466873 108.95000083744526 405.6199948936701 934.410006582737 1171.1000018566847 1041.9300063103437 320.44999811053276 562.9600012302399 797.6199993342161 275.78000098466873 98.450001552701 462.70000053942204 45.699999272823334 0.7500000149011612 74.01999939978123 201.7600015848875 144.44000035524368 299.33000165224075 0.0 530.9300071895123 370.70000533759594 97.70000153779984 660.5700008273125 137.04999850690365 510.9999991208315 345.09000155329704 217.86999967694283 359.91999562084675 0 318.26000018417835 516.1800036132336 3904.9500062465668 4744.490010783076 7.000000808387995 -31.929999854415655 8.170000195503235 -2.2799993120133877 -21.11999974772334 8.600000247359276 32 51 64 38 16 39 26 17 9 6 20 31 25 10 7 17 13 9 4 16 6 1 4 5 7 7 2 5 11 3 8 5 5 12 5 14 1 8 2730.25999763608 5188.3100046515465 2554.18000087142 763.9000001400709 1554.4600005447865 2634.1300037801266 1942.2800069004297 691.8499968796968 109.13000084459782 688.189993724227 1966.4300069212914 2009.3799972981215 1398.5000066757202 549.139997318387 1208.5400009304285 990.8399995714426 691.8499968796968 327.44000086188316 763.9000001400709 252.48999935388565 0.7500000149011612 216.28999806940556 475.5599988102913 147.02000032365322 543.7800002247095 55.98999984562397 679.4000077694654 701.1500061303377 326.690000846982 702.9900012016296 287.84999836981297 719.0999989062548 881.2200032323599 327.3199976980686 435.6999943703413 262.0799994468689 354.8000003695488 799.7600031793118 6657.940000593662 8028.450003147125 8.000001246109605 -48.42999977245927 9.800000308081508 -3.969998763874173 -35.169999580830336 11.580000484362245 32 59 77 41 16 47 36 22 14 10 23 34 33 14 9 19 14 14 6 16 6 1 5 9 7 8 2 7 12 5 8 6 7 13 6 17 1 8 3586.549996867776 6544.900000348687 2941.8399993777275 763.9000001400709 2063.810001730919 3603.0600009709597 2527.7900047898293 1075.2699961811304 264.6600030660629 1007.7499929815531 2268.1600052416325 2835.0599976480007 1896.6100049167871 729.5399964302778 1476.0099995434284 1111.0299994647503 1075.2699961811304 649.5100020170212 763.9000001400709 252.48999935388565 0.7500000149011612 279.779997959733 795.4899982213974 147.02000032365322 631.1799998730421 55.98999984562397 914.6100066900253 735.4100058376789 648.76000200212 702.9900012016296 408.03999826312065 981.9999982267618 997.6700019091368 478.33999763429165 755.2599936276674 262.0799994468689 354.8000003695488 1077.600004658103 8498.359997287393 10396.860000297427 9.000001722946763 -58.21999974176288 10.520000575110316 -4.22999825514853 -43.03999951481819 13.070000795647502
33 1 0 0 1 0 0 0 0 0 0 0 0 0 0 0 0 0 0 1 0 0 0 0 1 0 0 0 0 0 0 0 0 0 0 0 0 0 43.12999951839447 0 0 43.12999951839447 0 0 0 0 0 0 0 0 0 0 0 0 0 0 43.12999951839447 0 0 0 0 43.12999951839447 0 0 0 0 0 0 0 0 0 0 0 0 0 0.9699999988079071 39.119999557733536 43.12999951839447 7.450580596923828e-9 -0.3999999985098839 0.0 -0.14999999105930328 0.0 -0.23999999463558197 33 7 9 7 7 5 2 2 0 1 1 4 2 1 0 1 2 0 0 7 0 0 0 0 3 1 0 0 3 0 0 2 1 1 0 1 0 4 163.3799996972084 504.9200004041195 301.1699996739626 280.8400007635355 64.17000010609627 203.7500007301569 203.7500007301569 0 17.37000000476837 0.5799999833106995 46.2200001180172 136.9099985063076 159.21000058948994 0 0.0 136.9099985063076 0 0 280.8400007635355 0 0 0 0 116.57999959588051 44.54000014066696 0 0 46.2200001180172 0 0 136.9099985063076 159.21000058948994 0.0 0 0.5799999833106995 0 164.260001167655 52.710000067949295 602.8400004208088 685.6700001060963 2.000000085681677 -6.889999974519014 2.089999958872795 -0.9899999760091305 -2.379999976605177 0.13999997079372406 33 20 31 18 11 16 13 9 4 3 8 9 12 6 2 4 8 4 0 11 2 0 1 3 5 3 1 2 4 0 5 3 4 2 2 6 0 6 393.14999681711197 2125.1800038814545 823.130000770092 317.18000131845474 196.22999803721905 1302.0500031113625 1099.5600015074015 202.490001603961 26.920000195503235 119.7299977093935 165.8000006377697 736.6600009053946 938.5600014775991 79.39999862015247 116.22000050544739 534.1699993014336 202.490001603961 0 317.18000131845474 45.699999272823334 0 0.7300000190734863 201.7600015848875 144.44000035524368 161.00000002980232 0.0 283.0200028270483 49.58000013232231 0 397.1200007945299 137.04999850690365 655.5399986505508 23.230000525712967 92.98999997973442 74.02999843657017 0 172.74000096321106 199.75000132620335 2218.1199993938208 2545.2500008940697 5.000000551342964 -21.609999906271696 5.63000014051795 -2.889999635517597 -12.149999860674143 4.360000129789114 33 42 52 30 14 33 22 14 8 5 17 24 21 8 5 12 11 8 3 14 4 1 4 4 7 6 2 4 9 2 7 4 4 8 4 13 0 7 1482.6199945360422 3791.5999983251095 1756.5299973636866 465.2800005078316 908.8199962824583 2035.070000961423 1496.1400024443865 538.9299985170364 108.95000083744526 380.92999382317066 1082.230000257492 1569.7399984747171 1083.7600018382072 280.64999736845493 662.5399986207485 775.7299985587597 538.9299985170364 255.83000141382217 465.2800005078316 86.38999846577644 0.7500000149011612 216.28999806940556 322.6400004476309 147.02000032365322 412.38000060617924 55.98999984562397 428.2200031876564 362.9500017762184 255.080001398921 555.840000167489 219.88999839127064 655.5399986505508 460.1000006198883 202.43999800086021 294.5399953573942 0 318.26000018417835 445.9999987334013 4569.82999445498 5383.919993713498 6.000001050531864 -39.79999981820583 7.350000284612179 -3.3099990114569664 -26.319999676197767 9.170000422745943 33 51 71 37 16 43 34 22 12 9 20 31 29 14 5 16 13 12 5 16 6 1 4 8 7 8 2 7 12 4 8 5 7 11 5 14 1 8 2585.079999178648 5916.220001012087 2431.220000088215 763.9000001400709 1672.710001796484 3485.000000923872 2527.7900047898293 957.2099961340427 193.12000238895416 688.189993724227 1877.7300058454275 2363.7899983376265 1896.6100049167871 280.64999736845493 1085.5800001472235 990.8399995714426 957.2099961340427 416.4900026470423 763.9000001400709 252.48999935388565 0.7500000149011612 216.28999806940556 740.9199980646372 147.02000032365322 631.1799998730421 55.98999984562397 914.6100066900253 735.4100058376789 415.7400026321411 702.9900012016296 287.84999836981297 981.9999982267618 758.2600024491549 327.3199976980686 435.6999943703413 262.0799994468689 354.8000003695488 827.3000056147575 7245.86999720335 8695.17000259459 10.000001510605216 -52.95999976992607 11.710000505670905 -3.319998485967517 -38.039999563246965 13.100000714883208 33 61 79 40 18 46 39 24 15 9 23 33 34 16 9 18 14 15 6 18 6 1 6 9 9 8 2 8 12 5 8 6 8 13 5 17 1 8 3891.109997525811 6699.260000348091 2790.8199994415045 1068.4600007981062 1992.2700010538101 3908.4400009065866 2761.9700046777725 1146.4699962288141 193.12000238895416 1007.7499929815531 2117.1400053054094 2906.2599976956844 2130.7900048047304 729.5399964302778 1324.9899996072054 1111.0299994647503 1146.4699962288141 649.5100020170212 1068.4600007981062 252.48999935388565 0.7500000149011612 350.9799980074167 795.4899982213974 451.5800009816885 631.1799998730421 55.98999984562397 1052.3800062388182 735.4100058376789 648.76000200212 702.9900012016296 408.03999826312065 1078.4099985659122 997.6700019091368 327.3199976980686 755.2599936276674 262.0799994468689 354.8000003695488 1060.490004092455 8922.38999851048 10784.240000277758 10.000001823529601 -59.32999973744154 11.430000653490424 -2.5599981527775526 -43.639999497681856 14.8500008713454
34 0 1 1 1 0 0 0 0 0 0 0 0 0 0 0 0 0 0 1 0 0 0 0 0 0 0 0 0 0 0 0 0 0 0 0 0 1 0 4.949999809265137 4.949999809265137 4.949999809265137 0 0 0 0 0 0 0 0 0 0 0 0 0 0 4.949999809265137 0 0 0 0 0 0 0 0 0 0 0 0 0 0 0 0 0 4.949999809265137 4.949999809265137 0.0 4.949999809265137 -7.450580596923828e-9 -0.3999999985098839 -1.4901161193847656e-8 -0.5099999904632568 -0.5099999904632568 0.0 34 6 13 8 6 6 5 4 1 2 2 4 3 2 0 2 2 1 0 6 0 0 1 0 2 2 1 0 1 0 1 1 2 2 0 2 0 4 45.669999435544014 678.0699983388186 183.0299984961748 100.87000033259392 29.46000011265278 495.03999984264374 494.30999982357025 0.7300000190734863 26.920000195503235 2.5399999171495438 23.230000525712967 102.78999717533588 384.08000010252 0 23.230000525712967 102.0599971562624 0.7300000190734863 0 100.87000033259392 0 0 0.7300000190734863 0 43.12999951839447 110.22999972105026 0.0 0 0.0 0 42.669999182224274 59.389997974038124 384.08000010252 23.230000525712967 0 2.5399999171495438 0 57.74000081419945 46.18000027537346 677.4099976718426 750.6599979698658 3.000000163912773 -8.579999968409538 3.1800000071525574 1.1000000648200512 -2.849999975413084 2.88000001758337 34 24 29 16 13 18 13 9 4 2 9 10 11 4 1 3 6 4 1 13 3 0 2 2 6 5 1 2 6 1 3 3 2 2 1 6 0 7 649.0200002640486 1835.4400033652782 787.2399994134903 462.70000053942204 403.52999882400036 1048.200003951788 830.8000035136938 217.40000043809414 26.920000195503235 187.64999647438526 257.2800019979477 715.7600013613701 531.470001861453 30.269999742507935 68.31999984383583 400.6599993854761 217.40000043809414 97.70000153779984 462.70000053942204 80.65999856591225 0 74.01999939978123 143.3800010383129 144.44000035524368 299.33000165224075 0.0 147.39000175893307 188.96000215411186 97.70000153779984 263.61000087857246 137.04999850690365 384.08000010252 23.230000525712967 45.089999318122864 106.98999790847301 0 318.26000018417835 168.4100002348423 2240.050002902746 2511.38000382483 5.000000551342964 -22.04999991133809 5.360000137239695 0.16000036895275116 -11.12999987974763 5.680000144988298 34 39 52 31 15 35 21 14 7 8 17 22 22 8 2 11 12 7 4 15 4 1 3 4 7 6 2 3 8 3 7 5 5 7 4 13 0 8 1147.5099972337484 3774.089998334646 1803.2299978137016 501.820000693202 802.6699964106083 1970.8600005209446 1454.4700027555227 516.3899977654219 139.9400008916855 380.92999382317066 887.2900006175041 1618.4399990737438 1042.0900021493435 79.39999862015247 604.7399989068508 843.689998537302 516.3899977654219 259.1100027859211 501.820000693202 86.38999846577644 0.7500000149011612 161.70999781787395 354.6799999475479 147.02000032365322 412.38000060617924 55.98999984562397 322.9900032430887 225.81000185012817 258.36000277101994 555.840000167489 287.84999836981297 719.0999989062548 402.3000009059906 202.43999800086021 294.5399953573942 0 354.8000003695488 437.13999900221825 4294.97999663651 5062.289996474981 7.00000100210309 -40.4599998369813 8.08000024780631 -6.899999089539051 -27.579999655485153 8.310000352561474 34 52 70 34 16 43 36 22 14 9 20 28 30 14 7 13 13 14 4 16 5 1 6 8 8 8 2 7 12 3 7 6 7 9 4 15 0 8 2374.5299999564886 5489.859993904829 2044.1399958878756 600.570001527667 1602.4700019359589 3445.7199980169535 2457.6200003921986 988.0999976247549 193.12000238895416 617.9499938637018 1517.610002785921 2210.3399988263845 1826.4400005191565 461.0499964803457 725.459997087717 963.8799984306097 988.0999976247549 259.1100027859211 600.570001527667 154.32999938726425 0.7500000149011612 350.9799980074167 637.1199996173382 245.77000115811825 631.1799998730421 55.98999984562397 844.4400022923946 735.4100058376789 258.36000277101994 555.840000167489 408.03999826312065 981.9999982267618 523.0199990868568 202.43999800086021 463.61999447643757 0 354.8000003695488 700.0800015330315 6844.319994077086 8058.259996265173 8.00000162795186 -52.69999975711107 10.070000614970922 -2.5699984282255173 -34.52999957278371 12.820000801235437 34 58 78 39 16 48 39 24 15 11 23 32 33 16 9 17 14 15 5 16 7 1 6 9 8 8 2 8 12 4 8 6 8 12 5 16 0 8 3167.0100004971027 6549.3999998271465 2640.95999892056 600.570001527667 2073.220002889633 3908.4400009065866 2761.9700046777725 1146.4699962288141 297.2600026130676 984.5599945932627 1967.2800047844648 2673.2399983257055 2130.7900048047304 729.5399964302778 1175.1299990862608 1111.0299994647503 1146.4699962288141 416.4900026470423 600.570001527667 379.780001103878 0.7500000149011612 350.9799980074167 795.4899982213974 245.77000115811825 631.1799998730421 55.98999984562397 1052.3800062388182 735.4100058376789 415.7400026321411 702.9900012016296 408.03999826312065 1078.4099985659122 847.8100013881922 327.3199976980686 604.7799934893847 0 354.8000003695488 1050.9000048339367 8236.56999990344 10014.420002952218 9.000001810491085 -59.01999972015619 11.610000669956207 -2.169998202472925 -41.84999951347709 14.940000884234905
35 0 0 0 0 1 0 0 0 1 0 0 0 0 0 0 0 0 0 0 0 0 0 0 0 0 0 0 0 0 0 0 0 0 0 0 0 0 0 0 0 0 17.37000000476837 0 0 0 17.37000000476837 0 0 0 0 0 0 0 0 0 0 0 0 0 0 0 0 0 0 0 0 0 0 0 0 0 0 0 0 2.3200000524520874 3.4700000286102295 17.37000000476837 1.1175870895385742e-8 -0.48999999836087227 0.09000000357627869 0.669999998062849 0.48999999091029167 0.09000000357627869 35 3 7 5 3 4 2 2 0 2 1 2 2 1 0 1 2 0 0 3 0 0 0 0 1 1 1 0 0 0 1 1 1 1 0 1 0 2 43.70999950170517 526.2899980247021 235.72999893128872 98.57000036537647 27.500000178813934 290.55999909341335 290.55999909341335 0 26.920000195503235 0.5799999833106995 0.0 180.28999808430672 224.86999951303005 0 0.0 180.28999808430672 0 0 98.57000036537647 0 0 0 0 43.12999951839447 65.6899995803833 0.0 0 0 0 120.90000011026859 59.389997974038124 224.86999951303005 0.0 0 0.5799999833106995 0 55.440000846982 33.669999822974205 524.3099977821112 596.9199977219105 2.0000000819563866 -4.979999981820583 2.179999992251396 2.1100000701844692 -1.3299999870359898 2.060000032186508 35 12 20 11 9 10 9 6 3 3 4 5 7 3 1 2 4 3 0 9 1 0 2 1 4 3 1 1 2 0 3 1 2 2 0 3 0 5 274.54999651014805 1341.3200003504753 549.4899994134903 319.83999963104725 211.1199987232685 791.830000936985 652.500001475215 139.32999946177006 102.28000068664551 105.47999802231789 26.59000054001808 462.32999831438065 491.50000144541264 49.12999887764454 23.230000525712967 322.9999988526106 139.32999946177006 0 319.83999963104725 22.169999539852142 0 74.01999939978123 65.31000006198883 116.57999959588051 161.00000002980232 0.0 107.42000134289265 3.3600000143051147 0 263.61000087857246 59.389997974038124 384.08000010252 23.230000525712967 0 83.30999848246574 0 203.26000003516674 131.8299995958805 1485.1299969553947 1718.1499975472689 3.000000361353159 -14.139999940991402 3.4500000961124897 1.4600002281367779 -6.209999941289425 3.620000097900629 35 30 34 19 12 26 15 9 6 5 13 14 14 4 2 6 7 6 1 12 2 0 3 3 6 5 1 2 7 1 4 3 2 4 2 11 0 6 991.1899974942207 2447.829997971654 1159.0199972391129 455.1000007390976 778.59999781847 1288.810000732541 830.8000035136938 458.0099972188473 108.95000083744526 324.22999365627766 707.4100009799004 1042.0799979567528 531.470001861453 79.39999862015247 361.9899976551533 486.36999920010567 458.0099972188473 97.70000153779984 455.1000007390976 57.129998832941055 0 161.70999781787395 296.2999994009733 144.44000035524368 299.33000165224075 0.0 147.39000175893307 345.4200033247471 97.70000153779984 349.320000693202 137.04999850690365 384.08000010252 252.53999963402748 109.4499980211258 267.0999948233366 0 310.6600003838539 294.89999897778034 3014.6499970555305 3547.96999630332 3.0000007152557373 -27.78999988362193 3.810000192373991 -3.6499994695186615 -16.06999982520938 3.830000203102827 35 45 51 28 14 37 23 15 8 6 18 24 21 9 5 10 11 8 3 14 5 1 4 4 7 6 2 4 11 2 6 5 5 6 4 13 0 7 1802.9899993985891 3905.899997636676 1713.6399956196547 465.2800005078316 1315.140001565218 2192.260002017021 1621.2900040000677 570.9699980169535 109.13000084459782 448.86999474465847 1352.0000032633543 1541.5499971657991 1190.5600027292967 280.64999736845493 594.1099972724915 801.2699981629848 570.9699980169535 170.06000100076199 465.2800005078316 154.32999938726425 0.7500000149011612 216.28999806940556 354.6799999475479 147.02000032365322 430.730001270771 55.98999984562397 471.4600038230419 701.1500061303377 169.31000098586082 513.4199997931719 287.84999836981297 719.0999989062548 391.66999927163124 202.43999800086021 294.5399953573942 0 318.26000018417835 510.1900007426739 4937.309995904565 5818.769997894764 7.000001113861799 -41.08999981358647 8.44000032544136 -4.879998933523893 -28.8299996368587 9.490000456571579 35 55 73 37 15 44 36 23 13 8 22 31 30 15 8 16 13 13 5 15 6 1 5 8 7 8 2 8 12 4 8 5 7 11 5 16 0 8 2875.500000298023 6134.389999553561 2441.069999113679 501.820000693202 1817.7400012016296 3693.3200004398823 2665.560004338622 1027.7599961012602 139.9400008916855 886.3999946266413 1887.5800048708916 2434.339998304844 2034.38000446558 634.9399970322847 1095.4299991726875 990.8399995714426 1027.7599961012602 416.4900026470423 501.820000693202 281.6200011372566 0.7500000149011612 279.779997959733 747.9799981415272 147.02000032365322 631.1799998730421 55.98999984562397 1052.3800062388182 735.4100058376789 415.7400026321411 702.9900012016296 287.84999836981297 981.9999982267618 768.1100014746189 327.3199976980686 604.7799934893847 0 354.8000003695488 900.2600027471781 7614.139998972416 9150.580000758171 10.000001642853022 -54.479999743402004 12.160000588744879 -2.6099983640015125 -38.63999953866005 14.580000799149275
36 0 1 0 0 0 1 1 0 0 0 0 0 1 0 0 0 0 0 0 0 0 0 0 0 0 0 0 0 0 0 0 1 0 0 0 0 0 0 224.86999951303005 0 0 0 224.86999951303005 224.86999951303005 0 0 0 0 0 224.86999951303005 0 0 0 0 0 0 0 0 0 0 0 0 0 0 0 0 0 0 224.86999951303005 0 0 0 0 0 14.48999996483326 200.82999935746193 224.86999951303005 1.0000000223517418 -0.3999999985098839 1.0000000149011612 0.7800000458955765 -0.9799999892711639 1.360000029206276 36 0 7 6 2 2 1 1 0 2 0 1 3 1 0 1 3 0 0 2 0 0 0 0 0 0 0 0 0 0 2 1 1 1 0 0 0 2 0 655.6699982136488 430.79999870061874 150.46999903023243 26.920000195503235 224.86999951303005 224.86999951303005 0 26.920000195503235 0 0.0 280.3299996703863 224.86999951303005 0 0.0 280.3299996703863 0 0 150.46999903023243 0 0 0 0 0 0 0 0 0 0 220.9400016963482 59.389997974038124 224.86999951303005 0.0 0 0 0 150.46999903023243 43.68999959528446 595.7599984109402 682.589998409152 1.0000000484287739 -3.7799999862909317 1.1799999810755253 2.02000005915761 -1.399999987334013 1.5100000202655792 36 6 18 10 5 7 8 6 2 3 3 3 6 3 1 2 4 2 0 5 1 0 1 1 1 3 1 1 0 0 3 1 2 2 0 2 0 4 155.59999756515026 1339.170000359416 548.0699994415045 244.9699995815754 165.61999985575676 791.1000009179115 652.500001475215 138.59999944269657 102.28000068664551 63.33999916911125 23.230000525712967 461.59999829530716 491.50000144541264 49.12999887764454 23.230000525712967 322.9999988526106 138.59999944269657 0 244.9699995815754 22.169999539852142 0 73.28999938070774 65.31000006198883 43.12999951839447 161.00000002980232 0.0 107.42000134289265 0 0 263.61000087857246 59.389997974038124 384.08000010252 23.230000525712967 0 41.16999962925911 0 201.84000006318092 110.38999983668327 1394.1599975973368 1597.0499986112118 4.000000286847353 -10.93999995291233 4.4500000812113285 2.4900002144277096 -4.719999961555004 3.5600001104176044 36 19 27 14 10 17 13 8 5 4 8 9 10 4 1 4 4 5 1 10 2 0 2 3 4 4 1 2 4 1 3 1 2 4 0 6 0 6 644.469997599721 2077.560001298785 886.199998870492 427.2399999797344 490.00999842584133 1191.3600024282932 821.0400036275387 370.31999880075455 108.95000083744526 243.04999585449696 390.5500013679266 791.019999191165 531.470001861453 49.12999887764454 252.53999963402748 322.9999988526106 370.31999880075455 97.70000153779984 427.2399999797344 57.129998832941055 0 74.01999939978123 296.2999994009733 116.57999959588051 289.5700017660856 0.0 147.39000175893307 138.01000173389912 97.70000153779984 263.61000087857246 59.389997974038124 384.08000010252 252.53999963402748 0 185.9199970215559 0 310.6600003838539 212.19999806582928 2443.6100004017353 2830.9799997359514 3.000000547617674 -20.22999991849065 3.540000170469284 0.6500004231929779 -10.149999897927046 4.700000207871199 36 38 43 25 13 31 18 11 7 6 16 17 18 6 6 8 10 7 1 13 4 0 3 4 6 5 1 3 8 1 6 4 3 6 2 12 0 7 1733.9299995303154 3261.539999872446 1702.3199977576733 462.70000053942204 1052.7200016826391 1559.2200021147728 1042.830004349351 516.3899977654219 109.13000084459782 416.42999432981014 1093.4400048702955 1431.8699985146523 743.5000026971102 548.1999967992306 566.2799983620644 817.7799992114305 516.3899977654219 97.70000153779984 462.70000053942204 148.59999948740005 0 161.70999781787395 354.6799999475479 144.44000035524368 299.33000165224075 0.0 295.86000233888626 527.1600065082312 97.70000153779984 612.7700007259846 205.00999848544598 447.6400003582239 456.83000034093857 109.4499980211258 267.8299948424101 0 318.26000018417835 495.07000057399273 4254.739999726415 5104.600000247359 4.000000927597284 -34.55999983102083 5.620000254362822 -5.149999186396599 -22.429999720305204 6.060000326484442 36 56 64 36 15 45 28 17 11 8 24 29 28 11 8 15 13 11 5 15 7 1 5 6 7 6 2 6 11 4 8 5 5 9 6 17 0 8 3079.0100030452013 5340.540005192161 2521.23000061512 501.820000693202 2088.4000047147274 2819.3100045770407 1967.000007495284 852.3099970817566 207.09000165760517 1124.1699970811605 1933.4800066649914 2258.8899992853403 1536.270006224513 634.9399970322847 1175.5900006741285 990.8399995714426 852.3099970817566 416.4900026470423 501.820000693202 376.6699992418289 0.7500000149011612 279.779997959733 572.5299991220236 147.02000032365322 430.730001270771 55.98999984562397 817.1700073182583 701.1500061303377 415.7400026321411 702.9900012016296 287.84999836981297 719.0999989062548 697.2500030398369 478.33999763429165 747.4999978393316 0 354.8000003695488 942.7600034177303 6999.520006999373 8627.390009909868 6.000001434236765 -51.27999975532293 8.160000439733267 -7.759998589754105 -39.489999543875456 10.95000059530139
37 0 1 1 0 0 0 0 0 0 0 0 1 0 0 0 1 0 0 0 0 0 0 0 0 0 0 0 0 0 1 0 0 0 0 0 0 0 0 120.90000011026859 120.90000011026859 0 0 0 0 0 0 0 0 120.90000011026859 0 0 0 120.90000011026859 0 0 0 0 0 0 0 0 0 0 0 0 0 120.90000011026859 0 0 0 0 0 0 0 10.34000001847744 98.40000000596046 120.90000011026859 7.450580596923828e-9 -0.3999999985098839 0.0 0.4700000062584877 0.07000000029802322 0.0 37 0 8 6 2 2 2 2 0 2 0 2 2 1 0 2 2 0 0 2 0 0 0 0 0 1 0 0 0 0 1 1 1 2 0 0 0 2 0 690.0899979621172 399.52999886870384 196.01000025868416 26.920000195503235 290.55999909341335 290.55999909341335 0 26.920000195503235 0 23.230000525712967 180.28999808430672 224.86999951303005 0 23.230000525712967 180.28999808430672 0 0 196.01000025868416 0 0 0 0 0 65.6899995803833 0 0 0 0 120.90000011026859 59.389997974038124 224.86999951303005 23.230000525712967 0 0 0 196.01000025868416 39.359999775886536 639.429998293519 717.0099981576204 2.0000000558793545 -4.179999984800816 2.1799999810755253 2.980000015348196 -0.7800000049173832 2.1599999964237213 37 9 16 10 5 10 6 3 3 3 5 4 7 1 1 2 4 3 0 5 2 0 2 1 1 2 1 0 1 0 3 1 1 2 0 3 0 4 236.05999572575092 1022.4999981373549 548.0699994415045 244.9699995815754 246.07999801635742 474.4299986958504 335.0999992340803 139.32999946177006 102.28000068664551 140.4399973154068 26.59000054001808 462.32999831438065 224.86999951303005 49.12999887764454 23.230000525712967 322.9999988526106 139.32999946177006 0 244.9699995815754 57.129998832941055 0 74.01999939978123 65.31000006198883 43.12999951839447 110.22999972105026 0.0 0 3.3600000143051147 0 263.61000087857246 59.389997974038124 224.86999951303005 23.230000525712967 0 83.30999848246574 0 201.84000006318092 98.31999887526035 1167.5599944889545 1360.8399945497513 2.7567148208618164e-7 -11.339999951422215 0.450000062584877 -0.8599998131394386 -5.229999952018261 0.5900000780820847 37 22 31 17 11 19 14 9 5 4 11 10 11 4 1 6 5 5 1 11 2 0 3 2 5 5 1 2 3 1 3 2 2 4 2 9 0 6 718.1099951863289 2206.529996648431 995.7899968922138 427.2399999797344 563.6499960124493 1210.739999756217 830.8000035136938 379.9399962425232 108.95000083744526 294.87999399006367 521.8099988400936 800.7799966335297 531.470001861453 49.12999887764454 361.9899976551533 323.13999885320663 379.9399962425232 97.70000153779984 427.2399999797344 57.129998832941055 0 161.70999781787395 218.22999842464924 116.57999959588051 299.33000165224075 0.0 147.39000175893307 159.82000118494034 97.70000153779984 263.61000087857246 59.52999797463417 384.08000010252 252.53999963402748 109.4499980211258 237.7499951571226 0 310.6600003838539 227.78999750316143 2606.449994713068 3033.589992672205 4.000000581145287 -23.029999908059835 4.540000151842833 0.2800004184246063 -12.109999876469374 4.960000168532133 37 39 42 23 14 32 19 12 7 7 17 15 18 6 5 7 9 7 2 14 5 0 4 3 7 6 1 3 7 2 4 5 3 5 2 12 0 7 1407.949995905161 3085.5699982643127 1398.7499968260527 465.2800005078316 903.1299985349178 1686.82000143826 1174.2300039678812 512.5899974703789 135.5500009804964 422.15999422967434 788.7400009036064 1319.0699975192547 743.5000026971102 324.03999704122543 443.31999757885933 637.169999063015 512.5899974703789 169.31000098586082 465.2800005078316 154.32999938726425 0 216.28999806940556 296.2999994009733 147.02000032365322 430.730001270771 0.0 295.86000233888626 345.4200033247471 169.31000098586082 349.320000693202 287.84999836981297 447.6400003582239 333.86999955773354 109.4499980211258 267.8299948424101 0 318.26000018417835 399.4000003784895 3924.3999938219786 4629.06999514997 5.000000964850187 -35.179999835789204 6.530000288039446 -3.9399991296231747 -22.929999709129333 7.330000374466181 37 52 63 32 16 43 31 19 12 9 21 26 27 12 7 12 12 12 4 16 6 1 5 7 8 7 2 6 11 3 7 5 6 8 4 15 0 8 2499.5000035762787 4906.34999743104 1932.789997473359 600.570001527667 1697.2800026386976 2973.5599999576807 2066.680002719164 906.8799972385168 194.90000104904175 745.2399956136942 1492.1900045573711 2008.9299985468388 1548.5500018000603 492.9899980574846 734.2999985665083 843.689998537302 906.8799972385168 259.1100027859211 600.570001527667 281.6200011372566 0.7500000149011612 279.779997959733 627.0999992787838 245.77000115811825 518.1300009191036 55.98999984562397 739.210002347827 701.1500061303377 258.36000277101994 555.840000167489 287.84999836981297 809.3399994522333 531.8600005656481 202.43999800086021 463.61999447643757 0 354.8000003695488 730.2900028824806 6352.129999816418 7601.500002071261 7.0000014789402485 -49.899999767541885 9.070000518113375 -6.299998600035906 -34.959999579936266 10.280000656843185
38 0 1 1 0 0 0 0 0 0 0 1 0 0 0 1 0 0 0 0 0 0 0 0 0 0 0 0 0 0 0 0 0 1 0 0 0 0 0 0.0 0.0 0 0 0 0 0 0 0 0.0 0 0 0 0.0 0 0 0 0 0 0 0 0 0 0 0 0 0 0 0 0 0 0.0 0 0 0 0 0.0 0.0 0.0 -3.725290298461914e-9 -0.3999999985098839 -1.1175870895385742e-8 0.0 0.0 0.0 38 4 12 9 5 5 3 2 1 2 2 3 4 1 0 2 3 1 0 5 0 0 1 0 1 1 1 0 0 0 2 1 1 2 0 2 0 4 84.29999914765358 739.3199969679117 448.0299978554249 244.9699995815754 68.08999982476234 291.28999911248684 290.55999909341335 0.7300000190734863 26.920000195503235 41.16999962925911 23.230000525712967 223.68999728560448 224.86999951303005 0 23.230000525712967 222.959997266531 0.7300000190734863 0 244.9699995815754 0 0 0.7300000190734863 0 43.12999951839447 65.6899995803833 0.0 0 0 0 163.56999929249287 59.389997974038124 224.86999951303005 23.230000525712967 0 41.16999962925911 0 201.84000006318092 46.599999606609344 758.7799966186285 850.5399963110685 1.0000001154839993 -7.379999972879887 1.1799999810755253 1.9600000493228436 -2.269999984651804 2.1400000005960464 38 16 22 13 9 12 9 6 3 2 7 6 9 3 1 3 5 3 1 9 2 0 2 1 4 3 1 1 2 1 3 2 2 2 1 5 0 5 425.09999680519104 1319.099998742342 594.7199987322092 319.83999963104725 188.6099969893694 724.3800000101328 585.0500005483627 139.32999946177006 26.920000195503235 158.32999677956104 71.67999985814095 560.1699998527765 424.0500005185604 49.12999887764454 68.31999984383583 323.13999885320663 139.32999946177006 97.70000153779984 319.83999963104725 57.129998832941055 0 74.01999939978123 65.31000006198883 116.57999959588051 161.00000002980232 0.0 39.97000041604042 3.3600000143051147 97.70000153779984 263.61000087857246 59.52999797463417 384.08000010252 23.230000525712967 45.089999318122864 101.19999794661999 0 203.26000003516674 116.41999898850918 1576.9599963873625 1771.1199957430363 3.0000003948807716 -16.049999933689833 3.360000092536211 1.270000260323286 -7.169999931007624 4.08000011742115 38 31 39 23 13 28 16 10 6 6 14 15 16 5 2 7 9 6 1 13 2 0 3 3 6 5 1 2 7 1 4 5 3 5 2 12 0 7 991.9199975132942 2751.1199978142977 1398.7499968260527 462.70000053942204 779.509997844696 1352.370000988245 894.3600037693977 458.0099972188473 109.13000084459782 324.95999367535114 788.7400009036064 1192.879997819662 595.030002117157 79.39999862015247 443.31999757885933 637.169999063015 458.0099972188473 97.70000153779984 462.70000053942204 57.129998832941055 0 161.70999781787395 296.2999994009733 144.44000035524368 299.33000165224075 0.0 147.39000175893307 345.4200033247471 97.70000153779984 349.320000693202 287.84999836981297 447.6400003582239 333.86999955773354 109.4499980211258 267.8299948424101 0 318.26000018417835 323.9699990898371 3274.579996973276 3852.1699961721897 4.000000759959221 -30.679999873042107 4.900000184774399 -4.829999353736639 -19.12999976798892 5.220000252127647 38 48 56 29 15 39 27 17 10 7 20 23 24 10 6 10 11 10 4 15 5 1 5 5 7 7 2 5 10 3 6 5 5 6 4 15 0 8 1965.1799968332052 4290.579997479916 1750.179995805025 501.820000693202 1328.8999976366758 2540.4000016748905 1846.4600031971931 693.9399984776974 135.5500009804964 617.9499938637018 1170.2600000798702 1753.5699994117022 1328.3300022780895 366.44999708235264 594.1099972724915 801.2699981629848 693.9399984776974 259.1100027859211 501.820000693202 154.32999938726425 0.7500000149011612 279.779997959733 414.16000051796436 147.02000032365322 518.1300009191036 55.98999984562397 609.2300033718348 519.4100029468536 258.36000277101994 513.4199997931719 287.84999836981297 719.0999989062548 391.66999927163124 202.43999800086021 463.61999447643757 0 354.8000003695488 581.5800005793571 5396.649993658066 6392.059995308518 7.000001288950443 -44.64999979361892 8.710000429302454 -5.419998787343502 -31.31999960541725 10.900000549852848 38 54 74 37 16 44 37 22 15 9 21 31 32 14 7 16 13 15 5 16 6 1 6 9 8 8 2 7 12 4 8 5 7 11 5 15 0 8 2691.140003144741 6001.89999486506 2397.809998244047 600.570001527667 1731.5400023460388 3604.0899966210127 2457.6200003921986 1146.4699962288141 194.90000104904175 745.2399956136942 1844.3200040012598 2553.049998432398 1826.4400005191565 492.9899980574846 1052.1699983030558 990.8399995714426 1146.4699962288141 416.4900026470423 600.570001527667 281.6200011372566 0.7500000149011612 350.9799980074167 795.4899982213974 245.77000115811825 631.1799998730421 55.98999984562397 844.4400022923946 735.4100058376789 415.7400026321411 702.9900012016296 287.84999836981297 981.9999982267618 724.8500006049871 327.3199976980686 463.61999447643757 0 354.8000003695488 867.230003669858 7394.389996469021 8888.689999073744 7.000001680105925 -55.099999748170376 9.070000622421503 -5.039998345077038 -38.83999954536557 11.950000818818808
39 0 1 1 0 0 0 0 0 0 0 1 0 0 0 1 0 0 0 0 0 0 0 0 0 0 0 0 0 0 0 0 0 1 0 0 0 0 0 23.230000525712967 23.230000525712967 0 0 0 0 0 0 0 23.230000525712967 0 0 0 23.230000525712967 0 0 0 0 0 0 0 0 0 0 0 0 0 0 0 0 0 23.230000525712967 0 0 0 0 0.4099999964237213 22.820000529289246 23.230000525712967 -3.725290298461914e-9 -0.3999999985098839 -1.1175870895385742e-8 -0.010000020265579224 0.03999999165534973 -0.050000011920928955 39 6 9 7 3 6 2 1 1 1 4 3 4 0 0 2 2 1 1 3 1 0 1 0 0 1 1 0 0 1 2 0 0 2 0 3 0 3 189.75999999046326 404.5699984431267 338.1499988436699 151.34999902546406 101.60999864339828 66.41999959945679 65.6899995803833 0.7300000190734863 9.550000190734863 92.05999845266342 23.230000525712967 262.0000008493662 0 0 23.230000525712967 163.56999929249287 0.7300000190734863 97.70000153779984 151.34999902546406 34.95999929308891 0 0.7300000190734863 0 0 65.6899995803833 0.0 0 0 97.70000153779984 163.56999929249287 0 0 23.230000525712967 0 57.09999915957451 0 151.34999902546406 43.8899989426136 532.0499994456768 603.8799986243248 1.1175870895385742e-7 -6.4899999760091305 0.08999999240040779 0.8500000461935997 -2.3599999770522118 1.7000000029802322 39 14 24 14 9 11 10 7 3 2 7 5 10 3 0 3 6 3 1 9 2 0 2 1 4 4 1 1 1 1 3 3 2 2 1 5 0 5 321.73999811708927 1388.779996573925 662.6799987107515 265.60999982059 188.6099969893694 726.0999978631735 499.16000010073185 226.93999776244164 26.920000195503235 158.32999677956104 71.67999985814095 715.7399981319904 328.4000001847744 0 68.31999984383583 391.09999883174896 226.93999776244164 97.70000153779984 265.60999982059 57.129998832941055 0 74.01999939978123 152.9199983626604 62.34999978542328 170.75999991595745 0.0 39.97000041604042 3.3600000143051147 97.70000153779984 263.61000087857246 127.4899979531765 288.429999768734 23.230000525712967 45.089999318122864 101.19999794661999 0 203.26000003516674 81.22999867796898 1572.6799957752228 1737.4399948865175 4.000000394880772 -16.179999940097332 4.1800000965595245 0.05000029876828194 -8.229999903589487 3.9200001284480095 39 33 36 21 15 28 15 10 5 7 12 15 14 5 3 6 7 5 2 15 2 0 3 2 7 5 1 2 8 2 3 4 3 4 2 10 0 8 1046.2199978530407 2434.109996855259 1153.659997165203 501.820000693202 700.2399991899729 1280.4499996900558 924.7100019752979 355.7399977147579 135.5500009804964 216.67999489605427 672.9300013929605 998.9899974167347 625.3800003230572 165.19999833405018 324.91999807953835 473.93999871611595 355.7399977147579 169.31000098586082 501.820000693202 57.129998832941055 0 137.50999929010868 218.22999842464924 147.02000032365322 299.33000165224075 0.0 177.73999996483326 348.0100033134222 169.31000098586082 263.61000087857246 210.3299978375435 447.6400003582239 215.47000005841255 109.4499980211258 159.5499960631132 0 354.8000003695488 291.35999912023544 3108.8399960249662 3615.879995688796 5.000000756233931 -30.639999866485596 6.170000176876783 -1.0399993695318699 -17.739999771118164 8.200000252574682 39 49 64 32 16 43 32 20 12 9 21 26 27 13 4 12 12 12 4 16 6 1 6 6 8 7 2 6 11 3 7 5 7 8 4 15 0 8 2068.5600005686283 4941.979997903109 1882.929997727275 600.570001527667 1549.7999991625547 3059.0500001758337 2239.3400014936924 819.7099986821413 194.90000104904175 745.2399956136942 1294.850001335144 1921.7599999904633 1721.2100005745888 209.52999852597713 684.4399988204241 843.689998537302 819.7099986821413 259.1100027859211 600.570001527667 281.6200011372566 0.7500000149011612 350.9799980074167 468.7300006747246 245.77000115811825 518.1300009191036 55.98999984562397 739.210002347827 553.6700026541948 258.36000277101994 555.840000167489 287.84999836981297 981.9999982267618 482.00000081956387 202.43999800086021 463.61999447643757 0 354.8000003695488 691.0800011754036 6044.069998592138 7206.18999953568 8.000001445412636 -49.489999789744616 9.530000511556864 -3.5999986603856087 -32.37999962642789 11.290000658482313 39 52 73 36 16 45 37 22 15 11 21 29 31 14 7 15 13 15 4 16 6 1 7 8 8 8 2 7 11 3 7 6 7 11 4 15 0 8 2320.079998522997 5817.149992927909 2206.4699961543083 600.570001527667 1652.1600007265806 3610.6799967736006 2457.6200003921986 1153.059996381402 297.2600026130676 745.2399956136942 1498.1999998688698 2375.2999975830317 1826.4400005191565 461.0499964803457 887.7899973541498 963.8799984306097 1153.059996381402 259.1100027859211 600.570001527667 281.6200011372566 0.7500000149011612 515.9399967640638 637.1199996173382 245.77000115811825 631.1799998730421 55.98999984562397 844.4400022923946 553.6700026541948 258.36000277101994 555.840000167489 408.03999826312065 981.9999982267618 685.3499993532896 202.43999800086021 463.61999447643757 0 354.8000003695488 838.7700024545193 7003.849992260337 8435.239994078875 7.000001680105925 -54.87999974936247 9.25000062957406 -4.219998374581337 -36.959999557584524 11.910000812262297
40 0 1 1 1 0 0 0 0 0 0 0 0 0 0 0 0 0 0 1 0 0 0 0 0 0 0 0 0 0 0 0 0 0 0 0 0 1 0 0.8799999952316284 0.8799999952316284 0.8799999952316284 0 0 0 0 0 0 0 0 0 0 0 0 0 0 0.8799999952316284 0 0 0 0 0 0 0 0 0 0 0 0 0 0 0 0 0 0.8799999952316284 0.5900000035762787 0.28999999165534973 0.8799999952316284 -7.450580596923828e-9 -0.3999999985098839 -1.4901161193847656e-8 -0.03999999165534973 -0.4699999988079071 0.4300000071525574 40 12 12 8 6 9 4 2 2 0 5 6 5 1 0 2 2 2 1 6 1 0 1 1 2 1 1 1 3 1 1 1 0 2 0 4 0 4 270.530001103878 422.1899973899126 218.80999870598316 180.62999975681305 144.969998806715 203.37999868392944 49.73000030219555 153.6499983817339 0 94.01999838650227 74.18000094592571 294.15999910235405 39.97000041604042 0 23.230000525712967 42.80999918282032 153.6499983817339 97.70000153779984 180.62999975681305 34.95999929308891 0 0.7300000190734863 152.9199983626604 27.860000759363174 9.759999886155128 0.0 39.97000041604042 50.950000420212746 97.70000153779984 42.669999182224274 0.14000000059604645 0 23.230000525712967 0 59.05999909341335 0 152.76999899744987 74.45999978482723 579.6199985295534 692.7199984937906 2.0489096641540527e-7 -9.599999964237213 2.60770320892334e-8 -2.109999854117632 -5.919999927282333 1.1900000385940075 40 22 34 21 13 18 13 9 4 4 6 14 13 4 2 5 8 4 2 13 1 1 2 2 5 5 1 1 7 1 5 3 3 3 2 5 0 8 631.6900009214878 2182.269999548793 1090.319998383522 445.01000091433525 381.22999972105026 1091.9500011652708 786.9400024265051 305.0099987387657 53.52000033855438 136.1599972397089 378.0000019669533 952.5299984812737 487.61000077426434 116.06999945640564 185.69999980926514 549.8199982047081 305.0099987387657 98.450001552701 445.01000091433525 34.95999929308891 0.7500000149011612 74.01999939978123 230.9899993389845 90.21000054478645 299.33000165224075 0.0 39.97000041604042 191.55000214278698 97.70000153779984 422.3300002515316 127.4899979531765 447.6400003582239 104.56000044941902 81.13999935984612 101.19999794661999 0 354.8000003695488 215.87000024318695 2513.989999830723 2868.230000823736 5.000000566244125 -24.49999989569187 5.7200001031160355 -3.6999994963407516 -16.209999792277813 6.190000183880329 40 39 57 30 15 33 27 16 11 6 17 21 26 10 2 10 12 11 4 15 4 1 4 7 7 6 2 5 8 3 6 6 5 6 4 13 0 8 1366.5400002598763 4135.369997024536 1671.3199972510338 501.820000693202 902.9999979585409 2464.0499997735023 1665.730000898242 798.3199988752604 57.91000024974346 563.2899960130453 720.8999999761581 1934.8500002622604 1253.3500002920628 116.06999945640564 438.34999826550484 878.1699986159801 798.3199988752604 259.1100027859211 501.820000693202 207.95000031590462 0.7500000149011612 208.7099993377924 589.609999537468 147.02000032365322 412.38000060617924 55.98999984562397 588.5500003695488 225.81000185012817 258.36000277101994 470.1300003528595 408.03999826312065 664.799999922514 235.91000026464462 202.43999800086021 355.3399956971407 0 354.8000003695488 470.72000151872635 4773.869996160269 5560.569997549057 5.0000011920928955 -41.47999983280897 5.900000415742397 -3.2299989350140095 -24.55999969691038 8.600000534206629 40 50 69 33 16 45 36 22 14 11 21 26 30 14 5 12 13 14 4 16 6 1 6 8 8 8 2 6 11 3 7 6 8 8 4 15 0 8 2163.1599999666214 5341.299994364381 1947.6399965882301 600.570001527667 1652.1600007265806 3393.6599977761507 2405.560000151396 988.0999976247549 297.2600026130676 745.2399956136942 1239.3700003027916 2210.3399988263845 1774.3800002783537 304.1299979239702 628.9599977880716 963.8799984306097 988.0999976247549 259.1100027859211 600.570001527667 281.6200011372566 0.7500000149011612 350.9799980074167 637.1199996173382 245.77000115811825 631.1799998730421 55.98999984562397 695.9700017124414 553.6700026541948 258.36000277101994 555.840000167489 408.03999826312065 1078.4099985659122 426.5199997872114 202.43999800086021 463.61999447643757 0 354.8000003695488 732.5000023245811 6558.979995384812 7802.469996958971 8.000001609325409 -52.739999771118164 9.890000611543655 -2.0099984891712666 -33.259999599307775 11.980000771582127 40 55 74 36 16 46 38 23 15 11 21 30 32 15 8 15 13 15 5 16 6 1 7 8 8 8 2 7 12 4 7 6 8 11 4 15 0 8 2653.660001605749 5913.559993267059 2206.4699961543083 600.570001527667 1833.9000039100647 3707.089997112751 2554.030000731349 1153.059996381402 297.2600026130676 745.2399956136942 1679.9400030523539 2446.1999981105328 1922.8500008583069 541.9899958521128 887.7899973541498 963.8799984306097 1153.059996381402 330.0100033134222 600.570001527667 281.6200011372566 0.7500000149011612 515.9399967640638 637.1199996173382 245.77000115811825 631.1799998730421 55.98999984562397 844.4400022923946 735.4100058376789 329.26000329852104 555.840000167489 408.03999826312065 1078.4099985659122 685.3499993532896 202.43999800086021 463.61999447643757 0 354.8000003695488 880.6700023412704 7370.099995404482 8865.229997500777 8.00000175088644 -56.349999736994505 10.43000066652894 -3.7299982868134975 -38.75999952107668 13.090000849217176
41 1 0 0 0 1 0 0 0 0 1 0 0 0 0 0 0 0 0 0 0 0 0 0 0 0 0 0 0 0 0 0 0 0 0 1 0 0 15.9299995303154 0 0 0 15.9299995303154 0 0 0 0 15.9299995303154 0 0 0 0 0 0 0 0 0 0 0 0 0 0 0 0 0 0 0 0 0 0 0 0 15.9299995303154 0 0 0.0 14.189999520778656 15.9299995303154 7.450580596923828e-9 -0.3999999985098839 0.0 0.5400000214576721 0.0 0.45000001788139343 41 5 9 4 2 4 5 3 2 1 3 1 5 2 0 1 2 2 1 2 1 0 1 1 1 1 0 1 0 1 0 2 1 1 0 2 0 1 189.18000000715256 359.14999943971634 92.21000050008297 0.8799999952316284 91.65999847650528 266.93999893963337 113.29000055789948 153.6499983817339 0.18000000715255737 91.47999846935272 23.230000525712967 319.4499998986721 103.53000067174435 0 23.230000525712967 68.09999997913837 153.6499983817339 97.70000153779984 0.8799999952316284 34.95999929308891 0 0.7300000190734863 152.9199983626604 0.0 9.759999886155128 0 39.97000041604042 0 97.70000153779984 0 68.09999997913837 63.560000255703926 23.230000525712967 0 56.51999917626381 0 0.8799999952316284 32.689999014139175 486.1500002592802 548.5099994540215 1.000000212341547 -6.089999977499247 1.0900001004338264 -0.7199997864663601 -4.939999938011169 2.220000121742487 41 20 23 13 10 16 10 5 5 3 8 9 10 3 1 4 3 5 2 10 1 0 3 2 4 2 1 2 4 2 1 2 1 3 1 7 0 6 644.3299981951714 1123.9899958223104 457.3299979120493 227.34999971091747 394.9299971014261 666.6599979102612 316.7499996870756 349.90999822318554 36.15000033378601 305.23999635875225 203.19000017642975 629.989998370409 241.30000022053719 85.7999997138977 149.64999976754189 110.76999916136265 349.90999822318554 169.31000098586082 227.34999971091747 34.95999929308891 0 137.50999929010868 212.39999893307686 30.440000727772713 75.44999946653843 0.0 177.73999996483326 53.54000040888786 169.31000098586082 42.669999182224274 68.09999997913837 63.560000255703926 104.56000044941902 45.089999318122864 270.27999706566334 0 196.90999898314476 204.18000017106533 1497.5399942994118 1804.4699943512678 4.880130290985107e-7 -18.539999924600124 0.4500001408159733 -4.809999596327543 -11.939999837428331 2.7700001671910286 41 37 43 24 15 32 19 12 7 7 15 18 19 7 2 7 9 7 4 15 3 1 4 3 7 5 2 3 8 3 5 4 4 5 2 12 0 8 1360.8200010359287 2881.409998074174 1260.7999981492758 546.3400017172098 956.8999979346991 1620.6099999248981 1144.9300014972687 475.67999842762947 162.05000047385693 513.04999576509 555.8900014013052 1366.6999992877245 845.5999998450279 116.06999945640564 273.3399996906519 632.6599980890751 475.67999842762947 259.1100027859211 546.3400017172098 184.42000058293343 0.7500000149011612 208.7099993377924 266.9699990898371 191.54000134766102 299.33000165224075 55.98999984562397 307.71999894082546 225.81000185012817 258.36000277101994 422.3300002515316 210.3299978375435 537.8800009042025 192.20000033080578 81.13999935984612 328.62999518215656 0 354.8000003695488 444.15000200271606 3693.229998141527 4405.029999598861 5.000000935047865 -35.5699998550117 5.990000270307064 -0.8399991802871227 -21.069999754428864 8.930000383406878 41 47 69 33 16 41 36 21 15 10 20 25 30 13 5 13 12 15 4 16 6 1 7 8 8 8 2 6 9 3 6 6 7 9 4 14 0 8 1907.040001258254 5406.7699933201075 1944.55999712646 600.570001527667 1320.680001527071 3462.2099961936474 2309.1499998122454 1153.059996381402 221.90000212192535 660.5199965387583 1150.6000010222197 2289.589997768402 1677.9699999392033 304.1299979239702 711.5899981409311 878.1699986159801 1153.059996381402 259.1100027859211 600.570001527667 281.6200011372566 0.7500000149011612 515.9399967640638 637.1199996173382 245.77000115811825 631.1799998730421 55.98999984562397 695.9700017124414 382.2700030207634 258.36000277101994 470.1300003528595 408.03999826312065 981.9999982267618 509.1500001400709 202.43999800086021 378.89999540150166 0 354.8000003695488 719.5800017267466 6333.679996296763 7536.459996715188 6.0000015795230865 -51.04999977722764 7.800000611692667 -4.2399985156953335 -32.299999602138996 9.900000762194395 41 54 76 36 16 45 40 23 17 11 21 29 33 15 9 15 13 17 4 16 6 1 7 10 8 8 2 7 11 3 7 6 8 11 4 15 0 8 2500.6899959445 6221.849995866418 2206.4699961543083 600.570001527667 1652.1600007265806 4015.3799997121096 2554.030000731349 1461.3499989807606 297.2600026130676 745.2399956136942 1498.1999998688698 2683.59000018239 1922.8500008583069 641.6599939018488 887.7899973541498 963.8799984306097 1461.3499989807606 259.1100027859211 600.570001527667 281.6200011372566 0.7500000149011612 515.9399967640638 945.4100022166967 245.77000115811825 631.1799998730421 55.98999984562397 844.4400022923946 553.6700026541948 258.36000277101994 555.840000167489 408.03999826312065 1078.4099985659122 685.3499993532896 202.43999800086021 463.61999447643757 0 354.8000003695488 893.2900017797947 7503.819993764162 9020.549994438887 6.000001814216375 -56.61999972909689 8.610000718384981 -5.389998208731413 -39.04999951273203 11.540000911802053
42 0 1 0 0 0 1 1 0 0 0 0 0 0 0 0 0 0 0 0 0 0 0 0 0 1 0 0 0 0 0 0 0 0 0 0 0 0 0 9.759999886155128 0 0 0 9.759999886155128 9.759999886155128 0 0 0 0 0 0 0 0 0 0 0 0 0 0 0 0 0 9.759999886155128 0 0 0 0 0 0 0 0 0 0 0 0 4.949999809265137 3.360000029206276 9.759999886155128 1.0000000186264515 -0.3999999985098839 1.000000011175871 0.4300000071525574 -0.5099999904632568 0.6299999952316284 42 6 10 6 6 6 4 3 1 2 1 3 3 2 0 0 2 1 0 6 0 0 1 0 2 1 0 1 3 0 0 2 1 0 0 1 0 4 97.33000069856644 228.56000050902367 114.5399999320507 74.3000007122755 96.07000008225441 114.02000057697296 113.29000055789948 0.7300000190734863 26.600000143051147 15.9299995303154 53.54000040888786 68.82999999821186 103.53000067174435 0 0 68.09999997913837 0.7300000190734863 0 74.3000007122755 0 0 0.7300000190734863 0 27.860000759363174 9.759999886155128 0 39.97000041604042 53.54000040888786 0 0 68.09999997913837 63.560000255703926 0 0 15.9299995303154 0 46.43999995291233 50.580001160502434 277.01999992132187 352.49000135064125 2.000000160187483 -7.379999972879887 2.180000025779009 -2.119999848306179 -6.489999908953905 2.9900000356137753 42 25 35 19 11 19 16 9 7 3 8 16 15 5 2 7 6 7 3 11 1 1 4 3 5 4 2 3 6 2 4 2 2 5 2 7 0 6 833.5300004780293 2070.5999962985516 831.2499972432852 246.56999997794628 529.4799990952015 1239.3499990552664 763.6700006276369 475.67999842762947 30.990000054240227 263.8299975246191 552.4600011557341 962.27999804914 461.51999974250793 116.06999945640564 317.04999962449074 317.2899986356497 475.67999842762947 170.06000100076199 246.56999997794628 34.95999929308891 0.7500000149011612 208.7099993377924 266.9699990898371 49.66000099480152 302.150000885129 55.98999984562397 307.71999894082546 178.6700016707182 169.31000098586082 249.1899986565113 68.09999997913837 153.80000080168247 235.91000026464462 81.13999935984612 228.8699982315302 0 196.90999898314476 309.49999971687794 2461.659997060895 2935.869996845722 2.0000007152557373 -25.609999891370535 2.630000229924917 -4.839999340474606 -18.329999763518572 5.970000293105841 42 38 58 30 15 34 28 18 10 9 15 21 25 11 3 10 12 10 4 15 3 1 4 6 7 7 2 5 8 3 6 6 6 7 3 12 0 8 1480.0000012218952 4206.129996955395 1686.6599984616041 546.3400017172098 1034.6600002199411 2519.4699984937906 1797.3300001472235 722.1399983465672 215.2300019711256 537.6299965530634 736.2400011867285 1858.6699997335672 1297.5499998927116 210.66999885439873 453.6899994760752 878.1699986159801 722.1399983465672 259.1100027859211 546.3400017172098 185.78000077605247 0.7500000149011612 208.7099993377924 513.4299990087748 191.54000134766102 499.78000025451183 55.98999984562397 588.5500003695488 225.81000185012817 258.36000277101994 470.1300003528595 408.03999826312065 708.9999995231628 315.6100001782179 138.07999929785728 351.8499957770109 0 354.8000003695488 562.6400028467178 4977.729998096824 5902.110000163317 8.000001236796379 -42.81999982148409 9.35000043362379 -0.8599988631904125 -25.88999967649579 11.010000564157963 42 48 69 32 16 41 37 22 15 10 19 25 30 14 6 12 12 15 4 16 5 1 6 9 8 8 2 6 10 3 6 6 8 8 4 14 0 8 1934.9799981713295 5442.729996189475 1833.6499975174665 600.570001527667 1267.6799990683794 3609.0799986720085 2405.560000151396 1203.5199985206127 221.90000212192535 592.5799956172705 1054.6299998760223 2340.049999907613 1774.3800002783537 385.06999729573727 600.6799985319376 878.1699986159801 1203.5199985206127 259.1100027859211 600.570001527667 213.6800002157688 0.7500000149011612 428.2499983459711 775.2700001746416 245.77000115811825 631.1799998730421 55.98999984562397 695.9700017124414 397.2100014835596 258.36000277101994 470.1300003528595 408.03999826312065 1078.4099985659122 398.2400005310774 202.43999800086021 378.89999540150166 0 354.8000003695488 711.4800012558699 6444.079996272922 7600.359996497631 7.00000162422657 -51.319999769330025 8.980000644922256 -3.409998457878828 -32.60999958589673 11.35000080615282 42 61 78 37 16 53 41 23 18 12 24 32 37 15 8 14 15 18 5 16 7 1 7 11 8 8 4 7 13 4 9 6 8 10 4 17 0 8 2783.6000010818243 6326.2499967217445 2214.80999712646 600.570001527667 2033.0000035464764 4111.4399995952845 2503.7800003141165 1607.659999281168 351.58000230789185 845.2999950498343 1606.2600040584803 3027.5400014817715 1872.6000004410744 527.1499953866005 769.3899978548288 1090.6199989020824 1607.659999281168 330.0100033134222 600.570001527667 339.7000010609627 0.7500000149011612 515.9399967640638 1091.7200025171041 245.77000115811825 631.1799998730421 217.8000022917986 794.1900018751621 618.3200038969517 329.26000329852104 682.5800006389618 408.03999826312065 1078.4099985659122 566.9499998539686 202.43999800086021 505.5999939888716 0 354.8000003695488 973.8100008815527 7838.860000535846 9462.180000126362 5.000001937150955 -60.839999720454216 7.520000770688057 -7.2099981270730495 -40.309999492019415 9.69000095129013
43 0 0 0 0 1 0 0 0 1 0 0 0 0 0 0 0 0 0 0 0 0 0 0 0 0 0 0 0 0 0 0 0 0 0 0 0 0 0 0 0 0 0.18000000715255737 0 0 0 0.18000000715255737 0 0 0 0 0 0 0 0 0 0 0 0 0 0 0 0 0 0 0 0 0 0 0 0 0 0 0 0 0.18000000715255737 0.0 0.18000000715255737 1.1175870895385742e-8 -0.48999999836087227 0.09000000357627869 -0.5099999904632568 -0.5099999904632568 0.0 43 3 6 2 2 4 4 3 1 2 2 0 2 2 0 0 1 1 0 2 0 0 0 1 1 1 0 1 0 0 0 1 1 0 0 2 0 1 104.36999815702438 277.2700012922287 104.50000016391277 36.540000185370445 130.96999830007553 172.77000112831593 113.29000055789948 59.48000057041645 26.600000143051147 104.36999815702438 0 127.44000054895878 103.53000067174435 0 0 67.95999997854233 59.48000057041645 0 36.540000185370445 0 0 0 59.48000057041645 0.0 9.759999886155128 0 39.97000041604042 0 0 0 67.95999997854233 63.560000255703926 0 0 104.36999815702438 0 36.540000185370445 58.399999648332596 316.1099998950958 408.23999959230423 2.0000001527369022 -4.5799999833106995 2.1800000704824924 -1.449999839067459 -4.4899999387562275 1.9700000770390034 43 15 19 7 7 11 12 6 6 3 6 4 10 5 1 2 2 6 2 7 1 0 3 3 4 1 0 3 2 2 0 2 2 1 1 5 0 3 697.9200002402067 1107.02999804914 233.35999937355518 168.03000171482563 395.17999827861786 873.6699986755848 471.27999962866306 402.38999904692173 81.56000030040741 262.5199975222349 177.51999969780445 639.8000000119209 461.51999974250793 85.7999997138977 126.41999924182892 68.09999997913837 402.38999904692173 169.31000098586082 168.03000171482563 34.95999929308891 0 135.41999995708466 266.9699990898371 129.19000156223774 9.759999886155128 0 307.71999894082546 51.10000045597553 169.31000098586082 0 68.09999997913837 153.80000080168247 81.32999992370605 45.089999318122864 227.559998229146 0 38.84000015258789 224.36000014841557 1529.9999991506338 1886.509998589754 5.438923835754395e-7 -14.93999993801117 0.45000026375055313 -2.249999478459358 -10.899999864399433 3.310000292956829 43 32 43 22 12 26 21 12 9 6 12 18 19 6 3 9 7 9 4 12 2 1 5 4 6 6 2 4 6 3 3 4 2 7 2 10 0 6 1291.1500030606985 2733.459994390607 1066.1799968332052 345.3200008124113 818.3900000751019 1667.2799975574017 979.1300002932549 688.1499972641468 144.68000046908855 439.04999808967113 632.1600010693073 1419.0299983471632 566.7499996870756 210.66999885439873 396.749999538064 472.51999831199646 688.1499972641468 259.1100027859211 345.3200008124113 162.25000104308128 0.7500000149011612 373.6699980944395 314.4799991697073 148.41000182926655 412.38000060617924 55.98999984562397 412.94999888539314 178.6700016707182 258.36000277101994 201.3899985551834 271.12999975681305 153.80000080168247 315.6100001782179 81.13999935984612 276.79999704658985 0 196.90999898314476 460.6200010627508 3441.9299978613853 4170.039997935295 3.0000009685754776 -32.94999985769391 4.080000344663858 -2.289999108761549 -21.009999748319387 7.910000458359718 43 42 66 32 15 37 34 21 13 9 18 23 28 13 4 12 12 13 4 15 5 1 6 7 7 8 2 5 8 3 6 6 8 8 4 13 0 8 1592.3299999535084 5211.619994238019 1833.6499975174665 546.3400017172098 1066.0499995797873 3377.9699967205524 2298.139998808503 1079.8299979120493 215.2300019711256 569.0199959129095 883.2300002425909 2216.3599992990494 1666.959998935461 291.60999822616577 600.6799985319376 878.1699986159801 1079.8299979120493 259.1100027859211 546.3400017172098 213.6800002157688 0.7500000149011612 428.2499983459711 651.5799995660782 191.54000134766102 631.1799998730421 55.98999984562397 588.5500003695488 225.81000185012817 258.36000277101994 470.1300003528595 408.03999826312065 1078.4099985659122 398.2400005310774 202.43999800086021 355.3399956971407 0 354.8000003695488 675.8800017535686 5921.969995379448 7019.929996177554 8.000001441687346 -47.489999797195196 9.530000545084476 -1.6399986520409584 -29.139999628067017 11.030000679194927 43 57 74 34 16 48 40 23 17 10 21 31 34 15 7 13 13 17 5 16 7 1 7 10 8 8 4 7 13 4 7 6 8 9 4 14 0 8 2745.9600029289722 5976.459997013211 2011.3299977183342 600.570001527667 1908.090005248785 3965.129999294877 2503.7800003141165 1461.3499989807606 221.90000212192535 718.5999964624643 1679.9300048202276 2735.550001487136 1872.6000004410744 484.7399953454733 711.5899981409311 944.9399992078543 1461.3499989807606 330.0100033134222 600.570001527667 339.7000010609627 0.7500000149011612 515.9399967640638 945.4100022166967 245.77000115811825 631.1799998730421 217.8000022917986 794.1900018751621 749.7900043725967 329.26000329852104 536.9000009447336 408.03999826312065 1078.4099985659122 509.1500001400709 202.43999800086021 378.89999540150166 0 354.8000003695488 863.5900008678436 7517.670002788305 8945.07000207901 6.000001825392246 -56.7899997420609 8.16000073775649 -4.719998218119144 -36.859999526292086 10.910000931471586
44 0 0 0 0 1 0 0 0 1 0 0 0 0 0 0 0 0 0 0 0 0 0 0 0 0 0 0 0 0 0 0 0 0 0 0 0 0 0 0 0 0 26.42000013589859 0 0 0 26.42000013589859 0 0 0 0 0 0 0 0 0 0 0 0 0 0 0 0 0 0 0 0 0 0 0 0 0 0 0 0 4.710000097751617 9.40999984741211 26.42000013589859 1.1175870895385742e-8 -0.48999999836087227 0.09000000357627869 -0.8199999816715717 -0.9999999888241291 0.09000000357627869 44 2 9 2 1 3 7 5 2 2 1 0 3 4 1 0 1 2 0 1 0 0 1 1 0 1 0 2 0 0 0 1 2 0 0 1 0 1 174.2399983406067 568.7700012773275 104.50000016391277 36.540000185370445 115.03999876976013 464.27000111341476 341.30000065267086 122.9700004607439 26.600000143051147 88.43999862670898 0 190.93000043928623 331.54000076651573 85.7999997138977 0 67.95999997854233 122.9700004607439 0 36.540000185370445 0 0 63.489999890327454 59.48000057041645 0 9.759999886155128 0 177.73999996483326 0 0 0 67.95999997854233 153.80000080168247 0 0 88.43999862670898 0 36.540000185370445 77.28999951481819 641.5100006312132 769.6099997609854 3.0000002458691597 -5.249999973922968 3.360000144690275 -1.0999997779726982 -4.999999929219484 2.560000117868185 44 15 16 5 6 11 11 6 5 3 6 4 8 5 1 2 1 5 2 6 2 0 2 3 4 1 0 3 2 2 0 1 2 2 0 4 0 2 823.2500020563602 1139.349998652935 266.4099999964237 166.6100017428398 520.5100000947714 872.9399986565113 471.27999962866306 401.65999902784824 81.56000030040741 387.84999933838844 212.13000029325485 638.9299999922514 461.51999974250793 85.7999997138977 161.02999983727932 67.95999997854233 401.65999902784824 169.31000098586082 166.6100017428398 162.25000104308128 0 134.68999993801117 266.9699990898371 129.19000156223774 9.759999886155128 0 307.71999894082546 51.10000045597553 169.31000098586082 0 67.95999997854233 153.80000080168247 161.02999983727932 0 225.59999829530716 0 37.420000180602074 282.4000019133091 1593.990000501275 2044.1600010097027 1.000000510364771 -13.739999942481518 1.4500002525746822 -0.5599994547665119 -10.349999882280827 3.9600003249943256 44 25 37 20 11 20 17 8 9 5 8 17 17 5 2 9 5 9 4 11 2 1 5 4 5 3 1 3 6 3 2 3 2 7 2 6 0 6 1137.1600044071674 2362.0699970573187 1023.2999981194735 326.1000005453825 704.3400012403727 1338.7699989378452 650.6200016736984 688.1499972641468 135.1300002783537 390.5399992913008 658.8000015765429 1293.519999280572 461.51999974250793 180.3999991118908 479.3799998909235 347.0099992454052 688.1499972641468 259.1100027859211 326.1000005453825 162.25000104308128 0.7500000149011612 373.6699980944395 314.4799991697073 129.19000156223774 189.1000019311905 0.0 307.71999894082546 178.6700016707182 258.36000277101994 158.71999937295914 188.28999987244606 153.80000080168247 398.2400005310774 81.13999935984612 228.2899982482195 0 196.90999898314476 454.6300018131733 2917.3300008773804 3635.110001757741 -0.9999992065131664 -27.389999885112047 -0.18999972194433212 -5.279999252408743 -18.539999779313803 3.5600003600120544 44 40 56 28 13 32 28 15 13 7 15 22 27 8 5 11 11 13 4 13 3 1 5 8 7 7 2 4 8 3 6 5 4 8 3 12 0 6 1660.6099986433983 4064.8699956536293 1533.87999689579 388.4500003308058 1017.2900002151728 2530.989998757839 1335.5999990552664 1195.3899997025728 197.86000196635723 537.6299965530634 818.870001539588 2254.4000005573034 835.8199988007545 391.2799962759018 536.3199998289347 800.6499980837107 1195.3899997025728 259.1100027859211 388.4500003308058 185.78000077605247 0.7500000149011612 373.6699980944395 821.7200016081333 191.54000134766102 499.78000025451183 55.98999984562397 412.94999888539314 225.81000185012817 258.36000277101994 470.1300003528595 330.5199977308512 422.8699999153614 398.2400005310774 138.07999929785728 351.8499957770109 0 196.90999898314476 611.670000821352 4929.559996545315 5924.089996278286 2.0000012926757336 -41.579999811947346 3.5300004966557026 -5.979998752474785 -27.479999650269747 6.550000641494989 44 51 70 32 16 43 38 22 16 9 20 27 32 14 5 12 12 16 5 16 6 1 6 10 8 8 4 6 10 4 6 6 8 8 4 14 0 8 2256.7000021338463 5729.799999818206 1833.6499975174665 600.570001527667 1505.6200033724308 3896.1500023007393 2396.359998971224 1499.7900033295155 215.2300019711256 650.6599955409765 1241.1600044071674 2707.2200052440166 1765.1799990981817 391.2799962759018 600.6799985319376 878.1699986159801 1499.7900033295155 330.0100033134222 600.570001527667 271.76000013947487 0.7500000149011612 428.2499983459711 1071.5400049835443 245.77000115811825 631.1799998730421 217.8000022917986 686.7700005322695 421.9300035685301 329.26000329852104 470.1300003528595 408.03999826312065 1078.4099985659122 398.2400005310774 202.43999800086021 378.89999540150166 0 354.8000003695488 844.1800016760826 6844.880003899336 8202.480003938079 6.000001676380634 -52.55999977141619 7.710000678896904 -3.2299983724951744 -32.379999570548534 10.100000858306885
45 1 0 0 0 1 0 0 0 0 1 0 0 0 0 0 0 0 0 0 0 0 0 0 0 0 0 0 0 0 0 0 0 0 0 1 0 0 88.43999862670898 0 0 0 88.43999862670898 0 0 0 0 88.43999862670898 0 0 0 0 0 0 0 0 0 0 0 0 0 0 0 0 0 0 0 0 0 0 0 0 88.43999862670898 0 0 22.719999313354492 61.959999322891235 88.43999862670898 7.450580596923828e-9 -0.3999999985098839 0.0 -0.19999998807907104 -0.5099999904632568 0.0 45 3 5 1 0 5 4 2 2 3 2 0 3 2 1 0 1 2 0 0 1 0 1 1 0 0 0 1 0 0 0 1 1 0 0 1 0 0 301.53000009059906 392.260000243783 67.95999997854233 0 297.29000067710876 324.30000026524067 201.32999980449677 122.9700004607439 81.56000030040741 215.73000037670135 0 190.93000043928623 201.32999980449677 85.7999997138977 0 67.95999997854233 122.9700004607439 0 0 127.29000174999237 0 63.489999890327454 59.48000057041645 0 0 0 137.76999954879284 0 0 0 67.95999997854233 63.560000255703926 0 0 88.43999862670898 0 0 132.46000070869923 567.9100008308887 775.3500006347895 2.0116567611694336e-7 -4.5399999767541885 0.4500001147389412 -2.7599997967481613 -4.9799999371171 0.5700001046061516 45 9 14 3 3 10 11 5 6 4 5 2 7 4 1 1 1 6 0 3 2 0 3 3 2 1 0 2 1 0 0 1 2 1 0 3 0 1 580.3200007081032 1092.1199985146523 184.20000007748604 135.29000101983547 526.5100005269051 907.9199984371662 341.30000065267086 566.6199977844954 130.7400003671646 347.25999969244003 128.21000038087368 634.5799977630377 331.54000076651573 85.7999997138977 79.69999991357327 67.95999997854233 566.6199977844954 0 135.29000101983547 162.25000104308128 0 299.6499986946583 266.9699990898371 98.75000083446503 9.759999886155128 0 177.73999996483326 48.510000467300415 0 0 67.95999997854233 153.80000080168247 79.69999991357327 0 185.00999864935875 0 36.540000185370445 282.25000093877316 1346.9200001209974 1803.17999958992 -0.9999995343387127 -11.029999952763319 -0.4599997401237488 -3.09999955072999 -8.369999911636114 0.3700002655386925 45 18 26 11 7 14 15 7 8 4 7 6 15 5 2 3 5 8 2 7 2 0 4 4 4 2 0 3 3 2 2 3 2 3 0 5 0 3 1010.6800029426813 2078.959998562932 773.6099988371134 312.1300009638071 662.5200016498566 1305.3499997258186 599.8500013649464 705.4999983608723 130.7400003671646 389.8099992722273 385.6300022006035 1221.8199985921383 461.51999974250793 180.3999991118908 243.66000019013882 347.0099992454052 705.4999983608723 169.31000098586082 312.1300009638071 162.25000104308128 0 300.37999871373177 405.1199996471405 129.19000156223774 138.33000162243843 0 307.71999894082546 141.97000201046467 169.31000098586082 158.71999937295914 188.28999987244606 153.80000080168247 243.66000019013882 0 227.559998229146 0 182.93999940156937 405.46000178158283 2579.430001243949 3220.380001872778 -0.9999992959201336 -19.29999991506338 -0.27999966219067574 -1.9599992856383324 -13.639999832957983 3.1800003983080387 45 28 47 24 11 23 23 11 12 7 9 18 23 6 4 10 8 12 4 11 2 1 5 7 5 5 1 4 6 3 4 4 2 8 2 7 0 6 1267.680002182722 3300.759997650981 1248.8499987721443 326.1000005453825 767.6500029116869 2051.9099988788366 934.5900001525879 1117.3199987262487 197.86000196635723 391.1199992746115 658.8000015765429 1948.2400013953447 566.7499996870756 310.33999690413475 479.3799998909235 572.5599998980761 1117.3199987262487 259.1100027859211 326.1000005453825 162.25000104308128 0.7500000149011612 373.6699980944395 743.6500006318092 129.19000156223774 367.8400004655123 0.0 412.94999888539314 178.6700016707182 258.36000277101994 301.430000141263 271.12999975681305 153.80000080168247 398.2400005310774 81.13999935984612 228.8699982315302 0 196.90999898314476 520.7600026130676 3917.2900008410215 4767.050001814961 -0.9999989420175552 -33.309999849647284 0.35000042244791985 -3.899998974055052 -21.399999722838402 4.910000536590815 45 44 67 31 15 37 36 19 17 8 16 25 32 12 5 11 12 17 4 15 4 1 7 10 7 7 3 6 10 3 6 6 6 8 3 12 0 8 2064.450003013015 5483.159999907017 1769.2899988144636 546.3400017172098 1438.5000045895576 3713.870001092553 1993.5000008046627 1720.3700002878904 215.2300019711256 595.7099964767694 1164.6300059854984 2856.9000016748905 1493.7200005501509 391.2799962759018 536.3199998289347 878.1699986159801 1720.3700002878904 259.1100027859211 546.3400017172098 243.86000069975853 0.7500000149011612 545.2799957692623 1175.0900045186281 191.54000134766102 499.78000025451183 205.63000257313251 686.7700005322695 421.9300035685301 258.36000277101994 470.1300003528595 408.03999826312065 806.9500000178814 398.2400005310774 138.07999929785728 351.8499957770109 0 354.8000003695488 842.2100013494492 6428.210003942251 7763.590004906058 2.0000015795230865 -48.069999787956476 3.6200006641447544 -5.759998459368944 -30.229999616742134 6.49000084027648
46 0 1 0 0 0 1 0 1 0 0 0 1 0 0 0 0 1 0 0 0 0 1 0 0 0 0 0 0 0 0 0 0 0 0 0 0 0 0 63.489999890327454 0 0 0 63.489999890327454 0 63.489999890327454 0 0 0 63.489999890327454 0 0 0 0 63.489999890327454 0 0 0 0 63.489999890327454 0 0 0 0 0 0 0 0 0 0 0 0 0 0 0 6.980000019073486 45.94000017642975 63.489999890327454 -0.999999962747097 -0.3999999985098839 -0.9999999701976776 -0.1499999761581421 0.0 -0.23999997973442078 46 3 5 2 0 4 3 1 2 2 2 1 3 1 1 1 1 2 0 0 1 0 1 1 0 0 0 1 0 0 0 1 0 1 0 1 0 0 301.53000009059906 501.8399976938963 147.6599998921156 0 297.1100006699562 354.1799978017807 137.76999954879284 216.40999825298786 81.38000029325485 215.73000037670135 79.69999991357327 284.3699982315302 137.76999954879284 85.7999997138977 79.69999991357327 67.95999997854233 216.40999825298786 0 0 127.29000174999237 0 63.489999890327454 152.9199983626604 0 0 0 137.76999954879284 0 0 0 67.95999997854233 0 79.69999991357327 0 88.43999862670898 0 0 141.85000051558018 656.0499987900257 884.7499980777502 -0.9999998360872269 -4.049999978393316 -0.6399999149143696 -1.6299998126924038 -4.469999946653843 0.480000089854002 46 7 9 2 0 9 7 4 3 3 5 2 4 3 1 1 1 3 0 0 2 0 1 2 0 1 0 2 1 0 0 1 1 1 0 3 0 0 441.5199990272522 674.6099988222122 147.6599998921156 0 437.2799996137619 526.9499989300966 251.0600001066923 275.8899988234043 81.56000030040741 307.2099988460541 128.21000038087368 343.84999880194664 241.30000022053719 85.7999997138977 79.69999991357327 67.95999997854233 275.8899988234043 0 0 162.25000104308128 0 63.489999890327454 212.39999893307686 0 9.759999886155128 0 177.73999996483326 48.510000467300415 0 0 67.95999997854233 63.560000255703926 79.69999991357327 0 144.9599978029728 0 0 190.11000072956085 888.1599985361099 1197.6899981498718 1.000000312924385 -7.73999996483326 1.4500001668930054 -2.039999656379223 -7.919999904930592 2.1400001794099808 46 13 22 8 6 12 14 6 8 4 7 4 11 4 1 3 2 8 1 6 2 0 5 3 3 2 0 2 1 1 1 1 2 3 0 5 0 3 748.4300025850534 1661.9699983149767 551.459998741746 309.55000099539757 569.0600001066923 1110.5099995732307 469.87000238895416 640.6399971842766 130.7400003671646 389.8099992722273 232.7700008302927 922.5999976992607 331.54000076651573 85.7999997138977 184.2600003629923 184.2599989771843 640.6399971842766 97.70000153779984 309.55000099539757 162.25000104308128 0 373.6699980944395 266.9699990898371 126.6100015938282 138.33000162243843 0 177.73999996483326 48.510000467300415 97.70000153779984 116.29999899864197 67.95999997854233 153.80000080168247 184.2600003629923 0 227.559998229146 0 182.93999940156937 349.5100013613701 1984.6300015300512 2541.1400012671947 -1.9999994114041328 -15.829999934881926 -1.459999706596136 -3.899999428540468 -11.819999869912863 1.6400003209710121 46 21 41 23 10 18 18 9 9 5 7 16 19 5 2 9 8 9 3 10 2 1 5 4 4 4 1 3 5 2 4 4 2 8 1 5 0 6 1013.1200028955936 2684.449995815754 1189.3499968200922 326.1000005453825 674.5100017935038 1495.0999989956617 716.3100012540817 778.78999774158 140.29000055789948 389.8099992722273 588.4900018274784 1497.209996715188 461.51999974250793 180.3999991118908 443.32999984920025 549.1099979877472 778.78999774158 170.06000100076199 326.1000005453825 162.25000104308128 0.7500000149011612 373.6699980944395 405.1199996471405 129.19000156223774 254.7900015115738 0.0 307.71999894082546 144.410001963377 169.31000098586082 301.430000141263 247.67999784648418 153.80000080168247 398.2400005310774 45.089999318122864 227.559998229146 0 196.90999898314476 434.2100018411875 3144.159998357296 3838.609999284148 7.934868335723877e-7 -27.389999885112047 0.8100002780556679 -2.469999309629202 -16.069999810308218 3.7200003266334534 46 39 58 29 15 32 29 15 14 8 14 21 28 9 5 10 11 14 4 15 3 1 5 9 7 6 2 4 8 3 6 5 5 8 2 11 0 8 1633.8999981284142 4481.2800016105175 1634.829998344183 546.3400017172098 1007.949999704957 2846.4500032663345 1459.6200007349253 1386.8300025314093 215.2300019711256 510.91999603807926 761.9300016015768 2445.84000338614 1047.240000128746 391.2799962759018 479.3799998909235 800.6499980837107 1386.8300025314093 259.1100027859211 546.3400017172098 185.78000077605247 0.7500000149011612 373.6699980944395 1013.1600044369698 191.54000134766102 412.38000060617924 55.98999984562397 412.94999888539314 225.81000185012817 258.36000277101994 470.1300003528595 330.5199977308512 634.2900012433529 398.2400005310774 81.13999935984612 325.1399952620268 0 354.8000003695488 652.3100027292967 5275.730000540614 6331.160001724958 1.0000013299286366 -42.4699998088181 2.6200005188584328 -4.299998719245195 -26.3799996599555 6.6400006748735905
47 1 0 0 0 1 0 0 0 0 1 0 0 0 0 0 0 0 0 0 1 0 0 0 0 0 0 0 0 0 0 0 0 0 0 0 0 0 127.29000174999237 0 0 0 127.29000174999237 0 0 0 0 127.29000174999237 0 0 0 0 0 0 0 0 0 127.29000174999237 0 0 0 0 0 0 0 0 0 0 0 0 0 0 0 0 0 34.71000134944916 68.55000066757202 127.29000174999237 7.450580596923828e-9 -0.3999999985098839 0.0 -0.06999999284744263 -0.4699999988079071 0.0 47 2 3 1 0 3 2 1 1 1 2 1 1 1 0 1 0 1 0 0 1 0 1 0 0 0 0 1 0 0 0 0 0 1 0 1 0 0 215.73000037670135 280.95999935269356 79.69999991357327 0 270.6900005340576 201.2599994391203 137.76999954879284 63.489999890327454 54.96000015735626 215.73000037670135 79.69999991357327 63.489999890327454 137.76999954879284 0 79.69999991357327 0 63.489999890327454 0 0 127.29000174999237 0 63.489999890327454 0 0 0 0 137.76999954879284 0 0 0 0 0 79.69999991357327 0 88.43999862670898 0 0 117.53000076115131 372.88000051677227 551.6499998867512 8.940696716308594e-8 -2.4899999909102917 0.09000004455447197 0.6000000759959221 -1.9399999864399433 0.8500000350177288 47 3 6 2 0 4 4 2 2 2 2 1 3 2 1 1 1 2 0 0 1 0 1 1 0 0 0 2 0 0 0 1 0 1 0 1 0 0 301.53000009059906 541.8099981099367 147.6599998921156 0 297.1100006699562 394.1499982178211 177.73999996483326 216.40999825298786 81.38000029325485 215.73000037670135 79.69999991357327 284.3699982315302 177.73999996483326 85.7999997138977 79.69999991357327 67.95999997854233 216.40999825298786 0 0 127.29000174999237 0 63.489999890327454 152.9199983626604 0 0 0 177.73999996483326 0 0 0 67.95999997854233 0 79.69999991357327 0 88.43999862670898 0 0 142.84000052511692 692.9999992251396 924.7199984937906 1.9371509552001953e-7 -4.4499999769032 0.3600001074373722 -0.7899997755885124 -4.93999994546175 1.7000001221895218 47 8 14 5 2 10 9 5 4 3 6 3 5 4 1 2 1 4 0 2 2 0 2 2 0 1 0 2 1 0 0 1 2 2 0 4 0 2 522.1599995195866 1048.559998229146 266.4099999964237 37.420000180602074 517.9200001060963 782.1499982327223 341.30000065267086 440.8499975800514 81.56000030040741 387.84999933838844 209.54000030457973 508.80999755859375 331.54000076651573 85.7999997138977 161.02999983727932 67.95999997854233 440.8499975800514 0 37.420000180602074 162.25000104308128 0 228.44999864697456 212.39999893307686 0 9.759999886155128 0 177.73999996483326 48.510000467300415 0 0 67.95999997854233 153.80000080168247 161.02999983727932 0 225.59999829530716 0 37.420000180602074 270.3900007009506 1217.159998998046 1652.27999804914 1.000000361353159 -10.139999955892563 1.4500001706182957 -2.229999575763941 -9.369999893009663 2.7300002314150333 47 18 29 13 7 15 16 8 8 4 7 9 15 5 1 5 5 8 2 7 2 0 5 3 4 3 1 3 3 2 3 2 2 5 0 5 0 3 916.0800035446882 2250.9199982732534 959.6599994152784 312.1300009638071 662.5200016498566 1291.259998857975 650.6200016736984 640.6399971842766 130.7400003671646 389.8099992722273 471.780001193285 1256.8599990010262 461.51999974250793 85.7999997138977 329.8099991828203 446.91000083088875 640.6399971842766 169.31000098586082 312.1300009638071 162.25000104308128 0 373.6699980944395 266.9699990898371 129.19000156223774 189.1000019311905 0.0 307.71999894082546 141.97000201046467 169.31000098586082 258.76000095903873 188.14999987185 153.80000080168247 329.8099991828203 0 227.559998229146 0 182.93999940156937 406.7400019019842 2645.070001229644 3297.7400021851063 7.040798664093018e-7 -20.629999917000532 0.540000319480896 -0.9399993345141411 -13.309999849647284 4.090000364929438 47 29 50 25 11 25 25 12 13 8 10 18 25 6 4 10 9 13 4 11 2 1 5 8 5 6 1 3 6 3 5 4 3 8 2 8 0 6 1309.8200010359287 3711.020000502467 1346.299996972084 326.1000005453825 827.1600017696619 2364.720003530383 1098.7699998617172 1265.9500036686659 215.2300019711256 433.2599981278181 658.8000015765429 2194.3200045377016 686.389999255538 310.33999690413475 479.3799998909235 670.0099980980158 1265.9500036686659 259.1100027859211 326.1000005453825 162.25000104308128 0.7500000149011612 373.6699980944395 892.2800055742264 129.19000156223774 412.38000060617924 0.0 307.71999894082546 178.6700016707182 258.36000277101994 422.3300002515316 247.67999784648418 378.6700003147125 398.2400005310774 81.13999935984612 271.0099970847368 0 196.90999898314476 580.9000033438206 4297.530001312494 5236.820003524423 -0.9999988675117493 -35.39999984204769 0.4400004595518112 -4.329998962581158 -21.19999973848462 3.790000554174185
48 0 1 1 0 0 0 0 0 0 0 1 0 0 0 1 0 0 0 0 0 0 0 0 0 0 0 0 0 0 0 0 0 1 0 0 0 0 0 79.69999991357327 79.69999991357327 0 0 0 0 0 0 0 79.69999991357327 0 0 0 79.69999991357327 0 0 0 0 0 0 0 0 0 0 0 0 0 0 0 0 0 79.69999991357327 0 0 0 0 25.23000045120716 42.739999890327454 79.69999991357327 -3.725290298461914e-9 -0.3999999985098839 -1.1175870895385742e-8 -0.07000000402331352 -0.4699999988079071 -1.1175870895385742e-8 48 1 3 1 0 2 2 1 1 1 1 1 1 1 0 1 0 1 0 0 1 0 1 0 0 0 0 1 0 0 0 0 0 1 0 0 0 0 127.29000174999237 280.95999935269356 79.69999991357327 0 182.25000190734863 201.2599994391203 137.76999954879284 63.489999890327454 54.96000015735626 127.29000174999237 79.69999991357327 63.489999890327454 137.76999954879284 0 79.69999991357327 0 63.489999890327454 0 0 127.29000174999237 0 63.489999890327454 0 0 0 0 137.76999954879284 0 0 0 0 0 79.69999991357327 0 0 0 0 94.81000144779682 310.92000119388103 463.2100012600422 8.195638656616211e-8 -2.089999992400408 0.09000004455447197 0.8000000640749931 -1.4299999959766865 0.8500000350177288 48 3 5 2 0 4 3 1 2 2 2 1 3 1 1 1 1 2 0 0 1 0 1 1 0 0 0 1 0 0 0 1 0 1 0 1 0 0 301.53000009059906 501.8399976938963 147.6599998921156 0 297.1100006699562 354.1799978017807 137.76999954879284 216.40999825298786 81.38000029325485 215.73000037670135 79.69999991357327 284.3699982315302 137.76999954879284 85.7999997138977 79.69999991357327 67.95999997854233 216.40999825298786 0 0 127.29000174999237 0 63.489999890327454 152.9199983626604 0 0 0 137.76999954879284 0 0 0 67.95999997854233 0 79.69999991357327 0 88.43999862670898 0 0 141.85000051558018 656.0499987900257 884.7499980777502 -0.9999998360872269 -4.049999978393316 -0.6399999149143696 -1.6299998126924038 -4.469999946653843 0.480000089854002 48 9 14 4 2 11 10 5 5 4 6 3 6 4 1 2 1 5 0 2 2 0 3 2 1 1 0 2 1 0 0 1 2 2 0 4 0 1 620.9100003540516 1118.879998281598 265.5300000011921 135.29000101983547 567.1000001728535 853.349998280406 341.30000065267086 512.0499976277351 130.7400003671646 387.84999933838844 209.54000030457973 580.0099976062775 331.54000076651573 85.7999997138977 161.02999983727932 67.95999997854233 512.0499976277351 0 135.29000101983547 162.25000104308128 0 299.6499986946583 212.39999893307686 98.75000083446503 9.759999886155128 0 177.73999996483326 48.510000467300415 0 0 67.95999997854233 153.80000080168247 161.02999983727932 0 225.59999829530716 0 36.540000185370445 303.29000094532967 1376.8799997121096 1870.5299990028143 4.246830940246582e-7 -11.029999952763319 0.5400002188980579 -2.059999540448189 -9.389999892562628 2.030000250786543 48 18 26 10 7 14 16 7 9 4 7 7 14 5 2 4 3 9 2 7 2 0 5 4 4 2 1 3 2 2 2 1 2 4 0 5 0 3 1013.1600016057491 2055.149998575449 676.5099994689226 312.1300009638071 659.9300016611814 1378.6399991065264 599.8500013649464 778.78999774158 130.7400003671646 389.8099992722273 406.27000273764133 1174.7799980789423 461.51999974250793 185.46999776363373 266.8900007158518 226.67999935150146 778.78999774158 169.31000098586082 312.1300009638071 162.25000104308128 0 373.6699980944395 405.1199996471405 129.19000156223774 138.33000162243843 0.0 307.71999894082546 139.38000202178955 169.31000098586082 158.71999937295914 67.95999997854233 153.80000080168247 266.8900007158518 0 227.559998229146 0 182.93999940156937 410.9000017940998 2544.250000551343 3199.0500005483627 -1.999999277293682 -19.29999991506338 -1.2799996435642242 -4.149999283254147 -14.10999983176589 1.7700004018843174 48 29 47 25 11 24 22 10 12 6 10 18 24 5 4 9 10 12 3 11 2 1 5 7 5 5 1 3 7 2 5 5 2 8 1 8 0 6 1362.1399998664856 3341.8200009018183 1393.0899968147278 326.1000005453825 897.9800008833408 1948.7300040870905 760.8500013947487 1187.8800026923418 144.68000046908855 433.2599981278181 764.1200021505356 2110.0400016605854 461.51999974250793 310.33999690413475 443.32999984920025 752.8499979823828 1187.8800026923418 170.06000100076199 326.1000005453825 162.25000104308128 0.7500000149011612 373.6699980944395 814.2100045979023 129.19000156223774 299.33000165224075 0.0 307.71999894082546 320.0400022864342 169.31000098586082 422.3300002515316 330.5199977308512 153.80000080168247 398.2400005310774 45.089999318122864 271.0099970847368 0 196.90999898314476 540.4200020432472 3980.1000004559755 4849.390001252294 -1.9999989680945873 -33.219999849796295 -0.7399996034801006 -5.069999050348997 -20.179999750107527 2.610000491142273
49 0 0 0 0 1 0 0 0 1 0 0 0 0 0 0 0 0 0 0 0 0 0 0 0 0 0 0 0 0 0 0 0 0 0 0 0 0 0 0 0 0 54.96000015735626 0 0 0 54.96000015735626 0 0 0 0 0 0 0 0 0 0 0 0 0 0 0 0 0 0 0 0 0 0 0 0 0 0 0 0 27.889999628067017 16.790000915527344 54.96000015735626 1.1175870895385742e-8 -0.48999999836087227 0.09000000357627869 1.1175870895385742e-8 -0.48999999836087227 0.09000000357627869 49 3 3 1 0 3 2 1 1 1 2 1 1 1 1 1 0 1 0 0 1 0 1 0 0 0 0 1 0 0 0 0 0 1 0 1 0 0 301.53000009059906 280.95999935269356 79.69999991357327 0 270.6900005340576 201.2599994391203 137.76999954879284 63.489999890327454 54.96000015735626 215.73000037670135 79.69999991357327 63.489999890327454 137.76999954879284 85.7999997138977 79.69999991357327 0 63.489999890327454 0 0 127.29000174999237 0 63.489999890327454 0 0 0 0 137.76999954879284 0 0 0 0 0 79.69999991357327 0 88.43999862670898 0 0 129.44000060856342 446.05000035464764 637.4499996006489 1.0803341865539551e-7 -2.7599999830126762 0.27000005170702934 0.3600000962615013 -2.4499999769032 1.0300000421702862 49 4 9 2 0 6 7 2 5 3 3 1 6 2 1 1 1 5 0 0 1 0 3 2 0 0 0 1 0 0 0 1 1 1 0 2 0 0 382.1700005829334 861.0399973243475 147.6599998921156 0 377.93000116944313 713.3799974322319 201.32999980449677 512.0499976277351 81.56000030040741 296.3700008690357 79.69999991357327 580.0099976062775 201.32999980449677 85.7999997138977 79.69999991357327 67.95999997854233 512.0499976277351 0 0 127.29000174999237 0 299.6499986946583 212.39999893307686 0 0 0 137.76999954879284 0 0 0 67.95999997854233 63.560000255703926 79.69999991357327 0 169.07999911904335 0 0 228.4200010150671 964.6199986636639 1324.7699982076883 -2.9999996833503246 -6.539999969303608 -2.5499998070299625 -4.779999669641256 -6.899999924004078 -1.2199998088181019 49 10 16 4 3 10 12 5 7 4 5 3 9 4 1 2 1 7 1 3 2 0 3 4 2 1 0 2 1 1 0 1 2 2 0 3 0 1 651.9300001561642 1312.8999994248152 266.83000043034554 135.29000101983547 526.5100005269051 1046.0699989944696 341.30000065267086 704.7699983417988 130.7400003671646 347.25999969244003 210.84000073373318 844.3399977684021 331.54000076651573 85.7999997138977 162.33000026643276 67.95999997854233 704.7699983417988 71.60999944806099 135.29000101983547 162.25000104308128 0 299.6499986946583 405.1199996471405 98.75000083446503 9.759999886155128 0 177.73999996483326 48.510000467300415 71.60999944806099 0 67.95999997854233 153.80000080168247 162.33000026643276 0 185.00999864935875 0 36.540000185370445 321.0300015062094 1589.1099997609854 2095.569999948144 -1.9999994784593582 -12.22999994829297 -1.459999706596136 -3.809999495744705 -8.879999902099371 -0.6299997009336948 49 18 30 13 7 13 17 7 10 4 7 7 17 5 3 5 5 10 2 7 2 0 5 5 4 2 0 3 2 2 2 3 2 4 1 5 0 3 1019.4799994379282 2390.7099998295307 841.9299986809492 312.1300009638071 571.6500000953674 1548.7800011485815 599.8500013649464 948.9299997836351 130.7400003671646 389.8099992722273 363.0800004899502 1465.2500000149012 461.51999974250793 280.0699971616268 311.98000003397465 347.0099992454052 948.9299997836351 169.31000098586082 312.1300009638071 162.25000104308128 0 373.6699980944395 575.2600016891956 129.19000156223774 138.33000162243843 0 307.71999894082546 51.10000045597553 169.31000098586082 158.71999937295914 188.28999987244606 153.80000080168247 266.8900007158518 45.089999318122864 227.559998229146 0 182.93999940156937 424.83000142872334 2859.4699999690056 3540.9299996346235 -2.9999992214143276 -20.769999902695417 -2.0999996215105057 -5.399999223649502 -15.379999812692404 0.9900004304945469 49 34 51 25 11 28 26 13 13 7 12 20 25 8 5 10 9 13 4 11 2 1 6 7 5 5 2 5 7 3 5 4 3 8 2 10 0 6 1636.4599990844727 3880.129998087883 1369.749998882413 326.1000005453825 1055.4900004416704 2510.37999920547 1205.469999089837 1304.910000115633 197.86000196635723 481.59999634325504 856.1600020378828 2256.7300028949976 837.6299986243248 391.2799962759018 479.3799998909235 693.4600000083447 1304.910000115633 259.1100027859211 326.1000005453825 162.25000104308128 0.7500000149011612 490.6999955177307 814.2100045979023 129.19000156223774 367.8400004655123 55.98999984562397 511.1699990481138 320.0400022864342 258.36000277101994 422.3300002515316 271.12999975681305 326.459999576211 398.2400005310774 81.13999935984612 319.34999530017376 0 196.90999898314476 682.9100012928247 4658.839998736978 5715.199999153614 1.210719347000122e-6 -37.17999982833862 1.5300004966557026 -3.0399988293647766 -22.909999702125788 5.590000633150339
50 0 1 0 0 0 1 1 0 0 0 0 0 1 0 0 0 0 0 0 0 0 0 0 0 0 0 1 0 0 0 0 0 0 0 0 0 0 0 137.76999954879284 0 0 0 137.76999954879284 137.76999954879284 0 0 0 0 0 137.76999954879284 0 0 0 0 0 0 0 0 0 0 0 0 0 137.76999954879284 0 0 0 0 0 0 0 0 0 0 0.0 136.89999954402447 137.76999954879284 1.0000000298023224 -0.3999999985098839 1.0000000223517418 1.0900000259280205 0.0 1.0000000223517418 50 3 4 2 0 4 2 1 1 2 2 1 2 1 1 1 1 1 0 0 1 0 1 0 0 0 0 1 0 0 0 1 0 1 0 1 0 0 301.53000009059906 348.9199993312359 147.6599998921156 0 297.1100006699562 201.2599994391203 137.76999954879284 63.489999890327454 81.38000029325485 215.73000037670135 79.69999991357327 131.44999986886978 137.76999954879284 85.7999997138977 79.69999991357327 67.95999997854233 63.489999890327454 0 0 127.29000174999237 0 63.489999890327454 0 0 0 0 137.76999954879284 0 0 0 67.95999997854233 0 79.69999991357327 0 88.43999862670898 0 0 136.17000068724155 521.1100002080202 731.8299997150898 1.2665987014770508e-7 -3.6499999798834324 0.36000005528330803 -0.6999998651444912 -3.959999956190586 1.3000000528991222 50 6 10 2 0 8 8 4 4 3 5 1 5 3 1 1 1 4 0 0 2 0 2 2 0 1 0 2 0 0 0 1 1 1 0 3 0 0 433.05999940633774 839.5699975788593 147.6599998921156 0 428.81999999284744 691.9099976867437 251.0600001066923 440.8499975800514 81.56000030040741 347.25999969244003 79.69999991357327 508.80999755859375 241.30000022053719 85.7999997138977 79.69999991357327 67.95999997854233 440.8499975800514 0 0 162.25000104308128 0 228.44999864697456 212.39999893307686 0 9.759999886155128 0 177.73999996483326 0 0 0 67.95999997854233 63.560000255703926 79.69999991357327 0 185.00999864935875 0 0 236.25000031292439 979.97999830544 1354.1899972856045 3.427267074584961e-7 -7.73999996483326 0.45000019669532776 -2.909999631345272 -7.879999913275242 1.2300002127885818 50 12 20 8 5 11 12 5 7 4 6 5 10 4 1 4 1 7 2 5 2 0 4 3 2 1 0 2 1 2 0 1 2 4 0 4 0 3 790.2200013399124 1426.4399985522032 517.7900000959635 281.6900002360344 567.1000001728535 908.6499984562397 341.30000065267086 567.3499978035688 130.7400003671646 387.84999933838844 315.4000011831522 804.619998767972 331.54000076651573 85.7999997138977 266.8900007158518 67.95999997854233 567.3499978035688 169.31000098586082 281.6900002360344 162.25000104308128 0 300.37999871373177 266.9699990898371 98.75000083446503 9.759999886155128 0 177.73999996483326 48.510000467300415 169.31000098586082 0 67.95999997854233 153.80000080168247 266.8900007158518 0 225.59999829530716 0 182.93999940156937 345.28000098466873 1798.3000008612871 2347.40000025928 -1.9999994710087776 -14.629999939352274 -1.459999743849039 -3.0999994836747646 -10.839999880641699 1.6400002837181091 50 24 37 19 11 19 18 9 9 5 8 12 18 5 3 6 7 9 2 11 2 0 5 4 5 4 1 3 5 2 3 4 2 5 1 6 0 6 1113.5200009644032 2476.5099963247776 981.4099973291159 326.1000005453825 675.2400018125772 1495.0999989956617 716.3100012540817 778.78999774158 140.29000055789948 390.5399992913008 456.39000199735165 1420.6199970394373 461.51999974250793 280.0699971616268 311.98000003397465 472.51999831199646 778.78999774158 169.31000098586082 326.1000005453825 162.25000104308128 0 373.6699980944395 405.1199996471405 129.19000156223774 254.7900015115738 0.0 307.71999894082546 144.410001963377 169.31000098586082 201.3899985551834 271.12999975681305 153.80000080168247 266.8900007158518 45.089999318122864 228.2899982482195 0 196.90999898314476 425.8300016373396 3052.639997705817 3730.3199978470802 8.23289155960083e-7 -26.45999988168478 0.9900003187358379 -4.749999258667231 -17.41999977454543 3.6800003573298454 50 37 57 28 14 31 29 15 14 8 13 21 28 8 4 10 11 14 4 14 2 1 5 9 7 7 2 4 8 3 6 5 4 8 2 11 0 7 1627.019999474287 4378.319998756051 1527.4299979954958 438.94000136852264 1082.010000422597 2850.8900007605553 1464.059998229146 1386.8300025314093 215.2300019711256 487.38999630510807 859.5200020521879 2445.84000338614 964.2799979746342 310.33999690413475 479.3799998909235 800.6499980837107 1386.8300025314093 259.1100027859211 438.94000136852264 162.25000104308128 0.7500000149011612 373.6699980944395 1013.1600044369698 191.54000134766102 499.78000025451183 55.98999984562397 412.94999888539314 323.4000023007393 258.36000277101994 470.1300003528595 330.5199977308512 551.329999089241 398.2400005310774 81.13999935984612 325.1399952620268 0 247.40000002086163 657.9800016731024 5155.8599998652935 6221.320000216365 1.0000013075768948 -41.39999981969595 2.4400005228817463 -3.9299987331032753 -25.089999686926603 5.810000691562891
51 1 0 0 0 0 0 0 0 0 0 0 0 0 1 0 0 0 0 0 0 0 0 0 0 0 0 0 0 0 0 0 0 0 0 0 0 0 85.7999997138977 0 0 0 0 0 0 0 0 0 0 0 0 85.7999997138977 0 0 0 0 0 0 0 0 0 0 0 0 0 0 0 0 0 0 0 0 0 0 0 11.90999984741211 73.16999983787537 85.7999997138977 1.862645149230957e-8 -0.26999999210238457 0.18000000715255737 -0.23999997973442078 -0.5099999904632568 0.18000000715255737 51 3 6 1 0 4 5 2 3 2 2 0 4 2 1 0 1 3 0 0 0 0 1 2 0 0 0 1 0 0 0 1 1 0 0 2 0 0 254.87999883294106 545.1799986064434 67.95999997854233 0 250.4599994122982 477.2199986279011 201.32999980449677 275.8899988234043 81.38000029325485 169.07999911904335 0 343.84999880194664 201.32999980449677 85.7999997138977 0 67.95999997854233 275.8899988234043 0 0 0 0 63.489999890327454 212.39999893307686 0 0 0 137.76999954879284 0 0 0 67.95999997854233 63.560000255703926 0 0 169.07999911904335 0 0 129.02999986708164 681.7799984365702 881.4399977326393 -0.9999997727572918 -4.4499999769032 -0.6399998590350151 -2.7499997466802597 -4.509999938309193 0.0200001522898674 51 10 16 5 5 10 11 5 6 4 6 1 8 4 1 1 1 6 1 5 2 0 3 3 2 1 0 2 0 1 0 1 2 1 0 4 0 3 670.100001424551 1238.5199977308512 330.59999929368496 281.6900002360344 518.589999705553 907.9199984371662 341.30000065267086 566.6199977844954 130.7400003671646 387.84999933838844 79.69999991357327 732.2799993008375 331.54000076651573 85.7999997138977 79.69999991357327 67.95999997854233 566.6199977844954 97.70000153779984 281.6900002360344 162.25000104308128 0 299.6499986946583 266.9699990898371 98.75000083446503 9.759999886155128 0 177.73999996483326 0 97.70000153779984 0 67.95999997854233 153.80000080168247 79.69999991357327 0 225.59999829530716 0 182.93999940156937 288.910000115633 1573.690000936389 2039.3599995225668 -0.9999995268881321 -12.22999994829297 -0.45999975502491 -2.3799995370209217 -8.839999910444021 0.9400002732872963 51 16 27 12 7 13 15 6 9 4 6 8 15 5 1 5 4 9 2 7 2 0 5 4 4 1 1 3 2 2 1 3 2 4 1 4 0 3 823.2500020563602 1938.5999958515167 688.5299984812737 312.1300009638071 569.6900001615286 1250.069997370243 471.27999962866306 778.78999774158 130.7400003671646 387.84999933838844 363.0800004899502 1141.7099977731705 461.51999974250793 85.7999997138977 311.98000003397465 193.60999904572964 778.78999774158 169.31000098586082 312.1300009638071 162.25000104308128 0 373.6699980944395 405.1199996471405 129.19000156223774 9.759999886155128 0.0 307.71999894082546 51.10000045597553 169.31000098586082 42.669999182224274 150.93999986350536 153.80000080168247 266.8900007158518 45.089999318122864 225.59999829530716 0 182.93999940156937 386.290001899004 2287.879997715354 2892.5899982750416 -2.9999993219971657 -19.029999922960997 -2.4599996767938137 -4.519999358803034 -13.309999849647284 0.6500003561377525 51 32 47 25 12 26 22 11 11 6 12 18 24 6 3 9 10 11 4 12 2 1 5 6 6 5 2 3 6 3 5 5 3 7 2 10 0 6 1403.0999996215105 3350.8099962472916 1368.6499954760075 345.3200008124113 860.9399983286858 1982.160000771284 985.7200009077787 996.4399998635054 144.68000046908855 481.59999634325504 654.3000000417233 2007.650000616908 686.389999255538 280.0699971616268 418.8899985104799 752.8499979823828 996.4399998635054 259.1100027859211 345.3200008124113 162.25000104308128 0.7500000149011612 373.6699980944395 622.7700017690659 148.41000182926655 299.33000165224075 55.98999984562397 307.71999894082546 178.6700016707182 258.36000277101994 422.3300002515316 330.5199977308512 378.6700003147125 337.7499991506338 81.13999935984612 319.34999530017376 0 196.90999898314476 548.5600012093782 4034.6499959230423 4899.339996352792 1.039355993270874e-6 -34.549999851733446 1.0800003856420517 -5.0799990221858025 -22.679999727755785 4.880000498145819 51 45 68 32 15 40 36 20 16 10 18 25 31 12 5 12 12 16 4 15 5 1 7 9 7 8 2 4 10 3 6 6 8 8 4 13 0 8 1989.8299997895956 5514.629995048046 1833.6499975174665 546.3400017172098 1370.5500015169382 3680.9799975305796 2122.5399973243475 1558.440000206232 221.90000212192535 569.0199959129095 1181.060002028942 2694.970001593232 1491.3599974513054 391.2799962759018 600.6799985319376 878.1699986159801 1558.440000206232 259.1100027859211 546.3400017172098 213.6800002157688 0.7500000149011612 545.2799957692623 1013.1600044369698 191.54000134766102 631.1799998730421 55.98999984562397 412.94999888539314 523.6400036364794 258.36000277101994 470.1300003528595 408.03999826312065 1078.4099985659122 398.2400005310774 202.43999800086021 355.3399956971407 0 354.8000003695488 754.7500002980232 6495.109998211265 7727.109996974468 4.000001568347216 -49.84999978169799 5.800000622868538 -4.959998492151499 -31.269999597221613 7.840000778436661
52 0 1 1 0 0 0 0 0 0 0 0 1 0 0 0 1 0 0 0 0 0 0 0 0 0 0 0 0 0 0 1 0 0 0 0 0 0 0 67.95999997854233 67.95999997854233 0 0 0 0 0 0 0 0 67.95999997854233 0 0 0 67.95999997854233 0 0 0 0 0 0 0 0 0 0 0 0 0 0 67.95999997854233 0 0 0 0 0 0 2.0199999809265137 65.65000000596046 67.95999997854233 7.450580596923828e-9 -0.3999999985098839 0.0 -0.23999997973442078 -0.5099999904632568 0.18000000715255737 52 6 7 1 0 7 6 4 2 2 4 1 3 3 1 0 1 2 0 0 1 0 1 1 0 1 0 2 1 0 0 1 1 0 0 3 0 0 314.2299972772598 535.4299983382225 67.95999997854233 0 255.02999770641327 467.4699983596802 251.0600001066923 216.40999825298786 26.600000143051147 179.9199970960617 48.510000467300415 284.3699982315302 241.30000022053719 85.7999997138977 0 67.95999997854233 216.40999825298786 0 0 34.95999929308891 0 63.489999890327454 152.9199983626604 0 9.759999886155128 0 177.73999996483326 48.510000467300415 0 0 67.95999997854233 63.560000255703926 0 0 144.9599978029728 0 0 82.40999886393547 732.6299967765808 876.2599957585335 2.000000260770321 -6.049999970942736 2.360000144690275 -0.7499996945261955 -6.019999910145998 2.8200001679360867 52 13 18 7 5 12 11 6 5 3 7 5 7 4 1 3 1 5 1 5 2 0 3 2 2 2 1 2 1 1 0 1 2 3 0 5 0 3 649.6800017505884 1254.9400003552437 435.159999743104 210.80000016093254 519.8800000399351 819.7800006121397 469.87000238895416 349.90999822318554 81.56000030040741 389.8099992722273 232.7700008302927 515.5699997395277 331.54000076651573 85.7999997138977 184.2600003629923 67.95999997854233 349.90999822318554 97.70000153779984 210.80000016093254 162.25000104308128 0 137.50999929010868 212.39999893307686 27.860000759363174 138.33000162243843 0.0 177.73999996483326 48.510000467300415 97.70000153779984 0 67.95999997854233 153.80000080168247 184.2600003629923 0 227.559998229146 0 182.93999940156937 281.75000181794167 1549.8400019705296 1986.1800024062395 1.0000004582107067 -13.739999942481518 1.450000200420618 -2.7399995401501656 -11.36999986320734 3.8200002312660217 52 23 35 17 10 19 18 10 8 5 8 12 17 5 2 5 7 8 3 10 2 1 5 3 5 5 1 3 5 2 4 3 2 4 1 6 0 5 949.3700032234192 2249.0699955374002 847.579996958375 318.50000074505806 675.0900017768145 1401.4899985790253 760.8500013947487 640.6399971842766 140.29000055789948 390.389999255538 374.5100016593933 1238.869996264577 461.51999974250793 116.06999945640564 229.34999968111515 428.9199980944395 640.6399971842766 170.06000100076199 318.50000074505806 162.25000104308128 0.7500000149011612 373.6699980944395 266.9699990898371 129.19000156223774 299.33000165224075 0.0 307.71999894082546 144.410001963377 169.31000098586082 301.430000141263 127.4899979531765 153.80000080168247 184.2600003629923 45.089999318122864 228.1399982124567 0 189.30999918282032 375.27000108361244 2734.639999434352 3339.47999933362 2.0000008046627045 -25.78999989107251 2.810000319033861 -2.849999316036701 -16.289999809116125 4.500000346451998 52 37 54 29 15 32 25 13 12 8 14 21 26 7 3 10 11 12 4 15 3 1 5 7 7 6 2 3 8 3 6 5 4 8 2 11 0 8 1453.290000706911 3918.059996455908 1634.829998344183 546.3400017172098 1007.949999704957 2283.229998111725 1257.9800004512072 1025.2499976605177 215.2300019711256 510.91999603807926 761.9300016015768 2084.2599985152483 845.5999998450279 210.66999885439873 479.3799998909235 800.6499980837107 1025.2499976605177 259.1100027859211 546.3400017172098 185.78000077605247 0.7500000149011612 373.6699980944395 651.5799995660782 191.54000134766102 412.38000060617924 55.98999984562397 307.71999894082546 225.81000185012817 258.36000277101994 470.1300003528595 330.5199977308512 537.8800009042025 398.2400005310774 81.13999935984612 325.1399952620268 0 354.8000003695488 582.8400026857853 4653.909997627139 5587.329999148846 1.0000011660158634 -40.3299998305738 2.2600004076957703 -5.049998931586742 -24.35999970510602 5.5600005351006985 52 47 69 33 16 40 36 21 15 10 19 25 30 13 6 13 12 15 4 16 5 1 6 9 8 8 2 5 9 3 6 6 8 9 4 14 0 8 1975.3799975663424 5557.9799959510565 1944.55999712646 600.570001527667 1252.7400006055832 3613.4199988245964 2298.139998808503 1315.2800000160933 221.90000212192535 592.5799956172705 1150.6000010222197 2451.8100014030933 1666.959998935461 440.40999515354633 711.5899981409311 878.1699986159801 1315.2800000160933 259.1100027859211 600.570001527667 213.6800002157688 0.7500000149011612 428.2499983459711 887.0300016701221 245.77000115811825 631.1799998730421 55.98999984562397 588.5500003695488 382.2700030207634 258.36000277101994 470.1300003528595 408.03999826312065 1078.4099985659122 509.1500001400709 202.43999800086021 378.89999540150166 0 354.8000003695488 747.5200006365776 6518.509996876121 7756.009995654225 6.000001583248377 -50.91999977082014 7.980000611394644 -4.059998467564583 -32.93999956920743 10.320000771433115
53 0 1 0 0 0 1 0 1 0 0 0 1 0 0 0 0 1 0 0 0 0 0 1 0 0 0 0 0 0 0 0 0 0 0 0 0 0 0 152.9199983626604 0 0 0 152.9199983626604 0 152.9199983626604 0 0 0 152.9199983626604 0 0 0 0 152.9199983626604 0 0 0 0 0 152.9199983626604 0 0 0 0 0 0 0 0 0 0 0 0 0 0 5.679999828338623 134.9399985820055 152.9199983626604 -0.999999962747097 -0.3999999985098839 -0.9999999701976776 -0.9299999475479126 -0.5099999904632568 -0.8199999630451202 53 4 7 3 2 3 4 2 2 0 3 0 3 2 1 0 1 2 0 2 1 0 1 1 0 0 0 1 0 0 0 1 1 0 0 2 0 2 177.27999818325043 534.2999981194735 214.35999919474125 146.39999921619892 91.47999846935272 319.9399989247322 103.53000067174435 216.40999825298786 0 91.47999846935272 0 284.3699982315302 103.53000067174435 85.7999997138977 0 67.95999997854233 216.40999825298786 0 146.39999921619892 34.95999929308891 0 63.489999890327454 152.9199983626604 0 0 0 39.97000041604042 0 0 0 67.95999997854233 63.560000255703926 0 0 56.51999917626381 0 146.39999921619892 50.8299989849329 619.0599975287914 711.5799963027239 1.601874828338623e-7 -4.269999977201223 0.18000007420778275 -0.13999978825449944 -3.4499999582767487 1.4400001354515553 53 10 14 6 3 10 8 4 4 3 5 5 6 3 1 3 1 4 1 3 2 0 3 1 1 1 1 2 1 1 0 1 1 3 0 3 0 2 539.220000565052 940.1099973171949 398.61999955773354 146.39999921619892 437.2799996137619 541.4899977594614 251.0600001066923 290.4299976527691 81.56000030040741 307.2099988460541 232.7700008302927 456.08999916911125 241.30000022053719 85.7999997138977 184.2600003629923 67.95999997854233 290.4299976527691 97.70000153779984 146.39999921619892 162.25000104308128 0 137.50999929010868 152.9199983626604 0.0 9.759999886155128 0.0 177.73999996483326 48.510000467300415 97.70000153779984 0 67.95999997854233 63.560000255703926 184.2600003629923 0 144.9599978029728 0 146.39999921619892 211.01999992132187 1225.0899994820356 1560.8899981826544 3.650784492492676e-7 -10.93999995291233 0.4500001594424248 -2.779999602586031 -9.91999987512827 3.000000197440386 53 22 32 17 9 20 15 10 5 5 9 11 14 5 1 5 7 5 2 9 2 0 3 2 4 5 1 2 5 2 4 3 3 4 1 7 0 5 862.4900014996529 2131.7099968492985 926.0599966943264 219.74999991059303 685.4200005680323 1205.650000154972 855.7400019317865 349.90999822318554 108.48000049591064 432.5299981087446 373.76000164449215 1026.6199970394373 556.4100002795458 85.7999997138977 229.34999968111515 507.39999783039093 349.90999822318554 169.31000098586082 219.74999991059303 162.25000104308128 0 137.50999929010868 212.39999893307686 30.440000727772713 299.33000165224075 0.0 177.73999996483326 144.410001963377 169.31000098586082 379.90999987721443 127.4899979531765 378.6700003147125 184.2600003629923 45.089999318122864 270.27999706566334 0 189.30999918282032 335.87000155448914 2558.099997982383 3102.679998844862 5.000000659376383 -23.91999990493059 5.630000215023756 0.260000541806221 -14.259999830275774 7.000000242143869 53 35 47 26 15 30 21 12 9 7 15 18 21 7 2 9 9 9 4 15 3 1 5 4 7 5 1 3 7 3 5 4 4 7 2 12 0 8 1270.5700014829636 3247.8499976545572 1384.209997996688 546.3400017172098 866.6499983817339 1863.6399996578693 1144.9300014972687 718.7099981606007 162.05000047385693 513.04999576509 589.0500016957521 1609.7299990206957 845.5999998450279 116.06999945640564 396.749999538064 632.6599980890751 718.7099981606007 259.1100027859211 546.3400017172098 184.42000058293343 0.7500000149011612 373.6699980944395 345.04000006616116 191.54000134766102 299.33000165224075 0.0 307.71999894082546 191.55000214278698 258.36000277101994 422.3300002515316 210.3299978375435 537.8800009042025 315.6100001782179 81.13999935984612 328.62999518215656 0 354.8000003695488 473.1600017696619 3913.9199988693 4681.219999626279 3.000000987201929 -36.36999985203147 3.990000307559967 -1.819999162107706 -20.04999977350235 6.660000409930944 53 46 70 33 16 42 37 21 16 11 20 25 31 13 4 13 12 16 4 16 6 1 7 9 8 8 2 6 9 3 6 6 7 9 4 14 0 8 1862.710001066327 5544.919993877411 1944.55999712646 600.570001527667 1396.0400020182133 3600.359996750951 2309.1499998122454 1291.2099969387054 297.2600026130676 660.5199965387583 1150.6000010222197 2427.7399983257055 1677.9699999392033 259.79999773204327 711.5899981409311 878.1699986159801 1291.2099969387054 259.1100027859211 600.570001527667 281.6200011372566 0.7500000149011612 515.9399967640638 775.2700001746416 245.77000115811825 631.1799998730421 55.98999984562397 695.9700017124414 382.2700030207634 258.36000277101994 470.1300003528595 408.03999826312065 981.9999982267618 509.1500001400709 202.43999800086021 378.89999540150166 0 354.8000003695488 766.4000017791986 6426.229996487498 7705.639997571707 5.000001609325409 -51.66999978199601 6.710000637918711 -5.1999984830617905 -32.78999960049987 8.72000078484416
54 1 0 0 0 1 0 0 0 0 1 0 0 0 0 0 0 0 0 0 1 0 0 0 0 0 0 0 0 0 0 0 0 0 0 0 0 0 34.95999929308891 0 0 0 34.95999929308891 0 0 0 0 34.95999929308891 0 0 0 0 0 0 0 0 0 34.95999929308891 0 0 0 0 0 0 0 0 0 0 0 0 0 0 0 0 0 9.989999502897263 17.149999618530273 34.95999929308891 7.450580596923828e-9 -0.3999999985098839 0.0 -0.25 -0.4699999988079071 -0.09000000357627869 54 4 5 4 2 3 1 0 1 0 3 1 3 0 0 1 1 1 1 2 1 0 0 1 0 0 0 0 0 1 0 1 0 1 0 2 0 2 189.18000000715256 390.5099980831146 237.58999972045422 146.39999921619892 91.47999846935272 152.9199983626604 0 152.9199983626604 0 91.47999846935272 23.230000525712967 318.57999987900257 0 0 23.230000525712967 67.95999997854233 152.9199983626604 97.70000153779984 146.39999921619892 34.95999929308891 0 0 152.9199983626604 0 0 0 0 0 97.70000153779984 0 67.95999997854233 0 23.230000525712967 0 56.51999917626381 0 146.39999921619892 35.569998905062675 515.7499990910292 579.6899980902672 -0.9999999292194843 -3.599999986588955 -0.9999999962747097 -0.49999989569187164 -2.429999977350235 0.33000005781650543 54 11 18 9 4 11 9 5 4 3 6 5 8 3 1 3 3 4 1 4 1 0 3 1 1 2 1 2 1 1 2 1 1 2 1 5 0 3 414.4699987322092 1058.3799954801798 451.1999981403351 151.34999902546406 267.1199978142977 607.1799973398447 316.7499996870756 290.4299976527691 36.15000033378601 182.45999701321125 116.83000031113625 619.6599984616041 241.30000022053719 85.7999997138977 68.31999984383583 231.5299992710352 290.4299976527691 97.70000153779984 151.34999902546406 34.95999929308891 0 137.50999929010868 152.9199983626604 0.0 75.44999946653843 0.0 177.73999996483326 48.510000467300415 97.70000153779984 163.56999929249287 67.95999997854233 63.560000255703926 23.230000525712967 45.089999318122864 147.49999772012234 0 151.34999902546406 118.39999833703041 1312.439996033907 1508.999994546175 1.0000003948807716 -12.93999994546175 1.4500001519918442 -3.399999648332596 -9.399999868124723 2.750000160187483 54 28 33 18 12 24 15 10 5 5 12 12 14 5 1 5 7 5 2 12 3 0 3 2 6 5 1 2 6 2 4 3 3 4 1 9 0 6 998.7099990546703 2182.1999978870153 976.5499977320433 332.5900007337332 759.2899983376265 1205.650000154972 855.7400019317865 349.90999822318554 108.48000049591064 503.0399958640337 377.12000165879726 1026.6199970394373 556.4100002795458 85.7999997138977 229.34999968111515 507.39999783039093 349.90999822318554 169.31000098586082 332.5900007337332 184.42000058293343 0 137.50999929010868 212.39999893307686 92.79000051319599 299.33000165224075 0.0 177.73999996483326 147.7700019776821 169.31000098586082 379.90999987721443 127.4899979531765 378.6700003147125 184.2600003629923 45.089999318122864 318.6199952811003 0 239.80000022053719 338.81000159680843 2733.6099967211485 3289.3899974375963 5.000000696629286 -26.71999989449978 5.630000200122595 -0.49999942630529404 -15.169999819248915 6.79000024870038 54 44 53 29 16 40 24 13 11 10 19 22 25 7 3 10 11 11 4 16 5 1 6 5 8 6 2 3 9 3 6 5 4 7 3 14 0 8 1700.1700007468462 3736.8099980652332 1621.8799984753132 600.570001527667 1274.9199995994568 2114.92999958992 1276.330001115799 838.5999984741211 244.08000111579895 592.5799956172705 948.1100022643805 1854.9399999678135 845.5999998450279 165.19999833405018 509.0999993830919 757.9799987226725 838.5999984741211 259.1100027859211 600.570001527667 213.6800002157688 0.7500000149011612 428.2499983459711 410.35000012815 245.77000115811825 430.730001270771 55.98999984562397 307.71999894082546 382.2700030207634 258.36000277101994 470.1300003528595 287.84999836981297 537.8800009042025 363.6000013202429 145.49999806284904 378.89999540150166 0 354.8000003695488 591.2499996870756 4692.910001069307 5681.8099999427795 2.000001199543476 -43.709999818354845 3.440000381320715 -6.039998926222324 -27.539999671280384 6.33000048995018 54 50 72 35 16 45 37 21 16 11 21 28 32 13 5 14 13 16 4 16 6 1 7 9 8 8 2 6 11 3 7 6 7 10 4 15 0 8 2163.1599999666214 5749.029993191361 2148.6699964404106 600.570001527667 1652.1600007265806 3600.359996750951 2309.1499998122454 1291.2099969387054 297.2600026130676 745.2399956136942 1440.400000154972 2513.449998140335 1677.9699999392033 304.1299979239702 829.9899976402521 963.8799984306097 1291.2099969387054 259.1100027859211 600.570001527667 281.6200011372566 0.7500000149011612 515.9399967640638 775.2700001746416 245.77000115811825 631.1799998730421 55.98999984562397 695.9700017124414 553.6700026541948 258.36000277101994 555.840000167489 408.03999826312065 981.9999982267618 627.5499996393919 202.43999800086021 463.61999447643757 0 354.8000003695488 817.5200016647577 6840.009994968772 8210.199995785952 5.0000016540288925 -53.939999766647816 6.890000633895397 -5.059998448938131 -34.19999959692359 8.89000079035759
55 1 0 0 0 1 0 0 0 0 1 0 0 0 0 0 0 0 0 0 0 0 0 0 0 0 0 0 0 0 0 0 0 0 0 1 0 0 40.58999964594841 0 0 0 40.58999964594841 0 0 0 0 40.58999964594841 0 0 0 0 0 0 0 0 0 0 0 0 0 0 0 0 0 0 0 0 0 0 0 0 40.58999964594841 0 0 0.0 36.68999961018562 40.58999964594841 7.450580596923828e-9 -0.3999999985098839 0.0 0.49000000953674316 0.0 0.09000000357627869 55 4 8 5 2 5 3 1 2 1 3 3 3 1 0 2 1 2 0 2 1 0 1 1 0 0 1 1 0 0 0 1 0 2 0 2 0 2 91.47999846935272 503.7699978798628 237.58999972045422 146.39999921619892 101.02999866008759 266.17999815940857 39.97000041604042 226.20999774336815 9.550000190734863 91.47999846935272 23.230000525712967 294.1699977219105 39.97000041604042 0 23.230000525712967 67.95999997854233 226.20999774336815 0 146.39999921619892 34.95999929308891 0 73.28999938070774 152.9199983626604 0 0 0.0 39.97000041604042 0 0 0 67.95999997854233 0 23.230000525712967 0 56.51999917626381 0 146.39999921619892 31.799999102950096 540.1399973332882 604.7999965399504 -0.9999998696148396 -5.289999980479479 -0.9099999666213989 -0.7099998407065868 -2.899999976158142 0.41000010445713997 55 13 24 12 6 13 12 8 4 4 5 7 10 3 1 3 5 4 1 6 1 0 3 1 2 5 1 1 3 1 3 2 2 3 0 4 0 4 444.76000241935253 1566.449997767806 648.2899982780218 180.62999975681305 286.9200007468462 918.1599994897842 627.7300018370152 290.4299976527691 53.52000033855438 94.01999838650227 243.94000247120857 779.0899980217218 328.4000001847744 85.7999997138977 104.56000044941902 390.9599988311529 290.4299976527691 97.70000153779984 180.62999975681305 34.95999929308891 0 137.50999929010868 152.9199983626604 27.860000759363174 299.33000165224075 0.0 39.97000041604042 139.38000202178955 97.70000153779984 263.61000087857246 127.34999795258045 288.429999768734 104.56000044941902 0 59.05999909341335 0 152.76999899744987 166.81999979913235 1775.0300002098083 2064.730000525713 4.0000004805624485 -16.629999931901693 4.540000170469284 0.7700004354119301 -10.359999865293503 6.500000216066837 55 27 36 20 13 22 16 10 6 4 10 14 15 5 2 5 7 6 3 13 3 1 3 3 5 5 1 2 7 2 4 3 3 4 1 7 0 8 1021.8400007784367 2444.2399990558624 1091.5499978810549 445.01000091433525 699.7700001299381 1352.6900011748075 924.7100019752979 427.9799991995096 53.52000033855438 454.69999764859676 421.6500018388033 1104.6899980157614 625.3800003230572 116.06999945640564 229.34999968111515 507.39999783039093 427.9799991995096 170.06000100076199 445.01000091433525 184.42000058293343 0.7500000149011612 137.50999929010868 290.46999990940094 90.21000054478645 299.33000165224075 0.0 177.73999996483326 191.55000214278698 169.31000098586082 379.90999987721443 127.4899979531765 447.6400003582239 184.2600003629923 45.089999318122864 270.27999706566334 0 354.8000003695488 335.6200024038553 2982.9599981606007 3520.3500001877546 4.000000718981028 -27.29999988526106 4.7200002036988735 -1.7799993939697742 -16.169999800622463 6.820000264793634 55 42 56 31 16 37 25 15 10 9 17 24 24 9 3 12 11 10 4 16 4 1 4 6 8 6 2 5 9 3 6 5 4 8 4 13 0 8 1667.7300003319979 4022.679998487234 1741.739996880293 600.570001527667 1193.2999991178513 2280.940001606941 1541.0000032782555 739.9399983286858 194.90000104904175 560.1399952024221 1067.9700006693602 1756.2799998223782 1128.6200026720762 165.19999833405018 628.9599977880716 757.9799987226725 739.9399983286858 259.1100027859211 600.570001527667 207.95000031590462 0.7500000149011612 208.7099993377924 531.2299989908934 245.77000115811825 412.38000060617924 55.98999984562397 590.7400017678738 382.2700030207634 258.36000277101994 470.1300003528595 287.84999836981297 537.8800009042025 426.5199997872114 202.43999800086021 352.1899948865175 0 354.8000003695488 577.1400010287762 4919.379999682307 5886.059999883175 5.000001184642315 -43.61999981850386 6.350000366568565 -5.299998924136162 -28.539999652653933 9.130000475794077 55 51 71 35 16 45 36 21 15 11 21 28 31 13 6 14 13 15 4 16 6 1 7 8 8 8 2 6 11 3 7 6 7 10 4 15 0 8 2277.6699984818697 5610.879992634058 2148.6699964404106 600.570001527667 1652.1600007265806 3462.2099961936474 2309.1499998122454 1153.059996381402 297.2600026130676 745.2399956136942 1440.400000154972 2375.2999975830317 1677.9699999392033 418.6399964392185 829.9899976402521 963.8799984306097 1153.059996381402 259.1100027859211 600.570001527667 281.6200011372566 0.7500000149011612 515.9399967640638 637.1199996173382 245.77000115811825 631.1799998730421 55.98999984562397 695.9700017124414 553.6700026541948 258.36000277101994 555.840000167489 408.03999826312065 981.9999982267618 627.5499996393919 202.43999800086021 463.61999447643757 0 354.8000003695488 812.3700017631054 6809.789992645383 8186.5599937438965 6.000001635402441 -53.809999760240316 8.070000611245632 -4.989998456090689 -34.999999579042196 10.070000767707825
56 0 1 1 1 0 0 0 0 0 0 0 0 0 0 0 0 0 0 1 0 0 0 0 0 0 0 0 0 0 0 0 0 0 0 0 0 1 0 145.5199992209673 145.5199992209673 145.5199992209673 0 0 0 0 0 0 0 0 0 0 0 0 0 0 145.5199992209673 0 0 0 0 0 0 0 0 0 0 0 0 0 0 0 0 0 145.5199992209673 11.199999764561653 131.99999952316284 145.5199992209673 -7.450580596923828e-9 -0.3999999985098839 -1.4901161193847656e-8 0.3099999874830246 0.0 -1.4901161193847656e-8 56 3 10 7 2 4 3 1 2 1 2 3 5 1 0 2 3 2 0 2 1 0 1 1 0 0 1 0 0 0 2 1 1 2 0 1 0 2 75.54999893903732 843.6699942648411 392.5899970084429 146.39999921619892 85.09999912977219 451.0799972563982 224.86999951303005 226.20999774336815 9.550000190734863 75.54999893903732 23.230000525712967 449.16999500989914 224.86999951303005 0 23.230000525712967 222.959997266531 226.20999774336815 0 146.39999921619892 34.95999929308891 0 73.28999938070774 152.9199983626604 0 0 0.0 0 0 0 163.56999929249287 59.389997974038124 224.86999951303005 23.230000525712967 0 40.58999964594841 0 146.39999921619892 54.009999081492424 823.6699939221144 928.7699933946133 -0.9999998696148396 -5.689999978989363 -0.9099999740719795 -1.1799998804926872 -3.299999974668026 -0.4999999403953552 56 9 22 11 4 9 11 8 3 2 6 3 9 3 1 2 5 3 1 4 1 0 2 1 0 5 1 1 0 1 3 2 2 2 0 5 0 4 319.65999849140644 1470.6999990195036 616.0299994200468 201.84000006318092 163.07999743521214 854.6699995994568 627.7300018370152 226.93999776244164 26.920000195503235 136.1599972397089 23.230000525712967 715.5999981313944 328.4000001847744 85.7999997138977 23.230000525712967 390.9599988311529 226.93999776244164 97.70000153779984 201.84000006318092 34.95999929308891 0 74.01999939978123 152.9199983626604 0 299.33000165224075 0.0 39.97000041604042 0 97.70000153779984 263.61000087857246 127.34999795258045 288.429999768734 23.230000525712967 0 101.19999794661999 0 201.84000006318092 94.89999848604202 1644.3599985986948 1817.2799977064133 5.000000394880772 -13.249999944120646 5.360000144690275 2.480000339448452 -7.289999905973673 5.81000017747283 56 21 32 16 11 18 16 10 6 4 9 9 13 5 1 4 6 6 1 11 2 0 3 3 5 5 1 2 4 1 3 3 3 3 1 7 0 6 711.5599974542856 2209.9299996495247 851.4099989831448 400.87000092864037 491.369995996356 1358.52000066638 924.7100019752979 433.809998691082 53.52000033855438 295.10999362170696 292.39000180363655 922.6099990606308 625.3800003230572 85.7999997138977 149.64999976754189 391.09999883174896 433.809998691082 97.70000153779984 400.87000092864037 57.129998832941055 0 137.50999929010868 296.2999994009733 90.21000054478645 299.33000165224075 0.0 177.73999996483326 142.74000203609467 97.70000153779984 263.61000087857246 127.4899979531765 447.6400003582239 104.56000044941902 45.089999318122864 237.9799947887659 0 310.6600003838539 219.4499995112419 2617.4799976050854 2975.0099974423647 4.000000651925802 -23.029999908059835 4.540000222623348 -0.6699994429945946 -12.719999842345715 5.860000282526016 56 39 46 25 15 35 21 13 8 8 18 17 20 7 3 7 10 8 3 15 5 1 4 4 7 6 1 3 8 2 5 5 4 5 2 13 0 8 1457.6199990808964 3304.3499981462955 1469.599996984005 501.820000693202 1166.6000005751848 1834.7500011622906 1253.7700034826994 580.9799976795912 190.51000113785267 628.07999612391 753.380001321435 1460.4699972867966 823.0400022119284 165.19999833405018 404.6199979931116 710.1799986213446 580.9799976795912 170.06000100076199 501.820000693202 275.8900012373924 0.7500000149011612 225.1999977082014 355.77999997138977 147.02000032365322 430.730001270771 0.0 285.1600013077259 348.0100033134222 169.31000098586082 422.3300002515316 287.84999836981297 537.8800009042025 295.1699999719858 109.4499980211258 352.1899948865175 0 354.8000003695488 486.25000125169754 4125.3599981069565 4953.229998379946 5.000001020729542 -37.929999839514494 6.260000307112932 -4.4799991101026535 -24.10999970510602 7.480000380426645 56 52 70 35 16 45 35 21 14 10 21 29 30 13 6 14 13 14 4 16 6 1 7 7 8 8 2 7 12 3 7 6 6 10 4 15 0 8 2407.220002308488 5514.349993720651 2123.839995801449 600.570001527667 1780.720002412796 3390.509997919202 2284.96000161767 1105.5499963015318 244.08000111579895 745.2399956136942 1597.3100026994944 2327.7899975031614 1653.780001744628 366.44999708235264 805.1599970012903 963.8799984306097 1105.5499963015318 259.1100027859211 600.570001527667 281.6200011372566 0.7500000149011612 515.9399967640638 589.609999537468 245.77000115811825 631.1799998730421 55.98999984562397 844.4400022923946 735.4100058376789 258.36000277101994 555.840000167489 408.03999826312065 809.3399994522333 602.7199990004301 202.43999800086021 463.61999447643757 0 354.8000003695488 781.1100022047758 6816.999995395541 8166.399997159839 7.000001601874828 -53.319999761879444 8.980000585317612 -2.719998463988304 -35.15999958664179 12.190000765025616
57 0 0 0 0 1 0 0 0 1 0 0 0 0 0 0 0 0 0 0 0 0 0 0 0 0 0 0 0 0 0 0 0 0 0 0 0 0 0 0 0 0 9.550000190734863 0 0 0 9.550000190734863 0 0 0 0 0 0 0 0 0 0 0 0 0 0 0 0 0 0 0 0 0 0 0 0 0 0 0 0 0.0 9.550000190734863 9.550000190734863 1.1175870895385742e-8 -0.48999999836087227 0.09000000357627869 0.09000000357627869 0.0 0.09000000357627869 57 2 10 7 2 4 3 2 1 2 1 3 4 1 0 2 3 1 0 2 0 0 1 0 0 1 1 0 0 0 2 1 1 2 0 1 0 2 40.58999964594841 802.9599984288216 454.0299992263317 150.46999903023243 67.50999984145164 348.92999920248985 275.6399998217821 73.28999938070774 26.920000195503235 40.58999964594841 23.230000525712967 353.61999905109406 224.86999951303005 0 23.230000525712967 280.3299996703863 73.28999938070774 0 150.46999903023243 0 0 73.28999938070774 0 0 50.77000030875206 0.0 0 0 0 220.9400016963482 59.389997974038124 224.86999951303005 23.230000525712967 0 40.58999964594841 0 150.46999903023243 45.019999608397484 775.9499981850386 870.4699982702732 1.0000001154839993 -5.779999978840351 1.1800000108778477 2.2200000882148743 -1.86999998614192 1.6900000385940075 57 9 19 10 5 10 9 7 2 2 5 5 6 3 0 2 4 2 0 5 1 0 2 0 1 4 1 1 2 0 3 1 2 2 0 4 0 4 228.01999945938587 1335.7100011259317 548.0699994415045 244.9699995815754 211.81000013649464 787.6400016844273 713.620002284646 74.01999939978123 26.920000195503235 94.01999838650227 114.1000020802021 397.0199982523918 424.0500005185604 0 23.230000525712967 322.9999988526106 74.01999939978123 0 244.9699995815754 34.95999929308891 0 74.01999939978123 0 43.12999951839447 289.5700017660856 0.0 39.97000041604042 90.87000155448914 0 263.61000087857246 59.389997974038124 384.08000010252 23.230000525712967 0 59.05999909341335 0 201.84000006318092 95.36999958753586 1424.3500004857779 1590.6500007808208 5.0000003054738045 -12.179999954998493 5.180000081658363 5.400000222027302 -4.229999963194132 6.29000012204051 57 23 31 16 12 18 15 10 5 4 7 11 12 5 2 4 6 5 1 12 2 0 2 3 6 5 1 2 6 1 3 3 3 3 1 5 0 6 668.8299994468689 2116.090001553297 851.4099989831448 455.1000007390976 449.74999962747097 1264.6800025701523 894.3600037693977 370.31999880075455 102.46000069379807 158.32999677956104 338.61000192165375 859.1199991703033 595.030002117157 79.39999862015247 149.64999976754189 391.09999883174896 370.31999880075455 97.70000153779984 455.1000007390976 57.129998832941055 0 74.01999939978123 296.2999994009733 144.44000035524368 299.33000165224075 0.0 147.39000175893307 188.96000215411186 97.70000153779984 263.61000087857246 127.4899979531765 447.6400003582239 104.56000044941902 45.089999318122864 101.19999794661999 0 310.6600003838539 233.7699997127056 2501.3300008922815 2887.380001693964 5.000000640749931 -23.29999990016222 5.720000199973583 -1.6899994611740112 -14.169999830424786 6.0700002536177635 57 37 49 29 15 32 20 12 8 7 16 19 22 7 3 9 12 8 3 15 3 1 4 4 7 5 1 4 8 2 7 5 3 6 3 13 0 8 1266.4699949920177 3547.9500002861023 1759.239997804165 501.820000693202 920.4899963289499 1788.7100024819374 1207.7300048023462 580.9799976795912 135.5500009804964 436.9299920350313 909.5100022256374 1593.979997202754 908.4000031501055 165.19999833405018 560.7499988973141 843.689998537302 580.9799976795912 170.06000100076199 501.820000693202 80.65999856591225 0.7500000149011612 225.1999977082014 355.77999997138977 147.02000032365322 299.33000165224075 0.0 460.76000279188156 348.0100033134222 169.31000098586082 555.840000167489 287.84999836981297 447.6400003582239 394.3600009381771 166.38999795913696 356.2699934691191 0 354.8000003695488 442.92999900877476 4174.5799972862005 4950.719996273518 4.000000987201929 -37.839999839663506 5.170000273734331 -7.249999146908522 -25.10999968647957 6.330000329762697 57 52 70 36 16 44 34 21 13 9 21 30 29 13 6 15 13 13 4 16 6 1 6 7 8 8 2 7 12 3 7 6 6 11 4 15 0 8 2407.220002308488 5472.349995747209 2246.799996584654 600.570001527667 1731.5400023460388 3225.5499991625547 2284.96000161767 940.5899975448847 194.90000104904175 745.2399956136942 1720.2700034826994 2162.8299987465143 1653.780001744628 366.44999708235264 928.1199977844954 963.8799984306097 940.5899975448847 259.1100027859211 600.570001527667 281.6200011372566 0.7500000149011612 350.9799980074167 589.609999537468 245.77000115811825 631.1799998730421 55.98999984562397 844.4400022923946 735.4100058376789 258.36000277101994 555.840000167489 408.03999826312065 809.3399994522333 725.6799997836351 202.43999800086021 463.61999447643757 0 354.8000003695488 755.9300020635128 6766.629997849464 8075.219999119639 8.000001549720764 -52.82999976351857 9.89000054076314 -2.1899985149502754 -35.13999958708882 13.100000720471144
58 0 1 1 0 0 0 0 0 0 0 0 1 0 0 0 1 0 0 0 0 0 0 0 0 0 0 0 0 0 0 1 0 0 0 0 0 0 0 59.389997974038124 59.389997974038124 0 0 0 0 0 0 0 0 59.389997974038124 0 0 0 59.389997974038124 0 0 0 0 0 0 0 0 0 0 0 0 0 0 59.389997974038124 0 0 0 0 0 0 0.38999998569488525 58.41999800503254 59.389997974038124 7.450580596923828e-9 -0.3999999985098839 0.0 -0.1899999976158142 -0.4699999988079071 -0.030000001192092896 58 2 12 6 3 3 6 5 1 2 0 2 4 2 0 1 3 1 0 3 0 0 1 0 1 3 1 0 0 0 2 1 2 1 0 0 0 2 43.12999951839447 1112.0500003695488 430.79999870061874 193.5999985486269 26.920000195503235 681.25000166893 607.9600022882223 73.28999938070774 26.920000195503235 0 0.0 353.61999905109406 384.08000010252 0 0.0 280.3299996703863 73.28999938070774 0 193.5999985486269 0 0 73.28999938070774 0 43.12999951839447 223.88000218570232 0.0 0 0 0 220.9400016963482 59.389997974038124 384.08000010252 0.0 0 0 0 150.46999903023243 72.0000000745058 1061.029999613762 1182.1000000834465 4.000000178813934 -6.579999975860119 4.1800000593066216 4.020000156015158 -1.9099999777972698 3.660000093281269 58 11 24 12 9 9 12 8 4 2 3 6 8 4 1 2 4 4 0 9 0 0 2 2 3 4 1 2 3 0 3 1 2 2 0 3 0 6 324.6300006210804 1695.3300038278103 656.8899997621775 427.2399999797344 204.7000014781952 1038.4400040656328 821.0400036275387 217.40000043809414 26.920000195503235 43.129999563097954 157.88000224530697 540.3999992907047 531.470001861453 30.269999742507935 23.230000525712967 322.9999988526106 217.40000043809414 0 427.2399999797344 0 0 74.01999939978123 143.3800010383129 116.57999959588051 289.5700017660856 0.0 147.39000175893307 134.650001719594 0 263.61000087857246 59.389997974038124 384.08000010252 23.230000525712967 0 43.129999563097954 0 310.6600003838539 113.35999977588654 1855.350004374981 2046.880004644394 4.000000420957804 -14.849999938160181 4.360000140964985 2.190000295639038 -6.659999940544367 4.93000015988946 58 26 35 21 13 20 14 9 5 3 9 13 15 4 2 5 9 5 1 13 3 0 2 3 6 5 1 2 7 1 5 4 2 4 1 6 0 7 958.8200014382601 2458.0599999427795 1256.9399976283312 462.70000053942204 739.5600016117096 1201.1200023144484 830.8000035136938 370.31999880075455 102.28000068664551 266.57999558746815 638.7500046044588 1138.6499985158443 531.470001861453 79.39999862015247 268.04999926686287 670.62999817729 370.31999880075455 97.70000153779984 462.70000053942204 80.65999856591225 0 74.01999939978123 296.2999994009733 144.44000035524368 299.33000165224075 0.0 147.39000175893307 370.70000533759594 97.70000153779984 465.619999691844 205.00999848544598 384.08000010252 222.95999994874 45.089999318122864 185.9199970215559 0 318.26000018417835 311.7600001990795 2994.6200007796288 3519.160002067685 4.000000640749931 -25.609999891370535 4.630000155419111 -1.299999501556158 -14.599999837577343 5.330000188201666 58 42 56 34 15 34 22 13 9 7 15 26 24 8 6 13 13 9 3 15 3 1 4 5 7 5 2 3 10 2 8 5 5 8 5 12 0 8 1791.5899976789951 4354.590001285076 2312.410000964999 501.820000693202 1162.1499994844198 2042.180000320077 1341.4200038015842 700.7599965184927 135.5500009804964 348.48999340832233 1645.63000613451 1860.9099970757961 1042.0900021493435 448.65999786555767 966.7700010240078 990.8399995714426 700.7599965184927 170.06000100076199 501.820000693202 80.65999856591225 0.7500000149011612 225.1999977082014 475.5599988102913 147.02000032365322 299.33000165224075 55.98999984562397 322.9900032430887 622.1200052499771 169.31000098586082 702.9900012016296 287.84999836981297 719.0999989062548 639.4500033259392 327.3199976980686 267.8299948424101 0 354.8000003695488 596.080000564456 5224.649999693036 6282.479999959469 4.000001095235348 -42.249999802559614 5.710000280290842 -10.52999896928668 -31.56999960541725 6.440000373870134 58 55 76 39 15 46 37 23 14 10 22 32 32 15 8 17 14 14 5 15 6 1 6 8 7 8 2 8 12 4 8 6 7 12 5 16 0 8 2875.500000298023 6405.479999408126 2640.95999892056 501.820000693202 1942.460003376007 3764.520000487566 2665.560004338622 1098.959996148944 264.6600030660629 886.3999946266413 1967.2800047844648 2625.7299982458353 2034.38000446558 634.9399970322847 1175.1299990862608 1111.0299994647503 1098.959996148944 416.4900026470423 501.820000693202 281.6200011372566 0.7500000149011612 350.9799980074167 747.9799981415272 147.02000032365322 631.1799998730421 55.98999984562397 1052.3800062388182 735.4100058376789 415.7400026321411 702.9900012016296 408.03999826312065 981.9999982267618 847.8100013881922 327.3199976980686 604.7799934893847 0 354.8000003695488 984.830005094409 7860.079999029636 9546.390002787113 9.000001706182957 -56.6599997356534 11.340000614523888 -1.8299983218312263 -39.579999543726444 14.61000081896782
59 0 1 1 0 0 0 0 0 0 0 0 1 0 0 0 1 0 0 0 0 0 0 0 0 0 0 0 0 0 1 0 0 0 0 0 0 0 0 100.0400015860796 100.0400015860796 0 0 0 0 0 0 0 0 100.0400015860796 0 0 0 100.0400015860796 0 0 0 0 0 0 0 0 0 0 0 0 0 100.0400015860796 0 0 0 0 0 0 0 0.0 93.0900012999773 100.0400015860796 7.450580596923828e-9 -0.3999999985098839 0.0 0.4000000059604645 0.0 0.0 59 1 8 2 0 2 6 5 1 1 0 1 3 2 0 0 2 1 0 0 0 0 1 0 0 3 1 1 0 0 1 1 1 0 0 0 0 0 0.0 721.4400010555983 159.42999956011772 0 9.550000190734863 562.0100014954805 488.7200021147728 73.28999938070774 9.550000190734863 0 0.0 232.71999894082546 264.8399999290705 0 0 159.42999956011772 73.28999938070774 0 0 0 0 73.28999938070774 0 0 223.88000218570232 0.0 39.97000041604042 0 0 100.0400015860796 59.389997974038124 224.86999951303005 0 0 0 0 0 22.269999995827675 687.0100007802248 730.9900012463331 4.000000178813934 -4.089999984949827 4.090000104159117 3.0900001637637615 -2.429999977350235 4.140000116080046 59 6 18 10 5 7 8 6 2 2 2 6 5 3 0 3 3 2 0 5 0 0 1 1 1 3 1 1 2 0 2 1 2 3 0 2 0 4 176.55000065267086 1442.9300025552511 643.6399994939566 301.8799988925457 160.34000132977962 799.2900030612946 647.9300027042627 151.36000035703182 26.920000195503235 42.549999579787254 195.43000200390816 431.69000002741814 424.0500005185604 0 104.56000044941902 280.3299996703863 151.36000035703182 0 301.8799988925457 0 0 73.28999938070774 78.07000097632408 43.12999951839447 223.88000218570232 0.0 39.97000041604042 90.87000155448914 0 220.9400016963482 59.389997974038124 384.08000010252 104.56000044941902 0 42.549999579787254 0 258.74999937415123 109.00999996066093 1465.3100031167269 1646.4000034034252 4.00000025331974 -10.579999960958958 4.1800000593066216 4.21000025048852 -3.829999964684248 5.100000157952309 59 18 29 15 10 15 14 9 5 2 7 9 11 4 1 3 6 5 0 10 3 0 2 3 4 5 1 2 5 0 4 2 2 3 0 4 0 6 445.80000008642673 2123.600000977516 922.4799986630678 400.87000092864037 352.2399999946356 1201.1200023144484 830.8000035136938 370.31999880075455 26.920000195503235 139.7199976593256 290.16000258922577 877.5799966305494 531.470001861453 30.269999742507935 104.56000044941902 507.2599978297949 370.31999880075455 0 400.87000092864037 80.65999856591225 0 74.01999939978123 296.2999994009733 90.21000054478645 299.33000165224075 0.0 147.39000175893307 185.60000213980675 0 379.90999987721443 127.34999795258045 384.08000010252 104.56000044941902 0 59.05999909341335 0 310.6600003838539 170.30000039935112 2298.780000343919 2596.320001259446 4.000000540167093 -19.649999920278788 4.360000170767307 0.3700004480779171 -10.659999880939722 5.460000216960907 59 31 46 27 14 26 19 11 8 5 12 19 19 6 3 9 10 8 2 14 4 1 3 5 6 5 1 3 8 1 6 4 3 7 2 8 0 8 1268.7300014793873 3285.4300024211407 1601.2999990433455 499.2400007247925 990.2700020819902 1684.1300033777952 1069.9600052535534 614.1699981242418 128.88000082969666 488.09999592602253 945.4000051766634 1387.0099985003471 770.6300036013126 165.19999833405018 571.3599998354912 675.1399988383055 614.1699981242418 98.450001552701 499.2400007247925 207.95000031590462 0.7500000149011612 137.50999929010868 476.65999883413315 144.44000035524368 299.33000165224075 0.0 322.9900032430887 373.29000532627106 97.70000153779984 470.1300003528595 205.00999848544598 447.6400003582239 469.33000057935715 102.02999925613403 280.1499956101179 0 354.8000003695488 484.68000078201294 3879.510003954172 4683.790004745126 3.0000008642673492 -33.259999856352806 3.990000233054161 -6.859999250620604 -22.57999972626567 5.3000002801418304 59 47 67 37 15 43 30 18 12 11 20 28 28 11 6 15 14 12 3 15 5 1 5 7 7 7 2 5 10 2 8 6 6 11 4 15 0 8 2161.8299988508224 5288.149998247623 2458.279999509454 501.820000693202 1616.920003965497 2829.8699987381697 1943.8600014448166 886.0099972933531 319.6200032234192 677.2999946922064 1613.2000057399273 2166.349997743964 1400.080001220107 548.1999967992306 992.4499996751547 1111.0299994647503 886.0099972933531 170.06000100076199 501.820000693202 213.6800002157688 0.7500000149011612 296.3999977558851 589.609999537468 147.02000032365322 543.7800002247095 55.98999984562397 590.7400017678738 564.0100062042475 169.31000098586082 702.9900012016296 408.03999826312065 809.3399994522333 790.0100016742945 202.43999800086021 463.61999447643757 0 354.8000003695488 834.3200031816959 6337.8999989032745 7770.350000336766 6.000001411885023 -50.609999772161245 8.070000447332859 -5.869998700916767 -34.73999958857894 9.910000551491976
60 0 1 0 0 0 1 0 1 0 0 0 1 0 0 0 0 1 0 0 0 0 1 0 0 0 0 0 0 0 0 0 0 0 0 0 0 0 0 73.28999938070774 0 0 0 73.28999938070774 0 73.28999938070774 0 0 0 73.28999938070774 0 0 0 0 73.28999938070774 0 0 0 0 73.28999938070774 0 0 0 0 0 0 0 0 0 0 0 0 0 0 0 0.9200000166893005 69.90999932587147 73.28999938070774 -0.999999962747097 -0.3999999985098839 -0.9999999701976776 -1.5099999606609344 -0.5099999904632568 -1.0899999737739563 60 3 7 3 1 4 4 3 1 1 2 1 3 1 0 0 2 1 0 1 0 0 1 0 0 2 1 1 0 0 1 1 0 0 0 2 0 1 42.549999579787254 597.5500006228685 304.949998781085 145.5199992209673 52.09999977052212 292.6000018417835 219.31000246107578 73.28999938070774 9.550000190734863 42.549999579787254 0.0 232.71999894082546 39.97000041604042 0 0 159.42999956011772 73.28999938070774 0 145.5199992209673 0 0 73.28999938070774 0 0 179.34000204503536 0.0 39.97000041604042 0 0 100.0400015860796 59.389997974038124 0 0 0 42.549999579787254 0 145.5199992209673 19.159999802708626 612.1100003421307 649.6500003933907 2.0000001452863216 -4.489999983459711 2.0900000631809235 2.2400001101195812 -1.9599999785423279 2.5100000612437725 60 9 18 10 4 10 8 6 2 2 4 7 6 2 0 3 4 2 0 4 1 0 1 1 1 4 1 1 3 0 2 2 1 3 0 3 0 3 260.6800011843443 1328.8899988681078 604.1999991238117 179.20999978482723 259.74000062048435 724.6899997442961 498.4800020009279 226.20999774336815 26.920000195503235 93.43999840319157 243.94000247120857 574.4999973922968 264.8399999290705 0 104.56000044941902 348.28999964892864 226.20999774336815 0 179.20999978482723 34.95999929308891 0 73.28999938070774 152.9199983626604 27.860000759363174 233.64000207185745 0.0 39.97000041604042 139.38000202178955 0 220.9400016963482 127.34999795258045 224.86999951303005 104.56000044941902 0 58.47999911010265 0 151.34999902546406 135.15999995172024 1382.0399996936321 1616.4900002479553 4.000000286847353 -11.77999995648861 4.1800000704824924 3.620000336319208 -6.8099999241530895 6.070000186562538 60 20 30 16 11 16 14 9 5 4 6 9 13 4 2 3 7 5 1 11 2 0 3 2 5 5 1 1 5 1 4 3 3 3 0 4 0 6 607.1300017982721 2078.059999719262 922.6199986636639 400.87000092864037 356.6700005978346 1155.4400010555983 786.9400024265051 368.49999862909317 53.52000033855438 117.54999811947346 290.16000258922577 973.5999979972839 487.61000077426434 116.06999945640564 104.56000044941902 507.39999783039093 368.49999862909317 97.70000153779984 400.87000092864037 58.489999026060104 0 137.50999929010868 230.9899993389845 90.21000054478645 299.33000165224075 0.0 39.97000041604042 185.60000213980675 97.70000153779984 379.90999987721443 127.4899979531765 447.6400003582239 104.56000044941902 0 59.05999909341335 0 310.6600003838539 197.4800001680851 2397.790001422167 2738.7100018560886 4.000000603497028 -21.699999906122684 4.720000192523003 -0.859999492764473 -12.249999843537807 5.820000238716602 60 33 49 28 15 27 21 13 8 6 13 19 20 8 3 10 10 8 3 15 4 1 3 5 7 5 1 4 7 2 6 4 4 7 3 9 0 8 1077.1899986565113 3395.770002156496 1483.6299986839294 501.820000693202 779.5 1912.1400034725666 1297.9700053483248 614.1699981242418 183.84000098705292 404.1099968701601 645.9900016337633 1458.6199979484081 998.640003696084 165.19999833405018 453.6899994760752 675.1399988383055 614.1699981242418 170.06000100076199 501.820000693202 207.95000031590462 0.7500000149011612 137.50999929010868 476.65999883413315 147.02000032365322 299.33000165224075 0.0 460.76000279188156 191.55000214278698 169.31000098586082 470.1300003528595 205.00999848544598 537.8800009042025 315.6100001782179 138.07999929785728 196.15999655425549 0 354.8000003695488 480.7100014388561 3865.630000784993 4657.550001814961 5.000000949949026 -35.7499998472631 6.080000273883343 -5.669999178498983 -23.579999715089798 6.7800003327429295 60 47 69 35 16 42 34 20 14 10 20 27 30 12 4 14 13 14 4 16 5 1 6 8 8 8 2 6 10 3 7 6 6 10 4 15 0 8 2061.2300024032593 5313.589995533228 2188.999996870756 600.570001527667 1545.3800032883883 3124.5899986624718 2136.490001037717 988.0999976247549 248.08000254631042 677.2999946922064 1491.0700041353703 2210.3399988263845 1505.3100011646748 259.79999773204327 870.3199980705976 963.8799984306097 988.0999976247549 259.1100027859211 600.570001527667 213.6800002157688 0.7500000149011612 350.9799980074167 637.1199996173382 245.77000115811825 631.1799998730421 55.98999984562397 695.9700017124414 564.0100062042475 258.36000277101994 555.840000167489 408.03999826312065 809.3399994522333 667.8800000697374 202.43999800086021 463.61999447643757 0 354.8000003695488 736.4300018250942 6362.050000071526 7623.650000497699 6.000001512467861 -51.17999978363514 7.620000548660755 -4.609998591244221 -33.19999960809946 9.720000684261322
61 1 0 0 0 1 0 0 0 0 0 1 0 0 0 0 0 0 0 0 0 0 0 0 0 0 1 0 0 0 0 0 0 0 0 0 0 0 0.0 0 0 0 0.0 0 0 0 0 0 0.0 0 0 0 0 0 0 0 0 0 0 0 0 0 0 0.0 0 0 0 0 0 0 0 0 0 0 0 0.0 0.0 0.0 7.450580596923828e-9 -0.3999999985098839 0.0 0.0 0.0 0.0 61 4 12 7 3 6 5 4 1 2 2 4 3 1 0 2 2 1 0 3 0 0 1 0 0 3 1 1 1 0 1 1 0 2 0 2 0 3 133.4200011342764 671.1500010937452 334.00999911129475 151.34999902546406 160.34000132977962 337.1400019824505 263.85000260174274 73.28999938070774 26.920000195503235 42.549999579787254 114.1000020802021 232.71999894082546 39.97000041604042 0 23.230000525712967 159.42999956011772 73.28999938070774 0 151.34999902546406 0 0 73.28999938070774 0 0 223.88000218570232 0.0 39.97000041604042 90.87000155448914 0 100.0400015860796 59.389997974038124 0 23.230000525712967 0 42.549999579787254 0 151.34999902546406 37.699999645352364 759.4900024533272 831.4900024235249 3.000000160187483 -7.379999972879887 3.180000025779009 2.9800001308321953 -2.4099999852478504 3.5200000815093517 61 20 28 16 11 15 12 8 4 2 6 10 12 3 1 3 7 4 1 11 1 0 2 2 5 5 1 1 6 1 4 3 2 3 0 5 0 6 543.300001218915 1951.0099995732307 922.6199986636639 400.87000092864037 352.039999589324 1028.3900009095669 723.3800021708012 305.0099987387657 26.920000195503235 136.1599972397089 293.5200026035309 910.1099981069565 424.0500005185604 30.269999742507935 104.56000044941902 507.39999783039093 305.0099987387657 97.70000153779984 400.87000092864037 34.95999929308891 0 74.01999939978123 230.9899993389845 90.21000054478645 299.33000165224075 0.0 39.97000041604042 188.96000215411186 97.70000153779984 379.90999987721443 127.4899979531765 384.08000010252 104.56000044941902 0 101.19999794661999 0 310.6600003838539 172.41000017523766 2232.30000038445 2521.230000987649 4.000000510364771 -20.04999991878867 4.360000133514404 1.0000004209578037 -10.229999873787165 6.020000196993351 61 33 41 25 15 26 16 11 5 5 13 16 17 6 3 7 10 5 3 15 3 1 2 3 7 5 1 3 7 2 6 4 3 4 3 10 0 8 913.2899964153767 2773.350004389882 1333.0700003355742 501.820000693202 560.6399976015091 1440.280004054308 1069.9600052535534 370.31999880075455 128.88000082969666 240.20999462902546 495.430003285408 1214.7699986249208 770.6300036013126 165.19999833405018 303.1300011277199 675.1399988383055 370.31999880075455 170.06000100076199 501.820000693202 80.65999856591225 0.7500000149011612 74.01999939978123 296.2999994009733 147.02000032365322 299.33000165224075 0.0 322.9900032430887 191.55000214278698 169.31000098586082 470.1300003528595 205.00999848544598 447.6400003582239 165.0500018298626 138.07999929785728 159.5499960631132 0 354.8000003695488 324.91000005602837 3279.319999963045 3816.2700016498566 6.000000786036253 -32.059999860823154 6.990000177174807 -5.499999336898327 -21.169999729841948 6.990000236779451 61 46 67 34 15 41 33 20 13 9 21 25 29 12 4 13 13 13 4 15 6 1 6 7 7 8 2 6 9 3 7 6 6 9 4 15 0 8 1798.4100001007318 5143.119994670153 2066.039996087551 501.820000693202 1376.6200008690357 3077.0799985826015 2136.490001037717 940.5899975448847 193.12000238895416 745.2399956136942 1186.3700001686811 2162.8299987465143 1505.3100011646748 209.52999852597713 747.3599972873926 963.8799984306097 940.5899975448847 259.1100027859211 501.820000693202 281.6200011372566 0.7500000149011612 350.9799980074167 589.609999537468 147.02000032365322 631.1799998730421 55.98999984562397 695.9700017124414 382.2700030207634 258.36000277101994 555.840000167489 408.03999826312065 809.3399994522333 544.9199992865324 202.43999800086021 463.61999447643757 0 354.8000003695488 658.3300026208162 5995.759995013475 7135.39999717474 7.000001460313797 -49.489999789744616 8.530000526458025 -2.7299986630678177 -30.969999630004168 10.660000655800104 61 53 73 36 16 46 37 23 14 11 21 30 30 15 7 15 13 14 4 16 6 1 6 8 8 8 2 7 12 3 7 6 8 11 4 15 0 8 2501.820001706481 5788.09999576211 2245.969997406006 600.570001527667 1833.9000039100647 3542.129998356104 2554.030000731349 988.0999976247549 297.2600026130676 745.2399956136942 1719.4400043040514 2210.3399988263845 1922.8500008583069 461.0499964803457 927.2899986058474 963.8799984306097 988.0999976247549 259.1100027859211 600.570001527667 281.6200011372566 0.7500000149011612 350.9799980074167 637.1199996173382 245.77000115811825 631.1799998730421 55.98999984562397 844.4400022923946 735.4100058376789 258.36000277101994 555.840000167489 408.03999826312065 1078.4099985659122 724.8500006049871 202.43999800086021 463.61999447643757 0 354.8000003695488 832.0100031644106 7157.809997320175 8587.93000009656 9.000001672655344 -55.27999974787235 11.2500006146729 -1.4199983775615692 -36.959999557584524 14.090000804513693
62 0 1 0 0 0 1 1 0 0 0 0 0 0 0 0 0 0 0 0 0 0 0 0 0 1 0 0 0 0 0 0 0 0 0 0 0 0 0 50.77000030875206 0 0 0 50.77000030875206 50.77000030875206 0 0 0 0 0 0 0 0 0 0 0 0 0 0 0 0 0 50.77000030875206 0 0 0 0 0 0 0 0 0 0 0 0 0.0 50.77000030875206 50.77000030875206 1.0000000186264515 -0.3999999985098839 1.000000011175871 1.2300000004470348 0.0 1.2300000004470348 62 5 10 4 1 5 6 4 2 1 1 4 4 1 1 1 2 2 0 1 0 0 1 1 0 3 1 1 2 0 1 1 0 1 0 1 0 1 123.10000123083591 763.3700027912855 348.15999983251095 107.40000034868717 102.38000167906284 415.21000295877457 263.85000260174274 151.36000035703182 9.550000190734863 1.9599999338388443 172.2000014781952 310.78999991714954 39.97000041604042 30.269999742507935 81.32999992370605 159.42999956011772 151.36000035703182 0 107.40000034868717 0 0 73.28999938070774 78.07000097632408 0 223.88000218570232 0.0 39.97000041604042 90.87000155448914 0 100.0400015860796 59.389997974038124 0 81.32999992370605 0 1.9599999338388443 0 107.40000034868717 42.97999991476536 823.8000040948391 896.0200042128563 2.000000223517418 -6.359999969601631 2.2700001001358032 0.9800001978874207 -2.9799999594688416 2.8000001311302185 62 12 21 11 7 11 10 7 3 2 3 9 6 3 1 3 3 3 0 7 1 0 2 1 2 4 1 1 5 0 2 1 2 3 0 2 0 5 352.9400014728308 1450.240001320839 640.4599983543158 331.1599996238947 278.6000016480684 809.7800029665232 657.6900025904179 152.0900003761053 26.920000195503235 66.07999931275845 290.16000258922577 427.819998934865 424.0500005185604 30.269999742507935 104.56000044941902 275.7299985587597 152.0900003761053 0 331.1599996238947 23.52999973297119 0 74.01999939978123 78.07000097632408 70.99000027775764 233.64000207185745 0.0 39.97000041604042 185.60000213980675 0 216.34000058472157 59.389997974038124 384.08000010252 104.56000044941902 0 42.549999579787254 0 260.16999934613705 136.7300009727478 1612.6100017428398 1830.100002989173 4.000000357627869 -14.049999941140413 4.360000092536211 1.5300002880394459 -7.38999991491437 5.400000132620335 62 21 39 23 14 17 16 10 6 4 6 13 17 5 1 5 10 6 2 14 2 1 2 4 6 5 1 3 6 1 6 4 2 4 1 4 0 8 578.1500018835068 2749.5300036370754 1251.930000975728 499.2400007247925 359.2600005865097 1497.6000026613474 1006.4000049978495 491.1999976634979 53.52000033855438 117.54999811947346 410.9300039112568 1264.0399980396032 707.0700033456087 30.269999742507935 221.99000176787376 675.1399988383055 491.1999976634979 98.450001552701 499.2400007247925 58.489999026060104 0.7500000149011612 74.01999939978123 417.1799982637167 144.44000035524368 299.33000165224075 0.0 322.9900032430887 188.19000212848186 97.70000153779984 470.1300003528595 205.00999848544598 384.08000010252 165.0500018298626 56.93999993801117 59.05999909341335 0 354.8000003695488 248.94000039994717 2944.7000050097704 3381.9500058740377 4.000000678002834 -26.229999896138906 4.5400001890957355 -3.7499993927776814 -17.189999781548977 5.870000246912241 62 37 52 28 15 32 24 15 9 7 15 20 22 9 3 9 11 9 3 15 4 1 3 6 7 6 2 4 8 2 6 5 5 6 3 11 0 8 1403.130000680685 3734.610000655055 1524.1199986636639 501.820000693202 1103.6600033640862 2210.490001991391 1537.9400033205748 672.5499986708164 182.06000232696533 492.3199958652258 804.0200047492981 1637.1899983882904 1125.5600027143955 165.19999833405018 373.9899995625019 795.3299987316132 672.5499986708164 170.06000100076199 501.820000693202 207.95000031590462 0.7500000149011612 137.50999929010868 535.0399993807077 147.02000032365322 412.38000060617924 55.98999984562397 460.76000279188156 373.29000532627106 169.31000098586082 470.1300003528595 325.19999837875366 664.799999922514 235.91000026464462 138.07999929785728 284.3699955493212 0 354.8000003695488 506.60000263154507 4480.030000716448 5320.550003677607 6.0000010803341866 -39.03999983519316 7.170000344514847 -4.809999067336321 -24.129999697208405 7.520000409334898 62 55 76 38 15 46 38 24 14 11 22 30 31 16 10 16 14 14 4 15 5 1 6 8 7 8 2 8 11 3 8 6 8 11 5 17 0 8 2920.529997229576 6368.980001121759 2583.159999206662 501.820000693202 1985.2900028377771 3785.8200019150972 2797.7200042903423 988.0999976247549 319.6200032234192 953.2999948114157 1830.4500041902065 2357.489999860525 2166.5400044173 849.479994520545 1117.329999372363 1111.0299994647503 988.0999976247549 259.1100027859211 501.820000693202 213.6800002157688 0.7500000149011612 350.9799980074167 637.1199996173382 147.02000032365322 631.1799998730421 55.98999984562397 1088.130005851388 656.3800049573183 258.36000277101994 702.9900012016296 408.03999826312065 1078.4099985659122 790.0100016742945 327.3199976980686 739.6199945956469 0 354.8000003695488 1019.8200033158064 7894.359999880195 9609.880001589656 10.00000175088644 -56.889999721199274 12.790000643581152 -2.67999829351902 -40.689999517053366 15.40000082179904
63 0 1 0 0 0 1 1 0 0 0 0 0 0 0 0 0 0 0 0 0 0 0 0 0 1 0 0 0 0 0 0 0 0 0 0 0 0 0 128.5700017362833 0 0 0 128.5700017362833 128.5700017362833 0 0 0 0 0 0 0 0 0 0 0 0 0 0 0 0 0 128.5700017362833 0 0 0 0 0 0 0 0 0 0 0 0 5.480000019073486 122.95000171661377 128.5700017362833 1.0000000186264515 -0.3999999985098839 1.000000011175871 1.0900000147521496 0.0 1.000000011175871 63 4 7 3 0 4 4 3 1 0 1 4 3 1 0 1 2 1 0 0 0 0 1 0 0 2 1 1 2 0 1 1 0 1 0 1 0 0 141.3400019556284 533.3600013256073 240.75999948382378 0 141.3400019556284 292.6000018417835 219.31000246107578 73.28999938070774 0 1.9599999338388443 220.7100019454956 232.71999894082546 39.97000041604042 0 81.32999992370605 159.42999956011772 73.28999938070774 0 0 0 0 73.28999938070774 0 0 179.34000204503536 0.0 39.97000041604042 139.38000202178955 0 100.0400015860796 59.389997974038124 0 81.32999992370605 0 1.9599999338388443 0 0 50.290000438690186 591.7000026106834 674.7000032812357 2.0000001452863216 -4.399999983608723 2.000000063329935 1.530000165104866 -2.9799999594688416 3.260000094771385 63 8 17 9 5 7 8 6 2 1 2 5 6 2 1 1 4 2 0 5 0 0 1 1 1 4 1 1 3 0 2 2 1 1 0 2 0 4 240.0600021034479 1267.950001269579 683.7699978351593 286.6100001335144 191.48000179231167 584.1800034344196 432.8200030773878 151.36000035703182 9.550000190734863 42.549999579787254 220.7100019454956 495.04999889433384 199.18000100553036 30.269999742507935 81.32999992370605 343.689998537302 151.36000035703182 0 286.6100001335144 0 0 73.28999938070774 78.07000097632408 27.860000759363174 233.64000207185745 0.0 39.97000041604042 139.38000202178955 0 216.34000058472157 127.34999795258045 159.21000058948994 81.32999992370605 0 42.549999579787254 0 258.74999937415123 119.26000091433525 1345.9100023508072 1517.5600035637617 4.000000279396772 -10.35999995470047 4.270000081509352 2.0900002866983414 -5.959999918937683 5.200000151991844 63 20 34 20 11 18 14 9 5 4 7 13 14 4 1 5 8 5 2 11 2 1 3 2 4 5 1 1 6 1 5 3 3 5 0 5 0 7 593.1400004327297 2280.430000126362 1124.9899990707636 418.190000846982 447.6999992132187 1155.4400010555983 786.9400024265051 368.49999862909317 53.52000033855438 205.98999674618244 416.91000244021416 1016.0199983716011 487.61000077426434 30.269999742507935 227.97000029683113 549.8199982047081 368.49999862909317 98.450001552701 418.190000846982 58.489999026060104 0.7500000149011612 137.50999929010868 230.9899993389845 70.99000027775764 299.33000165224075 0.0 39.97000041604042 188.19000212848186 97.70000153779984 422.3300002515316 127.4899979531765 447.6400003582239 227.97000029683113 0 147.49999772012234 0 347.20000056922436 229.51999972760677 2538.5300010740757 2927.840000912547 4.0000005923211575 -23.829999905079603 4.540000148117542 -1.6499994918704033 -13.779999814927578 5.630000203847885 63 30 51 29 15 25 22 14 8 6 11 19 21 8 2 10 11 8 3 15 4 1 3 5 7 6 1 4 7 2 6 5 4 7 3 7 0 8 1027.3299997597933 3629.010001003742 1603.8199985772371 501.820000693202 756.5900009870529 2025.190002426505 1411.0200043022633 614.1699981242418 161.66000199317932 403.3799968510866 645.9900016337633 1578.8099978417158 998.640003696084 116.06999945640564 453.6899994760752 795.3299987316132 614.1699981242418 170.06000100076199 501.820000693202 207.95000031590462 0.7500000149011612 137.50999929010868 476.65999883413315 147.02000032365322 412.38000060617924 0.0 460.76000279188156 191.55000214278698 169.31000098586082 470.1300003528595 325.19999837875366 537.8800009042025 315.6100001782179 138.07999929785728 195.429996535182 0 354.8000003695488 463.020002707839 4056.400001168251 4818.750002771616 6.0000009424984455 -35.47999985516071 6.900000277906656 -2.9999991804361343 -22.089999735355377 7.7800003439188 63 48 66 34 16 42 32 20 12 11 20 25 28 14 6 13 13 12 4 16 4 1 4 8 8 6 2 7 9 3 7 6 7 9 4 16 0 8 2295.7699995040894 5122.239998519421 2078.0899972617626 600.570001527667 1567.2100033909082 3044.150001257658 2198.3200023025274 845.8299989551306 297.2600026130676 806.4099958986044 1223.7000033557415 2068.07000015676 1785.9400016963482 521.6899947971106 759.4099984616041 963.8799984306097 845.8299989551306 259.1100027859211 600.570001527667 207.95000031590462 0.7500000149011612 208.7099993377924 637.1199996173382 245.77000115811825 412.38000060617924 55.98999984562397 880.1900019049644 407.55000503361225 258.36000277101994 555.840000167489 408.03999826312065 905.7499997913837 556.9700004607439 202.43999800086021 598.4599955826998 0 354.8000003695488 806.4500014781952 6386.730000987649 7716.020000651479 8.0000014975667 -50.609999772161245 10.070000533014536 -2.519998598843813 -33.32999959215522 12.650000669062138
64 0 1 0 0 0 1 1 0 0 0 0 0 1 0 0 0 0 0 0 0 0 0 0 0 0 0 1 0 0 0 0 0 0 0 0 0 0 0 39.97000041604042 0 0 0 39.97000041604042 39.97000041604042 0 0 0 0 0 39.97000041604042 0 0 0 0 0 0 0 0 0 0 0 0 0 39.97000041604042 0 0 0 0 0 0 0 0 0 0 0.9900000095367432 36.95000043511391 39.97000041604042 1.0000000298023224 -0.3999999985098839 1.0000000223517418 0.8400000371038914 -0.4699999988079071 1.2200000323355198 64 7 10 4 2 8 6 4 2 2 3 4 4 1 0 1 2 2 0 2 0 0 1 1 1 3 1 1 2 0 1 1 0 1 0 3 0 1 225.72000189125538 705.4900015741587 250.2100014835596 28.740000754594803 224.46000127494335 455.28000009059906 229.0700023472309 226.20999774336815 26.600000143051147 58.47999911010265 220.7100019454956 394.2099993079901 39.97000041604042 0 81.32999992370605 168.00000156462193 226.20999774336815 0 28.740000754594803 0 0 73.28999938070774 152.9199983626604 27.860000759363174 189.1000019311905 0.0 39.97000041604042 139.38000202178955 0 100.0400015860796 67.95999997854233 0 81.32999992370605 0 58.47999911010265 0 0.8799999952316284 85.96000096201897 804.2700021415949 957.8100036084652 2.000000238418579 -7.7799999713897705 2.1800000965595245 0.5700003169476986 -6.489999908953905 4.4300001710653305 64 16 28 14 7 14 14 8 6 3 6 8 13 4 2 3 6 6 1 7 2 0 3 3 2 4 1 2 4 1 3 3 2 3 0 4 0 5 692.6200025081635 1673.2800005823374 680.1199985444546 217.1699999421835 487.1400010883808 993.1600020378828 565.1800028383732 427.9799991995096 36.15000033378601 309.1699987798929 246.3800024241209 911.9299996495247 331.54000076651573 116.06999945640564 104.56000044941902 386.24999891221523 427.9799991995096 97.70000153779984 217.1699999421835 162.25000104308128 0 137.50999929010868 290.46999990940094 27.860000759363174 233.64000207185745 0.0 177.73999996483326 141.82000197470188 97.70000153779984 258.76000095903873 127.4899979531765 153.80000080168247 104.56000044941902 0 146.91999773681164 0 189.30999918282032 226.5400007069111 2026.720003053546 2402.050003424287 2.000000588595867 -18.80999991670251 2.630000229924917 -4.409999463707209 -13.389999825507402 3.5500002652406693 64 27 48 27 14 22 21 12 9 5 10 17 21 7 2 9 10 9 3 14 3 1 4 5 6 5 1 3 6 2 6 4 4 7 2 7 0 8 1022.4200009256601 3288.919997870922 1469.3599981069565 447.5900008827448 752.7300004661083 1819.5599997639656 1144.9300014972687 674.6299982666969 108.48000049591064 456.0599978417158 585.690001681447 1561.7499974519014 845.5999998450279 116.06999945640564 396.749999538064 717.8099981993437 674.6299982666969 170.06000100076199 447.5900008827448 185.78000077605247 0.7500000149011612 208.7099993377924 465.91999892890453 92.79000051319599 299.33000165224075 0.0 307.71999894082546 188.19000212848186 169.31000098586082 470.1300003528595 247.67999784648418 537.8800009042025 315.6100001782179 81.13999935984612 270.27999706566334 0 354.8000003695488 422.2400019168854 3723.8799983114004 4420.569999307394 3.000000897794962 -32.58999986574054 3.8100002855062485 -1.5099992379546165 -18.069999795407057 6.010000366717577 64 40 59 30 16 34 29 17 12 8 16 21 27 11 3 10 12 12 4 16 4 1 5 7 8 6 2 6 8 3 6 6 5 7 3 12 0 8 1533.1799999773502 4412.219997867942 1686.6599984616041 600.570001527667 1033.609999164939 2725.5599994063377 1773.1500022411346 952.4099971652031 215.2300019711256 536.5799954980612 736.2400011867285 2088.939998552203 1360.7700016349554 210.66999885439873 453.6899994760752 878.1699986159801 952.4099971652031 259.1100027859211 600.570001527667 207.95000031590462 0.7500000149011612 373.6699980944395 578.7399990707636 245.77000115811825 412.38000060617924 55.98999984562397 695.9700017124414 225.81000185012817 258.36000277101994 470.1300003528595 408.03999826312065 664.799999922514 315.6100001782179 138.07999929785728 328.62999518215656 0 354.8000003695488 600.9400025308132 5174.09999845922 6161.379999831319 5.0000013038516045 -43.52999981865287 6.2600004859268665 -3.1999987922608852 -27.299999672919512 9.190000616014004 64 50 72 34 16 44 38 22 16 11 20 27 32 14 6 13 13 16 4 16 5 1 7 9 8 8 2 6 11 3 7 6 8 9 4 15 0 8 2278.870000720024 5727.039994031191 2030.2699969410896 600.570001527667 1686.9300021082163 3696.7699970901012 2405.560000151396 1291.2099969387054 297.2600026130676 677.2999946922064 1424.7100029587746 2513.449998140335 1774.3800002783537 385.06999729573727 711.5899981409311 963.8799984306097 1291.2099969387054 259.1100027859211 600.570001527667 213.6800002157688 0.7500000149011612 515.9399967640638 775.2700001746416 245.77000115811825 631.1799998730421 55.98999984562397 695.9700017124414 656.3800049573183 258.36000277101994 555.840000167489 408.03999826312065 1078.4099985659122 509.1500001400709 202.43999800086021 463.61999447643757 0 354.8000003695488 810.8700020462275 6945.169996142387 8303.919997379184 6.0000016912817955 -53.809999760240316 8.070000667124987 -5.009998392313719 -35.01999957114458 9.9800008200109
65 1 0 0 0 1 0 0 0 0 1 0 0 0 0 0 0 0 0 0 0 0 0 0 0 0 0 0 0 0 0 0 0 0 0 1 0 0 1.9599999338388443 0 0 0 1.9599999338388443 0 0 0 0 1.9599999338388443 0 0 0 0 0 0 0 0 0 0 0 0 0 0 0 0 0 0 0 0 0 0 0 0 1.9599999338388443 0 0 0.18000000715255737 1.779999926686287 1.9599999338388443 7.450580596923828e-9 -0.3999999985098839 0.0 -0.5099999904632568 -0.5099999904632568 0.0 65 8 11 5 4 6 6 4 2 0 1 6 3 1 1 1 1 2 0 4 0 0 1 1 1 3 1 1 4 0 1 0 0 1 0 1 0 3 201.91000241041183 620.0900016576052 204.8799986988306 35.11000053584576 143.78000190854073 415.21000295877457 263.85000260174274 151.36000035703182 0 1.9599999338388443 223.15000189840794 267.6599993556738 39.97000041604042 30.269999742507935 81.32999992370605 116.29999899864197 151.36000035703182 0 35.11000053584576 0 0 73.28999938070774 78.07000097632408 27.860000759363174 223.88000218570232 0.0 39.97000041604042 141.82000197470188 0 116.29999899864197 0 0 81.32999992370605 0 1.9599999338388443 0 7.249999776482582 80.13000093400478 705.260003104806 822.000004068017 2.000000212341547 -7.469999965280294 2.180000066757202 -1.2899997755885124 -4.979999929666519 2.75000012665987 65 19 28 18 12 15 10 7 3 2 6 12 10 3 1 4 7 3 1 12 2 1 2 1 5 4 1 2 6 0 4 3 1 4 0 4 0 7 426.2200005352497 1663.9200051128864 903.4100001752377 394.5199998766184 315.47000044584274 760.5100049376488 608.4200045615435 152.0900003761053 9.73000019788742 117.54999811947346 353.9900039732456 586.1399993896484 374.780002489686 30.269999742507935 165.0500018298626 434.04999901354313 152.0900003761053 0.7500000149011612 394.5199998766184 58.489999026060104 0.7500000149011612 74.01999939978123 78.07000097632408 90.21000054478645 233.64000207185745 0.0 215.57000190019608 188.19000212848186 0 306.56000106036663 127.4899979531765 159.21000058948994 165.0500018298626 0 59.05999909341335 0 304.30999933183193 180.41000083088875 1827.4300049096346 2100.6200058609247 4.000000435858965 -20.04999991878867 4.360000059008598 -1.2599996291100979 -11.879999846220016 5.900000128895044 65 30 48 28 15 25 20 13 7 5 10 20 20 7 1 9 11 7 3 15 2 1 3 4 7 6 2 2 8 2 6 5 5 6 3 8 0 8 883.0499983280897 3365.729999154806 1524.1199986636639 501.820000693202 643.1499991118908 1841.6100004911423 1292.7500024288893 548.859998062253 106.70000183582306 254.6499955803156 656.5400012731552 1513.499997779727 880.37000182271 30.269999742507935 373.9899995625019 795.3299987316132 548.859998062253 170.06000100076199 501.820000693202 58.489999026060104 0.7500000149011612 137.50999929010868 411.3499987721443 147.02000032365322 412.38000060617924 55.98999984562397 215.57000190019608 225.81000185012817 169.31000098586082 470.1300003528595 325.19999837875366 664.799999922514 235.91000026464462 138.07999929785728 196.15999655425549 0 354.8000003695488 384.82000099122524 3713.3399987071753 4356.22999933362 6.000000849366188 -33.91999986767769 6.630000218749046 -3.8799992352724075 -21.209999721497297 7.580000307410955 65 43 64 30 15 37 34 21 13 8 19 21 28 14 4 10 12 13 4 15 5 1 5 8 7 7 2 6 8 3 6 6 8 7 3 14 0 8 1539.559998139739 4861.229998201132 1686.6599984616041 501.820000693202 1040.429999217391 3174.5699997395277 2274.1600005328655 900.4099992066622 166.0500019043684 592.5799956172705 736.2400011867285 2036.9400005936623 1774.3800002783537 259.79999773204327 453.6899994760752 878.1699986159801 900.4099992066622 259.1100027859211 501.820000693202 213.6800002157688 0.7500000149011612 263.289999589324 637.1199996173382 147.02000032365322 499.78000025451183 55.98999984562397 695.9700017124414 225.81000185012817 258.36000277101994 470.1300003528595 408.03999826312065 1078.4099985659122 315.6100001782179 138.07999929785728 378.89999540150166 0 354.8000003695488 593.9300018996 5596.589997008443 6567.58999826014 8.000001460313797 -46.59999980032444 9.4400005787611 -2.49999862909317 -29.82999962568283 11.620000720024109 65 56 75 37 16 47 38 23 15 11 22 31 32 15 8 16 13 15 5 16 6 1 7 8 8 8 2 7 12 4 7 6 8 11 5 16 0 8 2794.820000618696 6113.689993828535 2370.8499971032143 600.570001527667 1975.0600029230118 3742.839996725321 2589.780000343919 1153.059996381402 297.2600026130676 886.3999946266413 1844.3200040012598 2446.1999981105328 1958.6000004708767 541.9899958521128 1052.1699983030558 963.8799984306097 1153.059996381402 330.0100033134222 600.570001527667 281.6200011372566 0.7500000149011612 515.9399967640638 637.1199996173382 245.77000115811825 631.1799998730421 55.98999984562397 880.1900019049644 735.4100058376789 329.26000329852104 555.840000167489 408.03999826312065 1078.4099985659122 724.8500006049871 327.3199976980686 604.7799934893847 0 354.8000003695488 940.3100016862154 7626.839996442199 9206.5199970752 8.00000175088644 -57.14999973401427 10.430000651627779 -4.26999830827117 -39.659999527037144 12.740000825375319
66 1 0 0 0 1 0 0 0 0 0 1 0 0 0 0 0 0 0 0 0 0 0 0 0 0 0 0 1 0 0 0 0 0 0 0 0 0 90.87000155448914 0 0 0 90.87000155448914 0 0 0 0 0 90.87000155448914 0 0 0 0 0 0 0 0 0 0 0 0 0 0 0 0 90.87000155448914 0 0 0 0 0 0 0 0 0 10.269999980926514 76.26000142097473 90.87000155448914 7.450580596923828e-9 -0.3999999985098839 0.0 0.27000001072883606 0.0 0.18000000715255737 66 6 6 2 1 4 4 3 1 0 1 4 2 1 1 1 1 1 0 1 0 0 0 1 1 2 1 1 2 0 1 0 0 1 0 1 0 0 199.4700024574995 495.0100023597479 197.62999892234802 27.860000759363174 141.3400019556284 297.38000343739986 219.31000246107578 78.07000097632408 0 1.9599999338388443 220.7100019454956 194.36999997496605 39.97000041604042 30.269999742507935 81.32999992370605 116.29999899864197 78.07000097632408 0 27.860000759363174 0 0 0 78.07000097632408 27.860000759363174 179.34000204503536 0.0 39.97000041604042 139.38000202178955 0 116.29999899864197 0 0 81.32999992370605 0 1.9599999338388443 0 0 73.3000010997057 587.0300037264824 694.4800048172474 2.000000163912773 -4.669999975711107 2.1800000704824924 1.6100001782178879 -2.9799999594688416 3.7400001138448715 66 11 19 11 5 10 8 6 2 1 3 9 6 2 1 3 4 2 0 5 1 0 1 1 1 4 1 1 5 0 3 1 1 3 0 2 0 4 309.8100019544363 1221.7200022637844 637.5399988293648 142.51000088453293 261.23000164330006 584.1800034344196 432.8200030773878 151.36000035703182 9.550000190734863 66.07999931275845 390.3400019109249 469.5099992901087 199.18000100553036 30.269999742507935 204.73999977111816 318.14999893307686 151.36000035703182 0 142.51000088453293 23.52999973297119 0 73.28999938070774 78.07000097632408 27.860000759363174 233.64000207185745 0.0 39.97000041604042 185.60000213980675 0 258.76000095903873 59.389997974038124 159.21000058948994 204.73999977111816 0 42.549999579787254 0 114.65000012516975 125.730001360178 1345.5900030136108 1541.0800044089556 4.000000294297934 -12.35999994724989 4.27000005915761 -0.3699997365474701 -7.409999907016754 3.9200001060962677 66 20 39 24 12 19 15 10 5 5 7 16 14 5 1 8 9 5 1 12 2 1 2 3 5 5 1 2 6 0 4 5 3 6 2 5 0 7 514.6599991619587 2727.440000191331 1264.9699990153313 394.5199998766184 500.88000071048737 1462.4700011759996 1036.5800035744905 425.8899976015091 106.70000183582306 205.98999674618244 517.8400023877621 1057.6499970406294 689.8900025486946 30.269999742507935 328.90000024437904 631.7599994391203 425.8899976015091 0.7500000149011612 394.5199998766184 58.489999026060104 0.7500000149011612 74.01999939978123 351.86999820172787 90.21000054478645 346.69000102579594 0.0 215.57000190019608 188.19000212848186 0 306.56000106036663 325.19999837875366 474.32000064849854 235.91000026464462 92.98999997973442 147.49999772012234 0 304.30999933183193 289.7700013965368 2859.4699995815754 3349.550001204014 5.000000607222319 -26.319999895989895 5.630000118166208 -1.6899994239211082 -16.369999792426825 6.930000219494104 66 34 57 29 15 27 28 18 10 5 11 22 23 12 3 10 11 10 3 15 3 1 4 6 7 6 2 6 9 2 6 5 6 7 3 8 0 8 1372.480002373457 4206.259999409318 1603.8199985772371 501.820000693202 952.1800040453672 2602.440000832081 1869.560002580285 732.8799982517958 106.70000183582306 381.93999733030796 917.9800043702126 1697.5199979692698 1457.1800019741058 210.66999885439873 453.6899994760752 795.3299987316132 732.8799982517958 170.06000100076199 501.820000693202 185.78000077605247 0.7500000149011612 208.7099993377924 524.1699989140034 147.02000032365322 412.38000060617924 55.98999984562397 695.9700017124414 407.55000503361225 169.31000098586082 470.1300003528595 325.19999837875366 761.2100002616644 315.6100001782179 138.07999929785728 196.15999655425549 0 354.8000003695488 509.94000320136547 4834.220000818372 5686.190003633499 8.000001151114702 -38.85999983549118 8.990000415593386 -1.4699989072978497 -26.359999667853117 11.450000524520874 66 52 70 35 16 43 35 22 13 11 21 25 31 15 8 13 14 13 5 16 5 1 5 8 8 7 2 7 9 4 7 7 8 9 4 16 0 8 2579.8800002783537 5685.220000743866 2326.4300008118153 600.570001527667 1572.9400032907724 3358.7899999320507 2458.3800007253885 900.4099992066622 297.2600026130676 812.1399957984686 1287.950006455183 2377.640001386404 1958.6000004708767 729.1699951440096 823.6600015610456 1147.9699988812208 900.4099992066622 330.0100033134222 600.570001527667 213.6800002157688 0.7500000149011612 263.289999589324 637.1199996173382 245.77000115811825 499.78000025451183 55.98999984562397 880.1900019049644 407.55000503361225 329.26000329852104 555.840000167489 592.1299987137318 1078.4099985659122 560.70000256598 262.9599989950657 598.4599955826998 0 354.8000003695488 903.5500029176474 7086.920002818108 8563.110003650188 9.000001650303602 -53.54999974742532 11.430000618100166 -3.279998406767845 -36.869999535381794 13.34000077098608
67 0 1 1 0 0 0 0 0 0 0 1 0 0 0 1 0 0 0 0 0 0 0 0 0 0 0 0 0 0 0 0 0 1 0 0 0 0 0 81.32999992370605 81.32999992370605 0 0 0 0 0 0 0 81.32999992370605 0 0 0 81.32999992370605 0 0 0 0 0 0 0 0 0 0 0 0 0 0 0 0 0 81.32999992370605 0 0 0 0 21.25 47.34000015258789 81.32999992370605 -3.725290298461914e-9 -0.3999999985098839 -1.1175870895385742e-8 0.24000002816319466 -0.5099999904632568 0.6600000150501728 67 3 5 2 0 3 3 3 0 0 1 3 1 1 0 1 1 0 0 0 0 0 0 0 0 2 0 1 2 0 1 0 0 1 0 1 0 0 141.3400019556284 416.9400013834238 197.62999892234802 0 141.3400019556284 219.31000246107578 219.31000246107578 0 0 1.9599999338388443 220.7100019454956 116.29999899864197 39.97000041604042 0 81.32999992370605 116.29999899864197 0 0 0 0 0 0 0 0 179.34000204503536 0 39.97000041604042 139.38000202178955 0 116.29999899864197 0 0 81.32999992370605 0 1.9599999338388443 0 0 51.870000422000885 475.73000295460224 558.2800033390522 3.0000000931322575 -3.199999988079071 3.0000000335276127 2.920000120997429 -1.9999999701976776 4.380000069737434 67 10 17 9 3 10 8 5 3 2 3 8 7 1 1 3 4 3 0 3 0 0 1 2 1 4 1 1 4 0 3 1 0 3 0 3 0 2 258.43000158667564 1146.7700020968914 568.8800008893013 65.28000093996525 226.90000122785568 577.8900012075901 273.6100024878979 304.27999871969223 26.600000143051147 58.47999911010265 346.56000174582005 630.9999996572733 39.97000041604042 30.269999742507935 204.73999977111816 326.72000093758106 304.27999871969223 0 65.28000093996525 0 0 73.28999938070774 230.9899993389845 27.860000759363174 233.64000207185745 0.0 39.97000041604042 141.82000197470188 0 258.76000095903873 67.95999997854233 0 204.73999977111816 0 58.47999911010265 0 37.420000180602074 113.33000099658966 1227.440002515912 1431.8000038266182 2.0000003278255463 -11.64999995008111 2.360000107437372 -1.6799996308982372 -8.489999879151583 3.6000001803040504 67 21 40 22 11 18 18 11 7 4 7 15 16 6 2 7 8 7 2 11 3 1 3 4 4 5 1 3 6 1 4 4 3 7 0 4 0 7 805.6500019133091 2736.060000345111 1174.1599984169006 375.2999996095896 610.2200024724007 1561.9000019282103 1013.0400038659573 548.859998062253 89.33000183105469 332.6999985128641 504.5500023216009 1200.7999985069036 666.3500028401613 116.06999945640564 315.6100001782179 554.2399989068508 548.859998062253 98.450001552701 375.2999996095896 185.78000077605247 0.7500000149011612 137.50999929010868 411.3499987721443 70.99000027775764 346.69000102579594 0.0 353.3400014489889 188.19000212848186 97.70000153779984 306.56000106036663 247.67999784648418 313.0100013911724 315.6100001782179 0 146.91999773681164 0 304.30999933183193 358.14000318944454 3051.040002256632 3631.790004104376 4.000000737607479 -26.49999988824129 4.720000237226486 -2.3199993148446083 -16.38999978452921 6.23000031709671 67 33 55 29 14 29 26 16 10 7 12 21 23 10 3 10 11 10 3 14 3 1 4 6 6 6 2 5 8 2 6 5 5 7 3 9 0 8 1217.14999987185 3961.179999142885 1603.8199985772371 447.5900008827448 910.4300014227629 2357.360000565648 1635.220002219081 722.1399983465672 166.0500019043684 462.5799978226423 736.2400011867285 1686.7799980640411 1222.8400016129017 210.66999885439873 453.6899994760752 795.3299987316132 722.1399983465672 170.06000100076199 447.5900008827448 185.78000077605247 0.7500000149011612 208.7099993377924 513.4299990087748 92.79000051319599 412.38000060617924 55.98999984562397 588.5500003695488 225.81000185012817 169.31000098586082 470.1300003528595 325.19999837875366 634.2900012433529 315.6100001782179 138.07999929785728 276.79999704658985 0 354.8000003695488 521.8700031787157 4496.279998525977 5345.130000934005 6.000001113861799 -38.63999983668327 7.17000038549304 -1.7999989688396454 -24.84999969601631 10.010000497102737 67 45 66 30 16 37 36 23 13 9 18 21 29 16 5 10 12 13 5 16 4 1 5 8 8 7 2 8 8 4 6 6 8 7 3 14 0 8 1855.2299981862307 5254.049997061491 1686.6599984616041 600.570001527667 1083.879999384284 3567.389998599887 2556.600000888109 1010.7899977117777 215.2300019711256 586.8499957174063 736.2400011867285 2218.219999626279 2056.8200006335974 411.54999631643295 453.6899994760752 878.1699986159801 1010.7899977117777 330.0100033134222 600.570001527667 207.95000031590462 0.7500000149011612 373.6699980944395 637.1199996173382 245.77000115811825 499.78000025451183 55.98999984562397 978.4100020676851 225.81000185012817 329.26000329852104 470.1300003528595 408.03999826312065 1078.4099985659122 315.6100001782179 138.07999929785728 378.89999540150166 0 354.8000003695488 716.640001386404 6176.249996975064 7325.259997233748 10.000001572072506 -48.55999978631735 11.710000649094582 -1.569998487830162 -31.8599995970726 13.820000812411308
68 1 0 0 0 1 0 0 0 0 0 1 0 0 0 0 0 0 0 0 0 0 0 0 0 0 0 0 1 0 0 0 0 0 0 0 0 0 48.510000467300415 0 0 0 48.510000467300415 0 0 0 0 0 48.510000467300415 0 0 0 0 0 0 0 0 0 0 0 0 0 0 0 0 48.510000467300415 0 0 0 0 0 0 0 0 0 10.8100004196167 34.230000019073486 48.510000467300415 7.450580596923828e-9 -0.3999999985098839 0.0 -0.32999998331069946 -0.5099999904632568 0.09000000357627869 68 4 8 5 2 3 3 3 0 0 1 3 3 1 0 1 3 0 0 2 0 0 0 0 1 2 0 1 2 0 2 1 0 1 0 1 0 1 169.20000271499157 487.190001308918 308.88999927043915 28.740000754594803 141.3400019556284 178.30000203847885 178.30000203847885 0 0 1.9599999338388443 220.7100019454956 226.67999935150146 39.97000041604042 0 81.32999992370605 226.67999935150146 0 0 28.740000754594803 0 0 0 0 27.860000759363174 138.33000162243843 0 39.97000041604042 139.38000202178955 0 158.71999937295914 67.95999997854233 0 81.32999992370605 0 1.9599999338388443 0 0.8799999952316284 78.6800009906292 538.2000031173229 656.3900040239096 3.0000001080334187 -4.799999982118607 3.0000000186264515 0.7800001837313175 -4.939999938011169 4.160000089555979 68 15 28 14 7 13 14 7 7 2 5 11 13 3 1 4 5 7 2 7 1 1 3 4 2 4 1 1 5 1 2 3 2 4 0 4 0 5 482.1200010329485 1587.3500000983477 611.0799987465143 79.25000052154064 352.8899991363287 976.2700013518333 427.41000328958035 548.859998062253 26.600000143051147 181.87999702990055 357.8400017172098 993.569998845458 193.7700012177229 30.269999742507935 212.67999973893166 347.0099992454052 548.859998062253 98.450001552701 79.25000052154064 34.95999929308891 0.7500000149011612 137.50999929010868 411.3499987721443 27.860000759363174 233.64000207185745 0.0 39.97000041604042 144.410001963377 97.70000153779984 158.71999937295914 188.28999987244606 153.80000080168247 212.67999973893166 0 146.91999773681164 0 51.38999976217747 191.0499999821186 1760.320001795888 2096.8200012892485 5.62518835067749e-7 -18.449999924749136 0.36000021547079086 -5.1099994368851185 -12.489999819546938 2.480000287294388 68 31 51 27 13 27 24 14 10 7 11 20 22 8 3 10 10 10 3 13 3 1 4 6 6 6 2 5 7 2 5 5 3 7 3 8 0 7 1171.6500010043383 3468.5099981427193 1432.4299974292517 397.0999998450279 864.9300025552511 2036.0800007134676 1313.9400023669004 722.1399983465672 166.0500019043684 420.4399989694357 732.8800011724234 1565.8799979537725 901.5600017607212 210.66999885439873 453.6899994760752 674.4299986213446 722.1399983465672 170.06000100076199 397.0999998450279 185.78000077605247 0.7500000149011612 208.7099993377924 513.4299990087748 92.79000051319599 412.38000060617924 55.98999984562397 588.5500003695488 222.45000183582306 169.31000098586082 349.2300002425909 325.19999837875366 313.0100013911724 315.6100001782179 138.07999929785728 234.65999819338322 0 304.30999933183193 494.08000326156616 4013.3999988138676 4806.960001066327 4.0000010542571545 -36.23999984562397 5.170000370591879 -3.5299990624189377 -22.98999972641468 7.620000451803207 68 42 62 30 16 36 32 20 12 9 17 21 27 13 4 10 12 12 4 16 4 1 5 7 8 7 2 5 8 3 6 6 8 7 3 13 0 8 1640.8299998641014 4798.879995301366 1686.6599984616041 600.570001527667 1060.319999679923 3112.2199968397617 2166.739999189973 945.4799976497889 215.2300019711256 563.2899960130453 736.2400011867285 2082.009999036789 1666.959998935461 291.60999822616577 453.6899994760752 878.1699986159801 945.4799976497889 259.1100027859211 600.570001527667 207.95000031590462 0.7500000149011612 373.6699980944395 571.8099995553493 245.77000115811825 499.78000025451183 55.98999984562397 588.5500003695488 225.81000185012817 258.36000277101994 470.1300003528595 408.03999826312065 1078.4099985659122 315.6100001782179 138.07999929785728 355.3399956971407 0 354.8000003695488 641.0600013881922 5613.66999669373 6655.689997151494 8.000001396983862 -45.88999980315566 9.530000530183315 -1.2499987035989761 -28.119999647140503 11.47000066936016 68 53 74 33 16 47 41 24 17 12 21 27 34 16 6 12 13 17 5 16 6 1 6 11 8 8 4 8 10 4 7 6 8 8 4 15 0 8 2263.750000566244 6127.329998701811 1919.359997332096 600.570001527667 1655.2300011217594 4207.970001369715 2688.0000005066395 1519.9700008630753 351.58000230789185 688.6399950385094 1216.440002322197 2813.110002592206 2056.8200006335974 385.06999729573727 600.6799985319376 963.8799984306097 1519.9700008630753 330.0100033134222 600.570001527667 271.76000013947487 0.7500000149011612 428.2499983459711 1091.7200025171041 245.77000115811825 631.1799998730421 217.8000022917986 978.4100020676851 397.2100014835596 329.26000329852104 555.840000167489 408.03999826312065 1078.4099985659122 398.2400005310774 202.43999800086021 416.8799948990345 0 354.8000003695488 905.9200006425381 7281.960001304746 8743.410001590848 7.000001840293407 -56.29999975115061 9.160000771284103 -4.56999821588397 -36.56999954208732 11.390000954270363
69 0 1 1 0 0 0 0 0 0 0 0 1 0 0 0 1 0 0 0 0 0 0 0 0 0 0 0 0 0 1 0 0 0 0 0 0 0 0 116.29999899864197 116.29999899864197 0 0 0 0 0 0 0 0 116.29999899864197 0 0 0 116.29999899864197 0 0 0 0 0 0 0 0 0 0 0 0 0 116.29999899864197 0 0 0 0 0 0 0 2.8899999856948853 105.44999897480011 116.29999899864197 7.450580596923828e-9 -0.3999999985098839 0.0 0.09000000357627869 0.0 0.0 69 4 5 5 1 3 0 0 0 0 1 5 2 0 0 3 2 0 0 1 0 0 0 0 1 0 0 0 2 0 2 0 0 3 0 1 0 0 169.20000271499157 363.4599991440773 363.4599991440773 27.860000759363174 141.3400019556284 0 0 0 0 1.9599999338388443 344.1200017929077 158.71999937295914 0 0 204.73999977111816 158.71999937295914 0 0 27.860000759363174 0 0 0 0 27.860000759363174 0 0 0 139.38000202178955 0 158.71999937295914 0 0 204.73999977111816 0 1.9599999338388443 0 0 82.4500013589859 402.7400007098913 532.6600018590689 3.3527612686157227e-8 -3.599999986588955 -3.3527612686157227e-8 -1.1199999190866947 -2.9799999594688416 0.7000000141561031 69 10 17 10 3 9 7 5 2 1 2 11 6 1 1 4 4 2 1 3 1 1 0 2 1 4 1 1 5 0 3 1 0 4 0 1 0 2 228.03000213205814 1117.8800004273653 576.8099992871284 65.28000093996525 223.0800031274557 541.0700011402369 342.1200013011694 198.94999983906746 53.18000149726868 25.489999666810036 357.8400017172098 525.6599992066622 39.97000041604042 30.269999742507935 212.67999973893166 326.7099993675947 198.94999983906746 0.7500000149011612 65.28000093996525 23.52999973297119 0.7500000149011612 0 198.94999983906746 27.860000759363174 302.150000885129 0.0 39.97000041604042 144.410001963377 0 206.51999947428703 120.18999989330769 0 212.67999973893166 0 1.9599999338388443 0 37.420000180602074 135.9300017207861 1175.0500029623508 1399.8400040715933 3.0000002831220627 -11.559999950230122 3.2700000628829002 1.4300003051757813 -6.999999899417162 5.310000140219927 69 20 39 20 10 17 19 11 8 3 6 15 16 6 2 6 8 8 1 10 2 1 3 5 4 5 1 2 7 0 4 4 4 4 2 4 0 6 626.299997985363 2586.7500015348196 1018.6999987363815 232.36000035703182 507.6400002390146 1568.050002798438 971.6800046563148 596.3699981421232 79.78000164031982 205.40999676287174 528.8700015693903 1150.609997048974 624.9900036305189 124.86999914050102 305.6699997186661 554.2399989068508 596.3699981421232 0.7500000149011612 232.36000035703182 58.489999026060104 0.7500000149011612 137.50999929010868 458.85999885201454 73.57000024616718 346.69000102579594 0.0 215.57000190019608 222.45000183582306 0 306.56000106036663 247.67999784648418 409.42000173032284 212.67999973893166 92.98999997973442 146.91999773681164 0 158.79000011086464 308.2300019413233 2779.6899993270636 3293.5800011754036 3.000000737607479 -25.20999989286065 3.6300002597272396 -5.0199992544949055 -18.20999974757433 5.220000345259905 69 35 54 27 13 28 27 17 10 8 11 20 24 12 5 10 10 10 5 13 3 1 4 6 6 5 2 6 7 4 5 5 6 7 3 8 0 7 1532.4800007790327 4035.239997625351 1432.4299974292517 397.0999998450279 919.2500022500753 2602.8100001960993 1880.6700018495321 722.1399983465672 220.37000159919262 420.4399989694357 732.8800011724234 1725.8300002664328 1533.9800008237362 411.54999631643295 453.6899994760752 674.4299986213446 722.1399983465672 330.0100033134222 397.0999998450279 185.78000077605247 0.7500000149011612 208.7099993377924 513.4299990087748 92.79000051319599 346.69000102579594 55.98999984562397 772.7700005620718 222.45000183582306 329.26000329852104 349.2300002425909 325.19999837875366 761.2100002616644 315.6100001782179 138.07999929785728 234.65999819338322 0 304.30999933183193 589.1300023794174 4844.509998559952 5788.840000018477 7.000001225620508 -39.26999982073903 8.62000047415495 -2.959998808801174 -28.039999648928642 11.460000596940517 69 52 71 32 17 44 39 24 15 10 20 25 33 17 5 10 14 15 5 17 5 1 5 10 9 7 4 8 10 4 7 7 9 7 3 15 0 8 2431.0900008380413 5933.059995979071 1930.7199987918139 604.9500015377998 1709.680001720786 4002.339997187257 2699.7900021225214 1302.5499950647354 269.5500016659498 814.2599963247776 1080.310003221035 2754.0399973094463 2200.0100018680096 411.54999631643295 453.6899994760752 1122.2299989461899 1302.5499950647354 330.0100033134222 604.9500015377998 266.0300002396107 0.7500000149011612 373.6699980944395 928.8799969702959 250.15000116825104 499.78000025451183 217.8000022917986 978.4100020676851 408.0700014382601 329.26000329852104 530.1000002324581 592.1299987137318 1221.5999998003244 315.6100001782179 138.07999929785728 548.2299960851669 0 354.8000003695488 895.3900008201599 7190.599998742342 8634.449998497963 9.00000174716115 -53.84999976679683 10.800000727176666 -3.1099982745945454 -36.159999560564756 13.110000930726528
70 1 0 0 1 0 0 0 0 0 0 0 0 0 0 0 0 0 0 1 0 0 0 0 1 0 0 0 0 0 0 0 0 0 0 0 0 0 27.860000759363174 0 0 27.860000759363174 0 0 0 0 0 0 0 0 0 0 0 0 0 0 27.860000759363174 0 0 0 0 27.860000759363174 0 0 0 0 0 0 0 0 0 0 0 0 0 17.93000078201294 6.4599999487400055 27.860000759363174 7.450580596923828e-9 -0.3999999985098839 0.0 -0.06999999284744263 -0.4699999988079071 0.09000000357627869 70 8 10 7 3 6 3 2 1 0 1 8 4 1 1 2 3 1 1 3 0 1 0 1 1 1 0 1 5 0 3 0 0 2 0 1 0 2 204.50000239908695 537.9599986672401 367.3499995023012 65.28000093996525 146.37000189721584 170.60999916493893 49.73000030219555 120.87999886274338 0 1.9599999338388443 268.57000182569027 327.3999983370304 39.97000041604042 30.269999742507935 123.40999984741211 206.51999947428703 120.87999886274338 0.7500000149011612 65.28000093996525 0 0.7500000149011612 0 120.87999886274338 27.860000759363174 9.759999886155128 0 39.97000041604042 144.410001963377 0 206.51999947428703 0 0 123.40999984741211 0 1.9599999338388443 0 37.420000180602074 83.51000081002712 607.7400005310774 743.2100010812283 1.0000001639127731 -7.469999965280294 1.1800000183284283 -2.9899998046457767 -6.979999899864197 1.8100000582635403 70 18 32 18 11 15 14 9 5 3 4 15 11 4 1 6 6 5 1 11 1 1 2 3 5 5 1 2 7 0 3 3 2 4 2 3 0 6 408.300000667572 1907.7800027132034 859.2699991762638 232.36000035703182 384.2400023192167 1048.5100035369396 716.0600037276745 332.44999980926514 79.78000164031982 82.00999884307384 528.8700015693903 727.2599991559982 369.37000270187855 30.269999742507935 305.6699997186661 394.8099993467331 332.44999980926514 0.7500000149011612 232.36000035703182 23.52999973297119 0.7500000149011612 74.01999939978123 258.4300004094839 73.57000024616718 346.69000102579594 0.0 215.57000190019608 222.45000183582306 0 206.51999947428703 188.28999987244606 153.80000080168247 212.67999973893166 92.98999997973442 58.47999911010265 0 158.79000011086464 222.18000289797783 2022.3300023823977 2396.6100050359964 4.000000540167093 -21.739999912679195 4.450000133365393 -3.9699994660913944 -14.469999797642231 5.1500002183020115 70 33 51 26 13 27 25 15 10 6 11 20 23 10 3 9 10 10 4 13 2 1 4 6 6 5 2 4 8 3 5 5 6 6 3 9 0 7 1178.9099999070168 3581.3399972319603 1352.7299975156784 397.0999998450279 728.1799995154142 2228.609999716282 1506.4700013697147 722.1399983465672 111.09000174701214 335.28999607264996 656.5400012731552 1654.9299997389317 1159.7800003439188 210.66999885439873 373.9899995625019 674.4299986213446 722.1399983465672 259.1100027859211 397.0999998450279 58.489999026060104 0.7500000149011612 208.7099993377924 513.4299990087748 92.79000051319599 346.69000102579594 55.98999984562397 450.78000082075596 225.81000185012817 258.36000277101994 349.2300002425909 325.19999837875366 708.9999995231628 235.91000026464462 138.07999929785728 276.79999704658985 0 304.30999933183193 431.52000103890896 4171.349997937679 4872.08999890089 5.000001095235348 -36.549999844282866 6.080000404268503 -3.8599989786744118 -23.089999701827765 8.190000522881746 70 45 65 30 16 39 35 21 14 10 19 21 30 14 4 10 12 14 5 16 5 1 5 9 8 7 2 6 8 4 6 6 8 7 3 14 0 8 1741.0199999958277 5007.539998501539 1686.6599984616041 600.570001527667 1143.9299989789724 3320.880000039935 2274.1600005328655 1046.7199995070696 269.5500016659498 592.5799956172705 736.2400011867285 2254.150001421571 1774.3800002783537 291.60999822616577 453.6899994760752 878.1699986159801 1046.7199995070696 330.0100033134222 600.570001527667 213.6800002157688 0.7500000149011612 263.289999589324 783.4299999177456 245.77000115811825 499.78000025451183 55.98999984562397 695.9700017124414 225.81000185012817 329.26000329852104 470.1300003528595 408.03999826312065 1078.4099985659122 315.6100001782179 138.07999929785728 378.89999540150166 0 354.8000003695488 673.1500010043383 5924.0599996596575 7018.860000178218 7.000001549720764 -48.779999792575836 8.620000630617142 -3.7699985168874264 -31.629999596625566 10.770000778138638 70 62 79 37 17 54 42 25 17 12 26 31 36 17 7 14 15 17 5 17 8 1 6 11 9 8 4 8 12 4 9 6 9 10 4 18 0 8 2969.3700030744076 6577.1900017261505 2226.0299991220236 604.9500015377998 2236.530005529523 4351.160002604127 2831.1900017410517 1519.9700008630753 351.58000230789185 1078.2999961227179 1588.0100069642067 2939.8500030636787 2200.0100018680096 505.00999538600445 780.6099998503923 1090.6199989020824 1519.9700008630753 330.0100033134222 604.9500015377998 437.8600010275841 0.7500000149011612 428.2499983459711 1091.7200025171041 250.15000116825104 631.1799998730421 217.8000022917986 978.4100020676851 588.8500048071146 329.26000329852104 682.5800006389618 408.03999826312065 1221.5999998003244 578.1700018495321 202.43999800086021 640.4399950951338 0 354.8000003695488 1066.7800025641918 8154.120004400611 9898.890007123351 8.000001948326826 -61.76999972388148 10.34000077098608 -4.109998125582933 -40.15999950841069 11.840000957250595
71 0 1 1 0 0 0 0 0 0 0 1 0 0 0 1 0 0 0 0 0 0 0 0 0 0 0 0 0 0 0 0 0 1 0 0 0 0 0 60.49000138044357 60.49000138044357 0 0 0 0 0 0 0 60.49000138044357 0 0 0 60.49000138044357 0 0 0 0 0 0 0 0 0 0 0 0 0 0 0 0 0 60.49000138044357 0 0 0 0 0.0 51.950001418590546 60.49000138044357 -3.725290298461914e-9 -0.3999999985098839 -1.1175870895385742e-8 0.08999999240040779 0.0 -1.1175870895385742e-8 71 2 6 5 1 1 1 0 1 1 0 3 4 0 1 2 3 1 1 1 0 1 0 1 1 0 0 0 0 0 3 0 0 2 0 0 0 0 58.13000050187111 450.8099981844425 329.92999932169914 27.860000759363174 53.18000149726868 120.87999886274338 0 120.87999886274338 53.18000149726868 0 124.15999986231327 327.3999983370304 0 30.269999742507935 123.40999984741211 206.51999947428703 120.87999886274338 0.7500000149011612 27.860000759363174 0 0.7500000149011612 0 120.87999886274338 27.860000759363174 0 0 0 0 0 206.51999947428703 0 0 123.40999984741211 0 0 0 0 73.03000164031982 435.12999929487705 562.8700001984835 -0.9999999031424522 -3.959999978542328 -0.7299999818205833 -2.1999998800456524 -3.5099999494850636 -0.6899999603629112 71 10 17 11 3 9 6 4 2 1 2 12 6 2 1 5 4 2 1 3 1 1 0 2 1 2 0 1 6 0 3 1 1 4 1 1 0 2 271.810002297163 1213.3499996364117 619.5799991339445 72.00000074505806 266.8600032925606 593.7700005024672 394.8200006633997 198.94999983906746 53.18000149726868 25.489999666810036 437.67000192403793 525.6599992066622 272.0100018233061 30.269999742507935 248.7299997806549 326.7099993675947 198.94999983906746 0.7500000149011612 72.00000074505806 23.52999973297119 0.7500000149011612 0 198.94999983906746 27.860000759363174 122.80999884009361 0 175.60000148415565 188.19000212848186 0 206.51999947428703 120.18999989330769 96.41000033915043 212.67999973893166 36.05000004172325 1.9599999338388443 0 44.139999985694885 178.8600024431944 1255.8800013810396 1539.0900034457445 2.000000260770321 -11.559999950230122 2.2700000405311584 -1.2599996961653233 -8.529999870806932 3.5300001055002213 71 20 33 18 11 14 15 10 5 3 2 16 12 5 3 6 6 5 2 11 1 1 1 4 5 5 2 3 7 1 3 3 2 4 2 1 0 6 654.2100006341934 2029.6400039941072 868.829999729991 232.36000035703182 383.7100029885769 1160.8100042641163 854.1400037556887 306.6700005084276 79.78000164031982 25.489999666810036 584.8600014150143 781.940000936389 507.45000272989273 205.80999851226807 305.6699997186661 404.36999990046024 306.6700005084276 71.65000054240227 232.36000035703182 23.52999973297119 0.7500000149011612 0.7300000190734863 305.94000048935413 73.57000024616718 346.69000102579594 55.98999984562397 320.80000184476376 222.45000183582306 70.9000005275011 206.51999947428703 197.8500004261732 186.65000088512897 212.67999973893166 92.98999997973442 1.9599999338388443 0 158.79000011086464 279.3100019097328 2309.9600043445826 2764.3800062835217 5.00000062212348 -22.67999989539385 5.81000018492341 -3.91999938338995 -17.49999975040555 6.990000244230032 71 37 53 24 13 29 29 17 12 6 12 20 26 12 3 8 10 12 5 13 2 1 4 8 7 5 3 5 8 4 5 5 7 5 3 10 0 6 1290.5900011062622 3899.220000952482 1224.5099989920855 255.96000063419342 806.3900002092123 2674.7100019603968 1747.8800027668476 926.8299991935492 148.04000143706799 357.8399972319603 675.2500011175871 1947.820001810789 1401.1900017410517 205.80999851226807 373.9899995625019 691.7299993187189 926.8299991935492 330.0100033134222 255.96000063419342 58.489999026060104 0.7500000149011612 208.7099993377924 718.1199998557568 97.17000052332878 346.69000102579594 68.15999956429005 549.0000009834766 232.35000197589397 329.26000329852104 366.53000093996525 325.19999837875366 852.190000757575 235.91000026464462 138.07999929785728 299.3499982059002 0 158.79000011086464 533.8100008666515 4484.190001294017 5338.600003510714 5.000001277774572 -38.94999983534217 6.080000542104244 -6.509998742491007 -27.20999965071678 7.750000681728125 71 60 71 33 19 49 38 24 14 11 21 29 32 17 7 11 14 14 5 19 6 1 6 8 11 7 5 8 12 4 8 6 9 8 3 15 0 8 2744.0700070261955 5781.690000861883 1935.530000537634 718.150003656745 1810.4300047457218 3846.1600003242493 2699.7900021225214 1146.3699982017279 273.1700015515089 851.6399984508753 1262.190005838871 2480.540000587702 2200.0100018680096 514.1999972462654 575.8200010806322 1004.9099990874529 1146.3699982017279 330.0100033134222 718.150003656745 347.7500005662441 0.7500000149011612 428.2499983459711 718.1199998557568 363.35000328719616 499.78000025451183 217.8000022917986 978.4100020676851 467.82000245153904 329.26000329852104 596.8700008243322 408.03999826312065 1221.5999998003244 437.7400017827749 138.07999929785728 503.88999788463116 0 354.8000003695488 939.0300005972385 7260.520008832216 8799.680009454489 10.000001799315214 -57.27999974042177 12.250000704079866 -2.8899982571601868 -37.97999952360988 14.17000089213252
72 0 1 0 0 0 1 0 1 0 0 0 1 0 0 0 0 1 0 0 0 0 0 1 0 0 0 0 0 0 0 0 0 0 0 0 0 0 0 120.87999886274338 0 0 0 120.87999886274338 0 120.87999886274338 0 0 0 120.87999886274338 0 0 0 0 120.87999886274338 0 0 0 0 0 120.87999886274338 0 0 0 0 0 0 0 0 0 0 0 0 0 0 0.18000000715255737 107.3799991607666 120.87999886274338 -0.999999962747097 -0.3999999985098839 -0.9999999701976776 -1.0199999511241913 -0.5099999904632568 -0.9099999666213989 72 1 7 5 1 1 2 1 1 1 0 4 3 0 0 3 2 1 1 1 0 1 0 1 1 1 0 0 0 0 2 0 0 3 0 0 0 0 27.860000759363174 455.4999981075525 221.57000029087067 27.860000759363174 53.18000149726868 233.92999781668186 113.04999895393848 120.87999886274338 53.18000149726868 0 132.09999983012676 211.09999933838844 0 0 131.3499998152256 90.22000047564507 120.87999886274338 0.7500000149011612 27.860000759363174 0 0.7500000149011612 0 120.87999886274338 27.860000759363174 113.04999895393848 0 0 0 0 90.22000047564507 0 0 131.3499998152256 0 0 0 0 70.93000164628029 417.0099994689226 537.2900003790855 8.568167686462402e-8 -4.089999984949827 0.09000001102685928 -0.34999987483024597 -2.9999999590218067 0.5600000508129597 72 9 17 10 2 7 7 4 3 1 1 11 7 3 2 5 4 3 1 2 1 1 0 3 1 1 0 2 5 0 3 1 1 3 2 0 0 1 307.8399999141693 1295.399999603629 558.6499989628792 35.460000559687614 208.2900015115738 736.7500006407499 490.29000072181225 246.45999991893768 53.18000149726868 23.52999973297119 356.6700000911951 573.1699992865324 377.24000176787376 124.86999914050102 224.33999979496002 326.7099993675947 246.45999991893768 0.7500000149011612 35.460000559687614 23.52999973297119 0.7500000149011612 0 246.45999991893768 27.860000759363174 113.04999895393848 0 280.83000142872334 131.58000028133392 0 206.51999947428703 120.18999989330769 96.41000033915043 131.3499998152256 92.98999997973442 0 0 7.59999980032444 158.07000268995762 1393.599998369813 1657.1700010299683 1.0000003166496754 -11.029999945312738 1.45000009983778 -2.3299996107816696 -9.24999986961484 2.7800001837313175 72 20 33 17 9 15 16 12 4 3 4 15 11 8 3 6 6 4 2 9 1 1 0 4 4 4 1 4 7 1 3 3 4 4 2 3 0 5 697.9800000935793 2382.310001388192 863.8799999207258 227.41000054776669 459.5900019109249 1518.4300014674664 1125.6600012481213 392.7700002193451 111.89000110328197 69.25999912619591 584.8600014150143 868.0400006473064 907.5400019586086 205.80999851226807 305.6699997186661 404.36999990046024 392.7700002193451 71.65000054240227 227.41000054776669 23.52999973297119 0.7500000149011612 0 392.7700002193451 73.57000024616718 218.11999928951263 55.98999984562397 450.78000082075596 222.45000183582306 70.9000005275011 206.51999947428703 197.8500004261732 456.76000113785267 212.67999973893166 92.98999997973442 45.729999393224716 0 153.8400003015995 313.40000078082085 2668.5100008547306 3192.9300025999546 8.000000648200512 -22.67999989539385 8.810000211000443 -0.4699993021786213 -16.87999976798892 8.40000032633543 72 40 53 24 14 28 29 19 10 5 12 19 25 13 5 7 11 10 5 14 2 1 3 7 8 6 3 5 8 4 6 5 8 4 3 10 0 6 1402.300003901124 3958.2900019437075 1268.0499990582466 318.5400023460388 743.3200001716614 2690.240002885461 1979.8200019448996 710.4200009405613 138.49000124633312 304.31999738514423 652.0200005918741 1798.1800041496754 1545.730001270771 308.4599994421005 350.75999903678894 758.499999910593 710.4200009405613 330.0100033134222 318.5400023460388 81.60999965667725 0.7500000149011612 145.21999944746494 565.2000014930964 159.75000223517418 434.09000067412853 68.15999956429005 549.0000009834766 232.35000197589397 329.26000329852104 433.30000153183937 325.19999837875366 996.7300002872944 212.67999973893166 138.07999929785728 222.709997728467 0 158.79000011086464 512.9800005406141 4648.150004595518 5499.830007106066 9.000001288950443 -39.39999981969595 10.350000530481339 -4.899998728185892 -28.049999624490738 10.150000657886267 72 69 78 34 23 54 44 26 18 11 22 34 36 18 7 12 14 18 5 23 5 1 6 12 14 8 6 9 15 4 8 6 9 9 3 17 1 8 3232.980007350445 6394.470008701086 1960.9600006341934 1060.0200036466122 1958.9900058954954 4433.510008066893 2916.1300058066845 1517.3800022602081 274.69000236690044 865.9399957209826 1534.7000090181828 2737.2100046277046 2301.0400037020445 514.1999972462654 715.5900011956692 890.5699990689754 1517.3800022602081 330.0100033134222 1060.0200036466122 220.45999881625175 0.7500000149011612 355.47999857366085 1161.9000036865473 443.1400038301945 615.09000210464 235.46000216901302 1175.330002605915 582.9000056385994 329.26000329852104 482.5300008058548 408.03999826312065 1125.7100010961294 577.5100018978119 138.07999929785728 645.4799969047308 262.0799994468689 354.8000003695488 1021.8600023537874 8276.150014862418 9902.890018433332 8.000002047047019 -63.679999716579914 10.250000832602382 -6.0699980687350035 -40.519999492913485 11.970001017674804
73 0 0 0 0 0 0 0 0 0 0 1 0 0 0 0 0 0 1 0 0 1 0 0 0 0 0 0 0 0 0 0 0 0 0 0 0 0 0 0 0 0 0 0 0 0 0 0 0.7500000149011612 0 0 0 0 0 0 0.7500000149011612 0 0 0.7500000149011612 0 0 0 0 0 0 0 0 0 0 0 0 0 0 0 0 0.18000000715255737 0.14000000059604645 0.7500000149011612 7.450580596923828e-9 -0.3999999985098839 0.0 -0.10999998450279236 -0.5099999904632568 0.09000000357627869 73 3 9 7 2 2 2 1 1 0 0 7 3 0 0 4 2 1 1 2 0 1 0 1 1 1 0 0 2 0 2 0 0 3 1 0 0 1 32.89000070095062 499.1499979496002 265.22000013291836 35.460000559687614 5.029999941587448 233.92999781668186 113.04999895393848 120.87999886274338 0 0 173.17999981343746 211.09999933838844 0 0 167.39999985694885 90.22000047564507 120.87999886274338 0.7500000149011612 35.460000559687614 0 0.7500000149011612 0 120.87999886274338 27.860000759363174 113.04999895393848 0 0 5.029999941587448 0 90.22000047564507 0 0 131.3499998152256 36.05000004172325 0 0 7.59999980032444 71.32000075280666 421.3799981623888 532.789998665452 7.450580596923828e-8 -5.1999999806284904 -2.2351741790771484e-8 -2.589999880641699 -4.979999929666519 0.39000001922249794 73 15 25 15 8 10 10 7 3 1 2 13 9 5 2 5 6 3 1 8 1 1 0 3 4 2 1 2 6 0 3 3 3 3 2 1 0 4 368.36999966204166 1638.8199997395277 675.1499996483326 76.88000068068504 266.2400012910366 963.6700000911951 717.2100001722574 246.45999991893768 53.18000149726868 25.489999666810036 412.6599999368191 650.8299998193979 594.4000013321638 124.86999914050102 224.33999979496002 404.36999990046024 246.45999991893768 0.7500000149011612 76.88000068068504 23.52999973297119 0.7500000149011612 0 246.45999991893768 30.440000727772713 122.80999884009361 55.98999984562397 280.83000142872334 131.58000028133392 0 206.51999947428703 197.8500004261732 313.5699999034405 131.3499998152256 92.98999997973442 1.9599999338388443 0 46.43999995291233 193.93000207841396 1736.6499991118908 2061.120000913739 4.000000417232513 -16.629999924451113 4.45000009611249 -3.0899995639920235 -12.739999819546938 4.000000160187483 73 30 46 20 12 21 26 17 9 4 8 17 20 11 3 7 7 9 5 12 1 1 2 7 6 6 2 4 7 4 3 4 7 4 3 7 0 6 1022.1200033277273 3357.4200011342764 981.8799990266562 251.58000062406063 478.4300025552511 2375.5400021076202 1738.4100005477667 637.1300015598536 84.1700015515089 115.81999932229519 629.9500007331371 1438.7200047373772 1304.3199998736382 205.80999851226807 350.75999903678894 472.32999987900257 637.1300015598536 330.0100033134222 251.58000062406063 23.52999973297119 0.7500000149011612 71.9300000667572 565.2000014930964 92.79000051319599 434.09000067412853 55.98999984562397 450.78000082075596 222.45000183582306 329.26000329852104 206.51999947428703 265.81000040471554 853.5399990528822 212.67999973893166 138.07999929785728 92.289999589324 0 158.79000011086464 380.3900007158518 3854.8000052571297 4464.460006028414 8.000001061707735 -32.36999985948205 8.90000044554472 -3.609998941421509 -22.909999687224627 9.77000056579709 73 47 63 30 17 37 33 20 13 8 16 23 30 13 5 9 13 13 5 17 3 1 5 8 9 7 3 5 10 4 7 6 8 6 3 13 0 8 1779.5999994575977 4639.719999879599 1612.799998909235 604.9500015377998 990.9199974387884 3026.9200009703636 2045.5100015252829 981.4099994450808 165.41000144183636 429.2699956893921 770.979999884963 2194.680001720786 1545.730001270771 374.6799989938736 373.9899995625019 884.0099989771843 981.4099994450808 330.0100033134222 604.9500015377998 64.2199989259243 0.7500000149011612 263.289999589324 718.1199998557568 250.15000116825104 499.78000025451183 68.15999956429005 549.0000009834766 328.0800007432699 329.26000329852104 475.97000071406364 408.03999826312065 996.7300002872944 235.91000026464462 138.07999929785728 365.0499967634678 0 354.8000003695488 605.3799997866154 5598.699999809265 6585.480000793934 7.0000014975667 -47.66999978944659 8.620000589638948 -5.099998563528061 -30.469999592751265 9.880000751465559 73 70 85 40 21 57 45 26 19 13 25 36 39 17 9 16 16 19 5 21 7 1 7 12 12 9 5 8 14 4 10 6 9 11 5 18 1 8 3254.890006542206 7123.500001966953 2473.9199975878 1018.430003374815 2068.190004646778 4649.580004379153 2959.200003936887 1690.3800004422665 336.32000267505646 932.3899940401316 1822.1700061708689 3116.820002734661 2212.7100022137165 530.1299982666969 1021.9399982243776 1097.1799989938736 1690.3800004422665 330.0100033134222 1018.430003374815 369.92000010609627 0.7500000149011612 520.439997330308 1169.9400031119585 401.5500035583973 746.4900017231703 217.8000022917986 991.1100024133921 581.6800056397915 329.26000329852104 689.140000730753 408.03999826312065 1221.5999998003244 694.620000526309 327.3199976980686 562.4699939340353 262.0799994468689 354.8000003695488 1159.4900035113096 8825.440008476377 10715.460011199117 7.000002117827535 -67.59999968856573 9.790000820532441 -6.449998008087277 -43.56999947503209 10.950001003220677
74 0 1 0 0 0 1 1 0 0 0 0 0 0 0 0 0 0 0 0 0 0 0 0 0 1 0 0 0 0 0 0 0 0 0 0 0 0 0 113.04999895393848 0 0 0 113.04999895393848 113.04999895393848 0 0 0 0 0 0 0 0 0 0 0 0 0 0 0 0 0 113.04999895393848 0 0 0 0 0 0 0 0 0 0 0 0 0.550000011920929 112.35999894142151 113.04999895393848 1.0000000186264515 -0.3999999985098839 1.000000011175871 0.5800000242888927 -0.5099999904632568 1.000000011175871 74 2 8 4 0 3 4 2 2 1 0 5 4 1 0 2 2 2 1 0 0 1 0 2 0 1 0 1 2 0 2 0 0 1 1 0 0 0 36.84999969601631 520.8799983263016 134.2100004851818 0 90.03000119328499 386.66999784111977 218.27999889850616 168.3899989426136 53.18000149726868 0 81.58999972045422 258.60999941825867 105.22999994456768 0 43.99000000953674 90.22000047564507 168.3899989426136 0.7500000149011612 0 0 0.7500000149011612 0 168.3899989426136 0 113.04999895393848 0 105.22999994456768 36.84999969601631 0 90.22000047564507 0 0 7.939999967813492 36.05000004172325 0 0 0 68.81000080704689 492.47999911010265 611.6599995344877 1.601874828338623e-7 -4.889999981969595 0.09000007063150406 -1.0599997490644455 -4.999999929219484 1.3200001455843449 74 11 23 12 6 7 11 8 3 2 0 11 8 6 2 5 4 3 2 6 0 1 0 3 3 2 1 3 4 1 3 1 3 3 2 0 0 3 365.2700000554323 1804.239997267723 596.6099991202354 76.00000068545341 196.63000106811523 1207.6299981474876 892.9299989044666 314.699999243021 57.570001408457756 0 364.14999946951866 712.3099991381168 770.120000064373 124.86999914050102 224.33999979496002 326.7099993675947 314.699999243021 71.65000054240227 76.00000068545341 0 0.7500000149011612 0 314.699999243021 30.440000727772713 122.80999884009361 55.98999984562397 410.81000040471554 83.06999981403351 70.9000005275011 206.51999947428703 120.18999989330769 359.3099996596575 131.3499998152256 92.98999997973442 0 0 45.5599999576807 228.54999996721745 1867.9999986737967 2227.8299987465143 5.000000435858965 -14.719999931752682 5.540000151842833 -0.8699995428323746 -11.719999838620424 4.760000202804804 74 29 42 20 13 20 22 14 8 4 6 17 19 11 3 6 8 8 4 13 1 1 2 6 7 3 2 4 8 3 5 3 7 4 2 5 0 6 931.7500019967556 3131.0799999684095 995.5700002014637 255.96000063419342 509.2800023108721 2135.509999766946 1556.7599987536669 578.750001013279 112.07000111043453 96.69999966025352 606.9300012737513 1341.4200031459332 1346.5500002652407 205.80999851226807 305.6699997186661 531.110000371933 578.750001013279 232.31000177562237 255.96000063419342 23.52999973297119 0.7500000149011612 71.9300000667572 506.82000094652176 97.17000052332878 210.2099984884262 68.15999956429005 509.0300005674362 232.35000197589397 231.5600017607212 333.2599999457598 197.8500004261732 837.5199996978045 212.67999973893166 92.98999997973442 73.16999992728233 0 158.79000011086464 424.9200010448694 3488.740000784397 4175.650003090501 6.000000961124897 -30.36999986693263 6.900000382214785 -5.13999904319644 -21.81999970600009 6.400000482797623 74 54 58 25 16 44 33 21 12 9 17 26 28 14 5 7 12 12 5 16 3 1 4 8 10 7 4 6 14 4 7 5 8 4 3 14 0 6 2148.5800115019083 4394.860004380345 1240.6899986565113 455.490003451705 1461.9300075918436 3154.170005723834 2292.0500043332577 862.1200013905764 247.7700021713972 414.6799974888563 1150.9900069832802 1922.5200041979551 1742.650001809001 308.4599994421005 350.75999903678894 731.1399995088577 862.1200013905764 330.0100033134222 455.490003451705 87.33999955654144 0.7500000149011612 218.69999930262566 643.4200020879507 296.70000334084034 549.4000025242567 217.8000022917986 745.9200015217066 581.6800056397915 329.26000329852104 382.4899992197752 348.6500002890825 996.7300002872944 212.67999973893166 138.07999929785728 327.3399979323149 0 158.79000011086464 697.4500017762184 5686.51001419127 6791.960018068552 9.000001568347216 -48.95999978482723 10.71000063791871 -3.3699984699487686 -31.06999958306551 11.540000818669796 74 80 91 40 24 67 51 29 22 15 29 40 42 20 8 16 16 22 5 24 8 1 8 14 15 9 7 10 16 4 9 7 10 12 4 21 1 8 3764.5600074976683 7749.47001183033 2444.9000015854836 1265.8300034701824 2462.6600037813187 5304.570010244846 3324.700008302927 1979.8700019419193 419.39000207185745 1192.519993558526 1912.3800106495619 3338.3500039726496 2578.2100065797567 480.9999993890524 1060.8800024837255 1029.2199987322092 1979.8700019419193 330.0100033134222 1265.8300034701824 476.88000026345253 0.7500000149011612 610.2099989801645 1369.6600029617548 648.9500036537647 746.4900017231703 267.8500025123358 1294.7800052314997 582.9000056385994 329.26000329852104 520.200001001358 509.0199977308512 1283.430001348257 831.0500037223101 229.82999876141548 715.6399932950735 262.0799994468689 354.8000003695488 1316.120001733303 9815.850017905235 11934.170021414757 7.000002400949597 -75.10999966785312 9.790000973269343 -6.9299977365881205 -48.00999943912029 12.640001198276877
75 0 1 1 0 0 0 0 0 0 0 1 0 0 0 1 0 0 0 0 0 0 0 0 0 0 0 0 0 0 0 0 0 0 1 0 0 0 0 36.05000004172325 36.05000004172325 0 0 0 0 0 0 0 36.05000004172325 0 0 0 36.05000004172325 0 0 0 0 0 0 0 0 0 0 0 0 0 0 0 0 0 0 36.05000004172325 0 0 0 16.870000079274178 14.399999752640724 36.05000004172325 -7.450580596923828e-9 -0.3999999985098839 -1.4901161193847656e-8 -0.8100000023841858 -0.9799999892711639 -0.14000001549720764 75 5 7 5 2 4 2 2 0 0 0 8 1 1 0 3 1 0 1 2 0 1 0 0 1 1 1 1 3 0 1 0 0 1 2 0 0 1 97.85999946296215 374.6099987477064 156.32999984920025 10.179999768733978 95.27999949455261 218.27999889850616 218.27999889850616 0 0 0 196.9599994570017 47.800000101327896 105.22999994456768 0 100.92999994754791 47.800000101327896 0 0.7500000149011612 10.179999768733978 0 0.7500000149011612 0 0 2.5799999684095383 113.04999895393848 55.98999984562397 105.22999994456768 39.28999964892864 0 47.800000101327896 0 0 7.939999967813492 92.98999997973442 0 0 7.59999980032444 60.1999993622303 389.0099982917309 473.2199982255697 2.000000074505806 -5.1999999806284904 1.9999999776482582 0.040000129491090775 -4.979999929666519 3.1100000329315662 75 19 26 14 10 12 12 10 2 2 4 12 8 7 2 5 5 2 2 10 1 1 0 2 6 3 1 3 5 1 2 3 4 3 2 3 0 4 502.53000132739544 1834.489997163415 558.8500006496906 139.23000046610832 253.39000129699707 1275.6399965137243 1107.2499975711107 168.3899989426136 57.570001408457756 56.760000228881836 364.14999946951866 545.510001629591 897.0399990826845 124.86999914050102 224.33999979496002 288.0700009018183 168.3899989426136 89.80000180006027 139.23000046610832 23.52999973297119 0.7500000149011612 0 168.3899989426136 92.79000051319599 210.2099984884262 55.98999984562397 410.81000040471554 83.06999981403351 89.05000178515911 90.22000047564507 197.8500004261732 486.229998677969 131.3499998152256 92.98999997973442 33.230000495910645 0 46.43999995291233 211.60000117123127 2039.709998741746 2395.3399999141693 8.0000004991889 -19.119999915361404 8.540000133216381 -0.15999948978424072 -14.14999981597066 7.230000216513872 75 34 47 22 12 26 25 15 10 5 11 17 24 11 3 6 10 10 5 12 2 1 3 7 6 4 2 4 8 4 6 4 7 3 3 9 0 6 1052.160002797842 3335.6199989765882 1084.8399986624718 251.58000062406063 508.47000202536583 2250.7800003141165 1559.0699985027313 691.7100018113852 84.1700015515089 142.49999877810478 551.9800008237362 1677.5900045484304 1304.3199998736382 205.80999851226807 269.4299991130829 656.6199994385242 691.7100018113852 330.0100033134222 251.58000062406063 29.259999632835388 0.7500000149011612 126.5100003182888 565.2000014930964 92.79000051319599 254.74999862909317 55.98999984562397 450.78000082075596 225.81000185012817 329.26000329852104 375.92999912798405 280.6900003105402 853.5399990528822 131.3499998152256 138.07999929785728 113.2399991452694 0 158.79000011086464 362.4000005722046 3872.3400025069714 4472.70000334084 5.00000112876296 -34.85999985039234 5.99000046774745 -8.68999893590808 -24.399999666959047 5.250000543892384 75 59 66 30 17 47 36 23 13 10 21 27 30 14 8 10 13 13 5 17 5 1 4 9 10 9 3 6 13 4 7 6 8 7 3 16 0 7 2259.0500015318394 4931.410000607371 1431.599997907877 497.6300025880337 1425.5799995809793 3499.8100026994944 2503.6700025498867 996.1400001496077 265.1400021761656 565.3499933034182 1027.6300033926964 2115.9300009310246 1757.1800008267164 480.9999993890524 431.7899992763996 790.5299974828959 996.1400001496077 330.0100033134222 497.6300025880337 144.4699983894825 0.7500000149011612 199.79999969899654 796.3400004506111 288.35000143945217 746.4900017231703 68.15999956429005 745.9200015217066 526.9300045371056 329.26000329852104 382.4899992197752 408.03999826312065 1011.2599993050098 293.7099999785423 138.07999929785728 420.87999491393566 0 209.2800011485815 701.1700004637241 6335.730003386736 7456.350004330277 10.000001713633537 -54.2599997445941 12.340000666677952 -0.7199984155595303 -32.02999958023429 13.370000839233398 75 80 95 42 23 66 53 31 22 16 28 41 43 22 10 18 16 22 6 23 8 1 8 14 14 9 6 11 16 5 10 6 11 11 7 20 1 8 3888.830004543066 8387.030006662011 2703.160000130534 1060.0200036466122 2478.3900035470724 5683.870006531477 3698.0400083959103 1985.8299981355667 426.0600022226572 1233.9699935168028 2070.2900085896254 3569.6500002890825 2951.55000667274 644.6399967819452 1251.1800007671118 1097.1799989938736 1985.8299981355667 487.3900031745434 1060.0200036466122 437.8600010275841 0.7500000149011612 608.1299957484007 1377.700002387166 443.1400038301945 746.4900017231703 235.46000216901302 1443.2500058114529 582.9000056385994 486.6400031596422 689.140000730753 408.03999826312065 1508.3000008612871 728.0300023704767 523.149998396635 796.1099924892187 262.0799994468689 354.8000003695488 1398.9900031387806 10422.310009390116 12702.670013442636 9.000002482905984 -76.93999964743853 12.240001009777188 -5.569997640326619 -50.63999941572547 14.320001238957047
76 0 1 0 0 0 1 1 0 0 0 0 0 1 0 0 0 0 0 0 0 0 0 0 0 0 0 1 0 0 0 0 0 0 0 0 0 0 0 105.22999994456768 0 0 0 105.22999994456768 105.22999994456768 0 0 0 0 0 105.22999994456768 0 0 0 0 0 0 0 0 0 0 0 0 0 105.22999994456768 0 0 0 0 0 0 0 0 0 0 0.0 99.58999994397163 105.22999994456768 1.0000000298023224 -0.3999999985098839 1.0000000223517418 1.8500000461935997 0.0 1.4500000402331352 76 5 6 1 1 4 5 4 1 1 0 4 2 3 0 1 0 1 1 1 0 0 0 1 1 1 1 1 2 1 0 0 2 0 1 0 0 0 184.47000129520893 570.9099981337786 36.05000004172325 2.5799999684095383 97.22999945282936 534.8599980920553 487.3499980121851 47.510000079870224 4.389999911189079 0 128.88999958336353 136.56000186502934 374.2999990582466 0 36.05000004172325 0 47.510000079870224 89.05000178515911 2.5799999684095383 0 0 0 47.510000079870224 2.5799999684095383 113.04999895393848 55.98999984562397 105.22999994456768 36.84999969601631 89.05000178515911 0 0 269.06999911367893 0 36.05000004172325 0 0 0 87.60999888181686 644.660000026226 759.7699993401766 3.000000186264515 -4.889999981969595 3.090000096708536 1.1200002320110798 -4.939999938011169 3.6200001426041126 76 18 24 12 5 12 12 9 3 2 4 10 12 7 3 3 6 3 4 5 0 1 0 3 2 2 2 3 4 3 4 2 4 1 2 4 0 3 681.3100006133318 1818.5899963527918 483.78000074625015 48.13999992609024 246.13000075519085 1334.8099956065416 1020.1099963635206 314.699999243021 57.570001408457756 71.20999999344349 219.02999931573868 883.5500018447638 819.6599977612495 258.60999953746796 100.92999994754791 337.29000084102154 314.699999243021 232.31000177562237 48.13999992609024 0 0.7500000149011612 0 314.699999243021 2.5799999684095383 200.44999860227108 68.15999956429005 333.42999908328056 49.18999978899956 231.5600017607212 216.9600009471178 120.32999989390373 486.229998677969 7.939999967813492 92.98999997973442 71.20999999344349 0 45.5599999576807 225.42999866604805 2186.4499993026257 2558.2199983894825 6.000000573694706 -17.789999913424253 6.720000226050615 -1.3599993847310543 -13.809999793767929 5.250000301748514 76 43 45 19 14 30 26 16 10 6 10 21 23 13 5 6 9 10 5 14 3 1 3 7 10 3 3 5 11 4 5 4 8 3 3 7 0 4 1689.2900118231773 3423.3400013893843 820.0800004154444 322.15000185370445 891.5500081777573 2603.26000097394 1911.3999995440245 691.8600014299154 115.69000099599361 162.97999957203865 883.060006737709 1525.3300060778856 1701.1900010555983 308.4599994421005 269.4299991130829 504.21000134944916 691.8600014299154 330.0100033134222 322.15000185370445 87.33999955654144 0.7500000149011612 126.5100003182888 565.3500011116266 275.7100019007921 210.2099984884262 217.8000022917986 705.9500011056662 395.0800053179264 329.26000329852104 223.52000103890896 280.6900003105402 995.2399999499321 131.3499998152256 138.07999929785728 75.64000001549721 0 46.43999995291233 478.30000045895576 4452.6000123173 5229.070014223456 6.000001270323992 -37.8899998255074 7.440000541508198 -3.43999882042408 -23.55999968573451 7.040000643581152 76 68 69 28 20 56 41 24 17 12 21 33 34 18 6 9 13 17 5 20 3 1 4 13 14 6 7 9 16 4 8 5 9 4 5 18 0 6 2444.9700101315975 5678.420008853078 1507.2099990397692 598.6500044465065 1660.570004582405 4171.210009813309 2735.7700059115887 1435.44000390172 337.51000171899796 472.30999471247196 1398.0900079011917 2566.5300063937902 2234.310005813837 352.7899996340275 546.5899997353554 801.8299991935492 1435.44000390172 330.0100033134222 598.6500044465065 87.33999955654144 0.7500000149011612 218.69999930262566 1216.7400045990944 439.86000433564186 501.4600000977516 267.8500025123358 1110.09000505507 582.9000056385994 329.26000329852104 420.15999941527843 381.6699997782707 1124.2200007587671 212.67999973893166 333.9099999964237 384.9699951559305 0 158.79000011086464 878.5400001108646 7068.700017973781 8461.650020718575 7.000001989305019 -60.29999973624945 9.16000084578991 -7.15999810770154 -37.37999953329563 10.500001069158316 76 88 110 45 25 75 65 37 28 19 31 45 51 27 10 19 18 28 6 25 9 1 9 19 16 10 7 12 18 5 10 8 15 12 7 22 1 8 3807.04000505805 9629.12999895215 2664.5899937450886 1110.9700039625168 2638.340002551675 6964.540005207062 4479.570003077388 2484.970002129674 608.0700012147427 1019.1899927854538 2176.630006596446 4062.760000050068 3694.100000858307 587.7999975532293 1164.7999980300665 1144.9899953454733 2484.970002129674 433.5500025898218 1110.9700039625168 431.35999841988087 0.7500000149011612 663.6699981838465 1821.3000039458275 494.0900041460991 785.4700022190809 267.8500025123358 1430.100005403161 743.2300060391426 432.80000257492065 617.8299972712994 527.1599980741739 2263.999995455146 693.4900007992983 471.3099972307682 587.8299943655729 262.0799994468689 354.8000003695488 1447.6499987393618 11661.220006808639 14044.990005239844 9.000002948567271 -87.60999960824847 12.510001281276345 -7.55999724380672 -55.45999936014414 15.4500015322119
77 1 0 0 0 1 0 0 0 0 0 1 0 0 0 0 0 0 0 0 0 0 0 0 0 0 1 0 0 0 0 0 0 0 0 0 0 0 55.98999984562397 0 0 0 55.98999984562397 0 0 0 0 0 55.98999984562397 0 0 0 0 0 0 0 0 0 0 0 0 0 0 55.98999984562397 0 0 0 0 0 0 0 0 0 0 0 23.099999621510506 28.980000138282776 55.98999984562397 7.450580596923828e-9 -0.3999999985098839 0.0 -0.6699999868869781 -0.9799999892711639 0.0 77 7 5 2 2 6 3 3 0 1 3 3 1 2 0 1 0 0 1 2 0 0 0 0 1 1 1 1 1 1 0 0 1 0 1 3 0 1 215.11000180244446 408.93999820947647 43.64999984204769 10.179999768733978 127.86999996006489 365.2899983674288 365.2899983674288 0 4.389999911189079 33.230000495910645 126.29999959468842 89.05000178515911 277.8899987190962 0 36.05000004172325 0 0 89.05000178515911 10.179999768733978 0 0 0 0 2.5799999684095383 87.3999996483326 55.98999984562397 105.22999994456768 34.259999707341194 89.05000178515911 0 0 172.6599987745285 0 36.05000004172325 33.230000495910645 0 7.59999980032444 77.22999908030033 523.12000015378 628.43999992311 3.0000001341104507 -5.289999980479479 3.0900000371038914 0.8100001588463783 -4.429999947547913 3.11000008136034 77 18 23 11 7 14 12 9 3 2 5 12 9 6 0 4 4 3 3 7 1 1 1 2 4 3 1 2 6 2 1 3 4 1 3 4 0 3 439.51000240445137 1540.1299958974123 399.8799997419119 67.36000019311905 261.440000846982 1140.2499961555004 979.779995277524 160.47000087797642 4.389999911189079 38.96000039577484 364.85999982059 529.4300026297569 769.5699967890978 0 146.01999926567078 208.3000005185604 160.47000087797642 161.41000124812126 67.36000019311905 5.729999899864197 0.7500000149011612 54.5800002515316 105.89000062644482 21.800000235438347 210.2099984884262 55.98999984562397 235.20999892055988 162.1000006943941 160.6600012332201 47.800000101327896 160.5000004172325 534.3599978685379 7.939999967813492 138.07999929785728 33.230000495910645 0 45.5599999576807 132.34999844431877 1769.7799990475178 1984.779998227954 6.000000491738319 -17.779999934136868 6.18000016361475 -0.39999955520033836 -11.36999985575676 4.840000215917826 77 37 41 21 12 27 20 13 7 4 13 18 19 9 4 7 9 7 4 12 2 1 3 4 7 4 1 3 9 3 5 4 6 4 3 11 0 5 1262.9900002628565 2773.539995968342 918.9399990290403 242.93000110983849 618.56999745965 1854.5999969393015 1446.7499969750643 407.8499999642372 57.75000141561031 198.48999626934528 690.3099986165762 1206.5300031751394 1105.1399988681078 252.2700001001358 327.2299988269806 540.3200004398823 407.8499999642372 259.1100027859211 242.93000110983849 29.259999632835388 0.7500000149011612 126.5100003182888 281.3399996459484 191.54000134766102 341.6099981069565 55.98999984562397 410.81000040471554 306.3399999290705 258.36000277101994 259.6300001293421 280.6900003105402 694.3299984633923 189.1499995291233 138.07999929785728 169.2299966365099 0 51.38999976217747 278.1900008022785 3608.1099973618984 4095.02999766171 6.000000968575478 -33.03999985009432 7.0800003334879875 -4.749999083578587 -22.39999969676137 7.150000434368849 77 57 70 33 17 46 37 24 13 10 20 29 31 16 7 12 14 13 5 17 5 1 4 9 10 8 3 8 13 4 8 6 8 7 5 15 0 7 2198.100004002452 5299.380001604557 1685.7499976605177 534.8400028496981 1299.3500024080276 3613.6300039440393 2629.2800028324127 984.3500011116266 217.4900026321411 486.76999567449093 1196.0700033307076 2189.850001707673 2011.3600028455257 461.41999922692776 600.2299992144108 876.2399972975254 984.3500011116266 330.0100033134222 534.8400028496981 154.32999938726425 0.7500000149011612 214.19999873638153 770.1500023752451 325.56000170111656 617.919999986887 68.15999956429005 1000.1000035405159 526.9300045371056 329.26000329852104 468.19999903440475 408.03999826312065 1011.2599993050098 293.7099999785423 306.51999923586845 332.4399962872267 0 209.2800011485815 751.6400017440319 6513.040006548166 7715.720008254051 11.000001721084118 -55.189999748021364 13.160000663250685 -1.8799984157085419 -33.90999957546592 13.69000082835555 77 80 101 42 23 70 59 35 24 20 28 40 46 26 10 17 17 24 6 23 8 1 8 16 14 9 6 12 16 5 11 6 14 10 7 20 1 8 3960.7600035071373 9293.569994673133 2616.499996572733 1060.350003555417 2857.1400011479855 6677.0699981004 4460.210002824664 2216.859995275736 733.2100007683039 1150.3299914002419 2101.200006008148 3838.349997624755 3713.720001101494 644.6399967819452 1126.8499970138073 1134.8499991893768 2216.859995275736 487.3900031745434 1060.350003555417 354.21999891102314 0.7500000149011612 608.1299957484007 1608.7299995273352 443.47000373899937 746.4900017231703 235.46000216901302 1503.7500065267086 738.1400068104267 486.6400031596422 726.8100009262562 408.03999826312065 2209.9699945747852 603.6999986171722 523.149998396635 796.1099924892187 262.0799994468689 354.8000003695488 1551.8399993777275 11443.299999564886 13988.289998963475 11.000002710148692 -81.29999963194132 14.600001161918044 -3.9299973230808973 -55.83999936655164 18.400001456961036
78 0 1 0 0 0 1 1 0 0 0 0 0 1 0 0 0 0 0 0 0 0 0 0 0 0 0 0 0 0 0 0 1 0 0 0 0 0 0 172.6599987745285 0 0 0 172.6599987745285 172.6599987745285 0 0 0 0 0 172.6599987745285 0 0 0 0 0 0 0 0 0 0 0 0 0 0 0 0 0 0 172.6599987745285 0 0 0 0 0 21.239999294281006 148.51999938488007 172.6599987745285 1.0000000223517418 -0.3999999985098839 1.0000000149011612 0.5400000214576721 0.0 0.45000001788139343 78 5 3 0 0 5 3 3 0 1 2 2 1 2 0 0 0 0 1 0 0 0 0 0 0 1 1 1 1 1 0 0 1 0 0 2 0 0 206.7400018721819 365.2899983674288 0 0 122.07999999821186 365.2899983674288 365.2899983674288 0 4.389999911189079 27.440000534057617 90.24999955296516 89.05000178515911 277.8899987190962 0 0 0 0 89.05000178515911 0 0 0 0 0 0 87.3999996483326 55.98999984562397 105.22999994456768 34.259999707341194 89.05000178515911 0 0 172.6599987745285 0 0 27.440000534057617 0 0 55.599998980760574 497.6500006914139 576.4200001507998 3.0000001341104507 -3.6899999864399433 3.0900000669062138 1.0700001642107964 -3.4499999582767487 3.010000102221966 78 13 20 7 4 9 13 9 4 1 4 6 10 7 0 2 4 4 2 4 0 0 1 3 3 2 1 2 3 2 2 2 5 1 1 4 0 1 368.34000211954117 1593.4199982136488 261.31000016629696 10.179999768733978 209.4900008291006 1332.1099980473518 1097.2299969643354 234.8800010830164 4.389999911189079 33.230000495910645 215.86000043153763 605.2600026726723 896.7799983620644 0 43.99000000953674 209.72000035643578 234.8800010830164 160.6600012332201 10.179999768733978 0 0 54.5800002515316 180.3000008314848 2.5799999684095383 200.44999860227108 55.98999984562397 235.20999892055988 115.88000057637691 160.6600012332201 126.74000047147274 82.97999988496304 661.5699994415045 7.939999967813492 36.05000004172325 33.230000495910645 0 7.59999980032444 109.34999895095825 1784.5700004249811 1966.150000244379 5.000000506639481 -13.68999994918704 5.090000253170729 5.400000493973494 -5.879999935626984 5.640000354498625 78 39 43 17 11 27 26 16 10 4 11 18 23 12 4 5 9 10 5 11 1 1 3 7 8 4 2 5 10 4 5 4 7 1 4 10 0 3 1601.4100068956614 3303.0700004696846 799.8700018078089 273.76000232994556 802.2000027894974 2503.1999986618757 1870.7699971199036 632.4300015419722 61.19000129401684 233.90999832749367 757.950003683567 1465.9000061899424 1529.159999012947 302.9399997293949 250.10000050067902 504.21000134944916 632.4300015419722 330.0100033134222 273.76000232994556 5.729999899864197 0.7500000149011612 126.5100003182888 505.92000122368336 228.20000237226486 341.6099981069565 68.15999956429005 677.1100002974272 438.9400036036968 329.26000329852104 223.52000103890896 280.6900003105402 852.0499987155199 7.939999967813492 242.16000053286552 228.17999842762947 0 45.5599999576807 420.9900003373623 4306.170007511973 4966.420008674264 6.000001210719347 -34.639999844133854 7.0800005458295345 -1.1399988755583763 -21.56999972462654 8.110000647604465 78 68 73 31 18 59 42 26 16 15 23 35 33 20 7 13 13 16 5 18 6 1 4 12 13 6 6 8 15 4 7 6 12 6 7 17 0 5 2446.180009648204 6371.3199967592955 1521.3799979388714 440.6300036907196 1901.7800025194883 4849.939998820424 3404.4099982231855 1445.5300005972385 569.2999997735023 572.59999614954 1526.9500042498112 2478.4600044339895 2881.7999986857176 395.1999996751547 766.319997638464 703.6700005382299 1445.5300005972385 330.0100033134222 440.6300036907196 276.0699996203184 0.7500000149011612 291.4699990749359 1154.0600015223026 389.24000392854214 522.609999537468 267.8500025123358 1070.1200046390295 492.03000408411026 329.26000329852104 303.86000041663647 399.8100001215935 1811.679994046688 295.01000040769577 471.3099972307682 296.52999652922153 0 51.38999976217747 1058.9999978095293 7705.250008359551 9387.550006195903 10.000002019107342 -63.2399997189641 12.61000081896782 -3.8599981367588043 -40.58999952301383 13.810000982135534 78 89 107 42 23 74 65 37 28 18 30 45 50 28 12 18 17 28 6 23 8 1 10 18 16 9 7 13 19 5 9 8 15 11 7 22 0 7 3785.0600070357323 9436.999994456768 2290.659997805953 703.3700052946806 2736.8700026273727 7146.339996650815 4499.470001921058 2646.8699947297573 648.3000000864267 921.0299928188324 2216.6400090903044 4166.539995193481 3842.57000143826 715.759997189045 1048.3499993532896 1033.029997304082 2646.8699947297573 487.3900031745434 703.3700052946806 333.19999845325947 0.7500000149011612 860.699994713068 1786.1700000166893 494.0900041460991 656.9000004827976 267.8500025123358 1578.5700059831142 899.6900072097778 486.6400031596422 505.869999229908 527.1599980741739 2263.999995455146 577.0400021225214 471.3099972307682 587.8299943655729 0 209.2800011485815 1458.06999745965 11465.210004001856 13871.110001593828 9.0000029951334 -86.05999960005283 12.7800013422966 -9.649997092783451 -58.68999931961298 15.750001639127731
79 0 1 0 0 0 1 1 0 0 0 0 0 0 0 0 0 0 0 0 0 0 0 0 0 1 0 0 0 0 0 0 0 0 0 0 0 0 0 87.3999996483326 0 0 0 87.3999996483326 87.3999996483326 0 0 0 0 0 0 0 0 0 0 0 0 0 0 0 0 0 87.3999996483326 0 0 0 0 0 0 0 0 0 0 0 0 0.0 82.32999947667122 87.3999996483326 1.0000000186264515 -0.3999999985098839 1.000000011175871 0.7000000178813934 0.0 0.6100000143051147 79 4 4 1 0 4 3 2 1 1 2 1 3 1 0 0 1 1 1 0 0 0 1 0 0 1 1 0 0 1 0 1 1 0 0 2 0 0 172.4800021648407 397.4799985587597 82.83999988436699 0 87.82000029087067 314.6399986743927 260.0599984228611 54.5800002515316 4.389999911189079 27.440000534057617 55.98999984562397 226.4700019210577 172.6599987745285 0 0 82.83999988436699 54.5800002515316 89.05000178515911 0 0 0 54.5800002515316 0 0 87.3999996483326 55.98999984562397 0 0 89.05000178515911 0 82.83999988436699 172.6599987745285 0 0 27.440000534057617 0 0 57.099998995661736 495.67000107467175 574.3500006347895 1.0000001415610313 -3.6899999864399433 1.0900000743567944 -0.979999840259552 -3.4499999582767487 0.6500000953674316 79 13 13 5 4 10 8 7 1 2 5 5 5 5 0 2 2 1 2 4 1 0 1 0 3 2 1 2 2 2 0 2 3 0 2 4 0 1 390.70000229775906 1124.4299948066473 171.7199990451336 29.400000035762787 212.6300007402897 952.7099957615137 898.1299955099821 54.5800002515316 4.389999911189079 38.96000039577484 250.41999979317188 298.22000136971474 679.3299962431192 0 81.13999935984612 82.97999988496304 54.5800002515316 160.6600012332201 29.400000035762787 5.729999899864197 0 54.5800002515316 0 21.800000235438347 218.79999926686287 55.98999984562397 235.20999892055988 113.2900005877018 160.6600012332201 0 82.97999988496304 444.11999732255936 0 81.13999935984612 33.230000495910645 0 7.59999980032444 94.04999892413616 1367.85999751091 1519.5199970155954 6.0000003427267075 -11.379999957978725 6.1800001338124275 4.080000352114439 -6.899999916553497 6.2300002090632915 79 28 33 14 8 22 19 12 7 3 11 16 14 8 1 7 4 7 4 8 2 1 3 4 5 4 1 2 7 3 1 3 6 2 5 9 0 3 918.2900011688471 2440.439993098378 620.9899984747171 166.11000102758408 591.5799973905087 1819.449994623661 1405.7499932348728 413.7000013887882 96.53000025451183 225.00999799370766 643.04999807477 875.230003759265 1064.1399951279163 44.330000191926956 372.25999891757965 203.1699995994568 413.7000013887882 259.1100027859211 166.11000102758408 73.670000821352 0.7500000149011612 126.5100003182888 287.1900010704994 120.55000106990337 341.6099981069565 55.98999984562397 235.20999892055988 214.0499992966652 258.36000277101994 42.669999182224274 160.5000004172325 828.9299962073565 65.7399996817112 306.51999923586845 151.33999717235565 0 45.5599999576807 290.3199977725744 2983.4299963116646 3456.0099945366383 5.000000797212124 -26.139999896287918 5.450000308454037 -1.4099993258714676 -15.239999812096357 5.070000346750021 79 48 63 26 15 39 37 22 15 10 16 25 27 17 7 11 9 15 4 15 4 1 6 9 9 5 2 7 11 3 5 4 10 6 5 12 0 6 1969.9300037622452 5273.399990573525 1183.2399995028973 385.8500022292137 1374.6600009948015 4090.159991070628 2873.2599947601557 1216.8999963104725 371.80999982357025 369.2399972230196 1175.4000022262335 2015.5799995213747 2465.959997072816 424.7499983906746 541.0399982631207 540.3200004398823 1216.8999963104725 259.1100027859211 385.8500022292137 119.37000009417534 0.7500000149011612 460.31999611854553 756.580000191927 283.9700014293194 407.2999976873398 55.98999984562397 1001.180002361536 577.6200041025877 258.36000277101994 259.6300001293421 280.6900003105402 1464.7799947112799 234.5199990272522 306.51999923586845 249.86999712884426 0 101.88000079989433 808.1199997663498 6344.859994903207 7615.889994174242 7.000001646578312 -48.78999977186322 9.160000707954168 -4.109998378902674 -32.72999960184097 10.950000908225775 79 72 96 38 19 62 58 34 24 16 26 36 44 26 10 15 15 24 6 19 8 1 8 16 11 8 5 12 15 5 9 6 14 9 6 18 0 8 3500.5800030231476 8912.05998647213 2218.749995484948 684.7400020807981 2505.680003911257 6693.309990987182 4386.009997203946 2307.2999937832355 546.4100004285574 839.2299924492836 1987.6000087559223 3791.0799943506718 3768.089997217059 724.7299946695566 866.8099977076054 997.139997407794 2307.2999937832355 487.3900031745434 684.7400020807981 333.19999845325947 0.7500000149011612 698.5699942559004 1608.7299995273352 329.94000171124935 617.919999986887 381.9000042229891 1503.7500065267086 738.1400068104267 486.6400031596422 589.0999991446733 408.03999826312065 2264.3399906903505 487.24999994039536 379.55999776721 506.02999399602413 0 354.8000003695488 1333.4299965053797 10771.879995420575 12959.799989938736 10.000002596527338 -74.13999965786934 13.240001175552607 -2.08999739959836 -49.479999393224716 16.550001453608274
80 1 0 0 0 1 0 0 0 0 1 0 0 0 0 0 0 0 0 0 0 0 0 0 0 0 0 0 0 0 0 0 0 0 0 1 0 0 26.71000051498413 0 0 0 26.71000051498413 0 0 0 0 26.71000051498413 0 0 0 0 0 0 0 0 0 0 0 0 0 0 0 0 0 0 0 0 0 0 0 0 26.71000051498413 0 0 6.2500001192092896 15.100000262260437 26.71000051498413 7.450580596923828e-9 -0.3999999985098839 0.0 -0.6699999868869781 -0.9799999892711639 0.0 80 8 6 2 1 8 4 3 1 1 5 2 3 2 0 0 1 1 1 1 1 0 1 0 0 1 1 0 1 1 0 1 2 0 0 4 0 1 263.0300029069185 549.6199978888035 90.43999968469143 7.59999980032444 173.98000112175941 459.17999820411205 404.59999795258045 54.5800002515316 0.0 38.96000039577484 135.02000072598457 226.4700019210577 317.19999830424786 0 0 82.83999988436699 54.5800002515316 89.05000178515911 7.59999980032444 5.729999899864197 0 54.5800002515316 0 0 87.3999996483326 55.98999984562397 0 79.0300008803606 89.05000178515911 0 82.83999988436699 317.19999830424786 0 0 33.230000495910645 0 7.59999980032444 63.959998950362206 723.500001296401 812.650000795722 2.000000186264515 -6.089999977499247 2.0900000743567944 0.7800001949071884 -3.4899999499320984 2.0500001162290573 80 19 17 9 5 15 8 6 2 2 8 9 7 4 1 4 3 2 2 5 1 0 1 1 3 2 1 1 4 2 0 3 3 1 3 7 0 2 606.1499990969896 1246.5099965333939 365.39999920129776 30.820000007748604 383.7499973475933 881.1099973320961 768.1499965339899 112.9600007981062 4.389999911189079 114.34999823570251 460.8899982124567 434.1200024485588 549.349997267127 44.330000191926956 195.879999011755 160.5000004172325 112.9600007981062 160.6600012332201 30.820000007748604 5.729999899864197 0 54.5800002515316 58.38000054657459 21.800000235438347 218.79999926686287 55.98999984562397 105.22999994456768 209.01999935507774 160.6600012332201 0 160.5000004172325 444.11999732255936 57.799999713897705 138.07999929785728 108.61999833583832 0 9.019999772310257 100.78999881446362 1675.6499966233969 1857.0499955415726 4.000000394880772 -15.249999936670065 4.360000107437372 -0.36999961733818054 -9.83999988436699 4.180000185966492 80 32 36 18 12 24 18 12 6 3 12 16 15 7 2 6 6 6 4 12 3 1 3 3 6 5 1 2 8 3 3 3 5 2 4 9 0 6 1025.259999409318 2250.6299922019243 706.73999799788 221.04000036418438 572.0599969029427 1543.8899942040443 1240.4299947321415 303.45999947190285 11.06000006198883 247.1799975335598 582.7499970048666 898.500001758337 833.1299970448017 86.74000023305416 268.1799976825714 336.67999951541424 303.45999947190285 259.1100027859211 221.04000036418438 95.84000036120415 0.7500000149011612 142.99999868869781 160.46000078320503 119.15999956429005 407.2999976873398 55.98999984562397 235.20999892055988 257.82999946177006 258.36000277101994 176.17999909818172 160.5000004172325 597.9199981242418 65.7399996817112 202.43999800086021 151.33999717235565 0 101.88000079989433 236.46999789774418 2881.139994099736 3287.6999916881323 6.000000797212124 -28.809999879449606 6.630000252276659 -2.999999314546585 -17.239999782294035 5.390000324696302 80 50 60 27 15 38 33 21 12 7 18 25 25 15 7 11 9 12 5 15 5 1 4 8 8 6 2 6 11 4 5 4 9 6 5 13 0 7 2242.3600008636713 4805.389997944236 1342.2300019562244 455.05000230669975 1269.7000000923872 3463.1599959880114 2557.7299980819225 905.4299979060888 147.1700005531311 488.9199955910444 1201.2500043958426 1887.2300009131432 2105.890000253916 458.31999753415585 566.8900004327297 566.0600003749132 905.4299979060888 416.4900026470423 455.05000230669975 154.32999938726425 0.7500000149011612 214.19999873638153 691.2299991697073 245.77000115811825 451.83999782800674 55.98999984562397 863.6200028657913 577.6200041025877 415.7400026321411 285.370000064373 280.6900003105402 1242.2699973881245 260.37000119686127 306.51999923586845 334.5899962037802 0 209.2800011485815 627.9600005745888 6120.689998179674 7195.669999375939 9.00000149011612 -46.91999977827072 10.890000581741333 -4.039998579770327 -31.779999613761902 11.360000740736723 80 68 92 40 19 58 52 30 22 16 26 33 44 21 9 16 16 22 7 19 7 1 8 14 10 9 2 9 14 6 10 6 12 10 6 19 1 8 3765.1199979782104 8289.079991146922 2489.0299977362156 942.4400015175343 2430.3999990969896 5800.0499934107065 3743.9200006574392 2056.1299927532673 597.6400014162064 1093.3799921274185 1777.180003941059 3872.969994276762 2997.429998934269 625.0599966198206 1037.0499983727932 1097.1799989938736 2056.1299927532673 720.4100025445223 942.4400015175343 296.1399989873171 0.7500000149011612 698.5699942559004 1357.559998497367 325.56000170111656 746.4900017231703 55.98999984562397 1148.570004120469 683.3900057077408 719.6600025296211 689.140000730753 408.03999826312065 1848.8599948137999 605.6499994397163 431.39999893307686 797.2399931401014 262.0799994468689 354.8000003695488 1384.280000075698 10349.129991531372 12652.58999055624 9.000002386048436 -70.75999969616532 11.060001013800502 -5.739997619763017 -49.8799994289875 13.370001254603267
81 0 1 0 0 0 1 0 1 0 0 0 1 0 0 0 0 1 0 0 0 0 1 0 0 0 0 0 0 0 0 0 0 0 0 0 0 0 0 54.5800002515316 0 0 0 54.5800002515316 0 54.5800002515316 0 0 0 54.5800002515316 0 0 0 0 54.5800002515316 0 0 0 0 54.5800002515316 0 0 0 0 0 0 0 0 0 0 0 0 0 0 0 0.5799999982118607 52.12000024318695 54.5800002515316 -0.999999962747097 -0.3999999985098839 -0.9999999701976776 -0.5999999642372131 0.0 -0.9999999701976776 81 7 4 1 0 6 3 2 1 0 5 1 3 0 0 0 1 1 1 0 1 0 1 0 0 2 0 0 1 1 0 1 0 0 0 4 0 0 249.59000131487846 356.21999940276146 82.83999988436699 0 160.53999952971935 273.37999951839447 218.79999926686287 54.5800002515316 0 81.50999864935875 79.0300008803606 226.4700019210577 0 0 0 82.83999988436699 54.5800002515316 89.05000178515911 0 5.729999899864197 0 54.5800002515316 0 0 218.79999926686287 0 0 79.0300008803606 89.05000178515911 0 82.83999988436699 0 0 0 75.77999874949455 0 0 12.510000064969063 573.4700002372265 605.8100007176399 1.000000149011612 -4.399999983608723 1.0000000670552254 0.8700001649558544 -2.5099999606609344 1.5600001029670238 81 20 12 6 4 16 6 4 2 2 10 7 6 2 1 3 2 2 2 4 2 0 1 1 3 2 1 0 3 2 0 2 2 1 2 8 0 1 681.9699991643429 906.7899957895279 257.829997420311 29.400000035762787 459.56999741494656 648.9599983692169 535.9999975711107 112.9600007981062 4.389999911189079 224.42999801039696 397.999997228384 356.60000191628933 317.19999830424786 44.330000191926956 167.2499977350235 82.97999988496304 112.9600007981062 160.6600012332201 29.400000035762787 73.670000821352 0 54.5800002515316 58.38000054657459 21.800000235438347 218.79999926686287 55.98999984562397 0 174.75999964773655 160.6600012332201 0 82.97999988496304 317.19999830424786 57.799999713897705 109.4499980211258 150.75999718904495 0 7.59999980032444 113.4699986577034 1413.3899964094162 1593.1499948650599 2.0000003576278687 -13.64999994263053 2.3600000999867916 0.43000030517578125 -6.859999924898148 2.580000162124634 81 32 27 11 10 22 16 11 5 3 12 11 12 8 3 4 4 5 3 10 3 0 3 2 7 3 1 3 6 3 1 3 5 1 3 9 0 3 1283.3800001740456 2128.7899915874004 465.97999818623066 277.4200012087822 682.2999979555607 1662.8099934011698 1406.8599940091372 255.94999939203262 11.06000006198883 247.1799975335598 627.3599981367588 717.4800017625093 1122.369995161891 135.8699991106987 203.29999777674675 203.1699995994568 255.94999939203262 258.36000277101994 277.4200012087822 95.84000036120415 0 142.99999868869781 112.95000070333481 217.91000039875507 284.48999884724617 55.98999984562397 383.6799995005131 368.0700005143881 258.36000277101994 42.669999182224274 160.5000004172325 738.6899956613779 57.799999713897705 145.49999806284904 151.33999717235565 0 59.51000081002712 234.30999816954136 3039.5299941152334 3423.229991823435 6.000000774860382 -24.679999887943268 6.81000030040741 0.1900007240474224 -15.249999795109034 7.080000385642052 81 43 51 23 14 35 28 17 11 8 16 22 22 12 4 10 7 11 5 14 4 1 4 7 8 5 2 4 9 4 4 3 8 5 5 12 0 6 1762.839998677373 3916.4399931132793 1065.8599994778633 347.6500019580126 1111.3499953895807 2850.579993635416 2066.0299945920706 784.5499990433455 260.39999812841415 380.6699967831373 977.4299995452166 1657.8700013011694 1658.7299969047308 250.379997625947 506.39999905228615 457.57999962568283 784.5499990433455 416.4900026470423 347.6500019580126 130.79999965429306 0.7500000149011612 214.19999873638153 570.3500003069639 245.77000115811825 407.2999976873398 55.98999984562397 491.1000008434057 414.2900006324053 415.7400026321411 297.0799992084503 160.5000004172325 1167.629996061325 199.8799998164177 306.51999923586845 249.86999712884426 0 101.88000079989433 639.4299982488155 4889.579991698265 5940.429989933968 6.000001274049282 -41.39999981969595 7.440000489354134 -3.749998804181814 -27.549999687820673 8.5400006249547 81 58 85 35 16 50 50 29 21 13 22 30 38 22 9 14 13 21 5 16 6 1 8 13 8 7 3 8 12 4 7 6 14 9 5 16 0 8 2987.2300014793873 7793.989983662963 2059.9199974387884 600.570001527667 2174.750001579523 5734.0699862241745 3824.2499937713146 1909.8199924528599 474.09000051021576 812.079993635416 1720.1700062006712 3199.839993402362 3321.639995634556 625.0599966198206 830.8399987518787 874.2799983173609 1909.8199924528599 416.4900026470423 600.570001527667 197.9799990206957 0.7500000149011612 698.5699942559004 1211.2499981969595 245.77000115811825 502.6099981367588 220.09000177681446 1050.3500039577484 668.4900056570768 415.7400026321411 466.2400000542402 408.03999826312065 2271.2899916768074 524.3199995160103 306.51999923586845 614.0999946147203 0 354.8000003695488 1128.4499966055155 9382.12998919189 11256.059985667467 8.000002175569534 -62.799999706447124 10.790000967681408 -5.159997828304768 -44.639999471604824 13.090001180768013
82 1 0 0 0 1 0 0 0 0 1 0 0 0 0 0 0 0 0 0 1 0 0 0 0 0 0 0 0 0 0 0 0 0 0 0 0 0 5.729999899864197 0 0 0 5.729999899864197 0 0 0 0 5.729999899864197 0 0 0 0 0 0 0 0 0 5.729999899864197 0 0 0 0 0 0 0 0 0 0 0 0 0 0 0 0 0 3.8499999046325684 0.0 5.729999899864197 7.450580596923828e-9 -0.3999999985098839 0.0 -0.19999998807907104 -0.5099999904632568 0.0 82 10 4 1 0 10 3 2 1 1 7 2 2 1 1 0 1 1 0 0 2 0 1 0 0 1 0 0 2 0 0 1 1 0 0 5 0 0 391.4999990016222 413.3599992841482 82.83999988436699 0 347.16999880969524 330.5199993997812 275.9399991482496 54.5800002515316 0.0 175.7699991762638 171.39999963343143 137.4200001358986 144.53999952971935 44.330000191926956 0 82.83999988436699 54.5800002515316 0 0 73.670000821352 0 54.5800002515316 0 0 131.39999961853027 0 0 171.39999963343143 0 0 82.83999988436699 144.53999952971935 0 0 102.0999983549118 0 0 39.75000023841858 735.5899978131056 804.8599982857704 1.0000001825392246 -5.959999971091747 1.2700000666081905 1.6600001864135265 -2.9799999594688416 2.2400001101195812 82 20 13 6 4 16 7 4 3 2 10 7 6 2 2 3 2 3 1 4 2 0 2 1 3 2 1 0 3 1 0 2 2 1 2 8 0 1 704.4199995994568 948.7399944514036 257.829997420311 81.04999987781048 461.8499976545572 690.9099970310926 490.2599978148937 200.64999921619892 6.670000150799751 224.42999801039696 397.999997228384 372.68000088632107 271.45999854803085 86.74000023305416 167.2499977350235 82.97999988496304 200.64999921619892 89.05000178515911 81.04999987781048 73.670000821352 0 142.26999866962433 58.38000054657459 73.45000007748604 218.79999926686287 55.98999984562397 0 174.75999964773655 89.05000178515911 0 82.97999988496304 271.45999854803085 57.799999713897705 109.4499980211258 150.75999718904495 0 7.59999980032444 116.24999904632568 1444.7099958360195 1659.8299942016602 1.0000003911554813 -13.919999934732914 1.5400001220405102 -1.3899996243417263 -8.409999895840883 2.4400001987814903 82 29 30 15 10 20 15 9 6 3 12 11 14 6 3 6 5 6 3 10 3 0 3 3 6 3 1 3 4 3 2 3 3 2 4 9 0 4 1147.7799996435642 2239.2799932956696 724.48999735713 183.6200001835823 645.4499982595444 1514.7899959385395 1089.729998037219 425.05999790132046 11.06000006198883 247.1799975335598 758.3599979877472 972.3000000864267 805.2399991899729 135.8699991106987 371.14999732375145 288.87999941408634 425.05999790132046 258.36000277101994 183.6200001835823 95.84000036120415 0 142.99999868869781 282.05999921262264 119.15999956429005 284.48999884724617 55.98999984562397 361.1200018674135 331.2200008183718 258.36000277101994 128.37999899685383 160.5000004172325 444.11999732255936 168.70999932289124 202.43999800086021 151.33999717235565 0 64.46000061929226 247.79999935626984 2942.2999941557646 3398.1199930012226 3.000000733882189 -24.679999887943268 3.8100002594292164 -4.459999322891235 -17.669999789446592 3.960000317543745 82 44 47 23 14 34 24 17 7 6 17 22 18 11 4 10 7 7 5 14 4 1 3 4 8 6 2 4 9 4 4 3 7 6 4 13 0 6 1847.5599977523088 3490.8899912685156 1080.179997742176 347.6500019580126 1039.6399969011545 2410.7099935263395 1931.0799954682589 479.6299980580807 103.97000056505203 465.38999585807323 991.7499978095293 1352.9500003159046 1479.239997640252 250.379997625947 520.7199973165989 457.57999962568283 479.6299980580807 416.4900026470423 347.6500019580126 130.79999965429306 0.7500000149011612 142.99999868869781 336.62999936938286 245.77000115811825 451.83999782800674 55.98999984562397 491.1000008434057 414.2900006324053 415.7400026321411 297.0799992084503 160.5000004172325 988.1399967968464 318.2799993157387 202.43999800086021 334.5899962037802 0 101.88000079989433 469.61999885737896 4625.98999017477 5443.169989600778 10.000001110136509 -39.21999982744455 11.260000362992287 -0.7499989494681358 -25.22999969497323 10.600000511854887 82 55 71 31 17 45 40 23 17 11 21 26 33 16 7 12 11 17 6 17 5 1 7 10 8 7 2 6 11 5 6 5 10 7 5 16 1 8 3048.4699959754944 6057.239988401532 1767.4799998402596 862.6500009745359 1802.5399958342314 4289.759988561273 2833.9299945533276 1455.829994007945 371.7299989461899 821.1499943882227 1295.7000024467707 2831.979995548725 2331.3199964165688 461.0499964803457 685.2899999320507 727.38999953866 1455.829994007945 649.5100020170212 862.6500009745359 154.32999938726425 0.7500000149011612 533.6099954992533 922.2199985086918 245.77000115811825 502.6099981367588 55.98999984562397 706.6700027436018 553.6700026541948 648.76000200212 439.5400011688471 287.84999836981297 1624.649993672967 378.77000069618225 306.51999923586845 666.8199950009584 262.0799994468689 354.8000003695488 952.1299978047609 7840.769986346364 9478.189983338118 7.000001819804311 -54.96999976783991 8.250000746920705 -6.059998193755746 -39.50999955460429 9.980000937357545
83 0 1 0 0 0 1 1 0 0 0 0 0 0 0 0 0 0 0 0 0 0 0 0 0 1 0 0 0 0 0 0 0 0 0 0 0 0 0 131.39999961853027 0 0 0 131.39999961853027 131.39999961853027 0 0 0 0 0 0 0 0 0 0 0 0 0 0 0 0 0 131.39999961853027 0 0 0 0 0 0 0 0 0 0 0 0 0.0 128.9399995803833 131.39999961853027 1.0000000186264515 -0.3999999985098839 1.000000011175871 1.0900000147521496 0.0 1.000000011175871 83 7 4 2 0 7 2 1 1 1 5 2 2 0 1 1 1 1 0 0 2 0 1 0 0 1 0 0 1 0 0 1 0 0 1 3 0 0 248.86000002920628 333.1799984574318 147.19999858736992 0 211.19999998807907 185.97999987006187 131.39999961853027 54.5800002515316 6.670000150799751 125.49999895691872 143.38999958336353 137.4200001358986 0 44.330000191926956 64.35999870300293 82.83999988436699 54.5800002515316 0 0 73.670000821352 0 54.5800002515316 0 0 131.39999961853027 0 0 79.0300008803606 0 0 82.83999988436699 0 0 64.35999870300293 51.82999813556671 0 0 40.79999989271164 522.2899987250566 588.7099986374378 1.30385160446167e-7 -4.759999975562096 0.27000003680586815 1.1200001165270805 -1.5499999709427357 0.7600000612437725 83 22 11 5 3 17 6 4 2 2 11 8 4 2 3 4 1 2 1 3 3 0 2 0 3 2 0 1 4 1 0 1 1 2 2 8 0 0 876.1899993419647 1015.0799952745438 360.999997228384 73.45000007748604 584.4899985194206 654.0799980461597 511.8099993765354 142.26999866962433 6.670000150799751 246.5999975502491 609.3799981623888 314.16000033915043 293.01000010967255 135.8699991106987 278.15999734401703 82.83999988436699 142.26999866962433 89.05000178515911 73.45000007748604 95.84000036120415 0 142.26999866962433 0 73.45000007748604 218.79999926686287 0 148.4700005799532 331.2200008183718 89.05000178515911 0 82.83999988436699 144.53999952971935 168.70999932289124 109.4499980211258 150.75999718904495 0 0 127.39999990165234 1644.4499952942133 1897.9399947673082 2.0000003837049007 -13.789999928325415 2.720000110566616 0.16000039875507355 -9.389999885112047 4.390000198036432 83 27 26 12 7 20 14 9 5 3 12 9 13 6 3 4 5 5 3 7 3 0 3 2 4 3 1 2 4 3 2 3 4 2 2 9 0 3 1104.6500001251698 2108.7499930411577 626.5499975681305 135.5400008559227 645.4499982595444 1482.1999954730272 1215.509996175766 266.68999929726124 11.06000006198883 247.1799975335598 665.3699980080128 813.9300014823675 931.0199973285198 135.8699991106987 278.15999734401703 288.87999941408634 266.68999929726124 258.36000277101994 135.5400008559227 95.84000036120415 0 142.99999868869781 123.69000060856342 76.03000004589558 284.48999884724617 55.98999984562397 255.89000192284584 331.2200008183718 258.36000277101994 128.37999899685383 160.5000004172325 675.129995405674 168.70999932289124 109.4499980211258 151.33999717235565 0 59.51000081002712 237.45999844372272 2810.9699951708317 3224.4599932283163 4.000000696629286 -22.279999896883965 4.810000266879797 -1.9599993973970413 -15.169999811798334 4.8500002808868885 83 42 44 22 14 35 22 15 7 8 16 20 17 11 4 9 6 7 4 14 4 0 3 4 7 4 2 4 9 4 3 3 7 5 4 12 0 7 1817.7399970591068 3564.9899888783693 1169.959996894002 465.3100004196167 1199.7399961948395 2395.0299919843674 1915.3999939262867 479.6299980580807 266.02999979257584 463.4299959242344 983.0599978268147 1305.1500002145767 1621.1499951928854 250.379997625947 512.7799973487854 409.77999952435493 479.6299980580807 415.7400026321411 465.3100004196167 130.79999965429306 0 142.99999868869781 336.62999936938286 217.91000039875507 294.2499987334013 55.98999984562397 491.1000008434057 414.2900006324053 415.7400026321411 249.27999910712242 160.5000004172325 1130.0499943494797 310.3399993479252 202.43999800086021 332.62999626994133 0 247.40000002086163 557.4599964916706 4705.499988853931 5648.759985730052 8.000001061707735 -37.799999833106995 9.440000344067812 -0.0899990163743496 -24.209999721497297 9.620000466704369 83 52 70 30 16 44 40 25 15 11 20 26 30 18 6 12 10 15 6 16 5 1 7 8 8 7 3 6 10 5 5 5 12 7 5 15 0 8 2623.8599984943867 6230.519984573126 1747.1999984383583 600.570001527667 1734.6099971979856 4483.3199861347675 3226.43999196589 1256.8799941688776 371.7299989461899 679.9899953752756 1391.070001795888 2590.6099953353405 2723.829993829131 366.44999708235264 707.4299989044666 684.9699991643429 1256.8799941688776 649.5100020170212 600.570001527667 154.32999938726425 0.7500000149011612 533.6099954992533 723.2699986696243 245.77000115811825 502.6099981367588 220.09000177681446 706.6700027436018 462.8000010997057 648.76000200212 397.1200007945299 287.84999836981297 2017.1599910855293 400.9099996685982 306.51999923586845 525.6599959880114 0 354.8000003695488 935.4799975454807 7627.659984394908 9226.859982028604 11.000001762062311 -53.49999978020787 12.070000723004341 -1.4499982558190823 -38.23999957367778 14.030000902712345
84 1 0 0 0 1 0 0 0 0 1 0 0 0 0 0 0 0 0 0 1 0 0 0 0 0 0 0 0 0 0 0 0 0 0 0 0 0 67.94000092148781 0 0 0 67.94000092148781 0 0 0 0 67.94000092148781 0 0 0 0 0 0 0 0 0 67.94000092148781 0 0 0 0 0 0 0 0 0 0 0 0 0 0 0 0 0 20.020000368356705 42.85000038146973 67.94000092148781 7.450580596923828e-9 -0.3999999985098839 0.0 0.3100000023841858 0.0 0.0 84 6 3 1 0 6 2 1 1 1 4 2 1 0 1 1 0 1 0 0 2 0 1 0 0 1 0 0 1 0 0 0 0 0 1 2 0 0 326.2900003194809 283.44999673962593 64.35999870300293 0 288.6300002783537 219.089998036623 131.39999961853027 87.68999841809273 6.670000150799751 125.49999895691872 220.81999987363815 87.68999841809273 0 44.330000191926956 64.35999870300293 0 87.68999841809273 0 0 73.670000821352 0 87.68999841809273 0 0 131.39999961853027 0 0 156.46000117063522 0 0 0 0 0 64.35999870300293 51.82999813556671 0 0 49.34999980032444 528.6899979412556 616.4099972099066 1.1548399925231934e-7 -3.959999978542328 0.27000003680586815 -0.3999998942017555 -2.48999996855855 0.40000004693865776 84 17 8 4 2 14 4 2 2 2 8 7 3 1 3 3 1 2 0 2 3 0 2 0 2 1 0 1 4 0 0 1 0 2 1 5 0 0 734.6899967938662 738.049996778369 315.90999791026115 54.22999981045723 551.25999802351 422.1399988681078 279.87000019848347 142.26999866962433 6.670000150799751 213.36999705433846 564.2899988442659 225.10999855399132 148.4700005799532 135.8699991106987 233.06999802589417 82.83999988436699 142.26999866962433 0 54.22999981045723 95.84000036120415 0 142.26999866962433 0 54.22999981045723 131.39999961853027 0 148.4700005799532 331.2200008183718 0 0 82.83999988436699 0 168.70999932289124 64.35999870300293 117.52999669313431 0 0 113.05999979376793 1254.3099945485592 1479.4099937230349 2.980232238769531e-7 -10.589999940246344 0.720000084489584 0.3300003260374069 -6.959999907761812 2.7100001610815525 84 25 21 9 4 20 12 6 6 3 13 8 11 3 4 4 4 6 1 4 3 0 3 3 3 3 0 2 4 1 2 2 1 2 2 10 0 1 1084.6499966681004 1649.9899954646826 540.0099972635508 123.9400011152029 745.1499980688095 1109.9799982011318 684.9200002998114 425.05999790132046 82.03000064194202 331.8999966084957 609.3799981623888 734.1199983209372 400.4300014525652 250.379997625947 278.15999734401703 211.35999888181686 425.05999790132046 97.70000153779984 123.9400011152029 95.84000036120415 0 142.99999868869781 282.05999921262264 73.45000007748604 284.48999884724617 0 255.89000192284584 331.2200008183718 97.70000153779984 128.37999899685383 82.97999988496304 144.53999952971935 168.70999932289124 109.4499980211258 236.05999624729156 0 50.490001037716866 217.9400009214878 2386.649992004037 2816.669992774725 6.407499313354492e-7 -19.349999900907278 0.9900002591311932 -4.559999410063028 -14.529999822378159 2.5400002859532833 84 35 35 19 12 26 16 10 6 5 15 13 16 7 4 7 6 6 4 12 3 0 3 3 6 3 2 2 4 4 3 3 5 5 2 12 0 6 1670.7999967634678 2834.069992825389 1040.429996728897 330.0199993997812 989.3099974989891 1793.6399960964918 1368.5799981951714 425.05999790132046 103.79000055789948 498.3099962770939 806.9999980330467 1250.5800000578165 1084.0899993479252 250.379997625947 419.789997369051 409.77999952435493 425.05999790132046 415.7400026321411 330.0199993997812 95.84000036120415 0 142.99999868869781 282.05999921262264 119.15999956429005 284.48999884724617 55.98999984562397 255.89000192284584 331.2200008183718 415.7400026321411 249.27999910712242 160.5000004172325 828.1999974250793 310.3399993479252 109.4499980211258 402.46999591588974 0 210.85999983549118 388.73999893665314 3907.9599909335375 4608.659990146756 4.000000838190317 -29.929999861866236 5.17000026255846 -1.699999202042818 -19.809999775141478 6.50000037997961 84 47 50 25 16 38 25 17 8 8 19 20 21 12 4 9 8 8 5 16 4 0 3 5 8 5 2 4 9 5 4 4 8 5 4 15 0 8 2271.649996906519 4201.90998531878 1384.5499953180552 600.570001527667 1332.3999972194433 2817.359990000725 2184.8099935799837 632.5499964207411 205.66000109910965 656.4599956423044 983.0599978268147 1798.279996022582 1846.0199947059155 250.379997625947 512.7799973487854 516.969997599721 632.5499964207411 648.76000200212 600.570001527667 130.79999965429306 0 142.99999868869781 489.54999773204327 245.77000115811825 338.78999887406826 55.98999984562397 491.1000008434057 414.2900006324053 648.76000200212 297.0799992084503 219.88999839127064 1354.9199938625097 310.3399993479252 202.43999800086021 525.6599959880114 0 354.8000003695488 605.6899971216917 5601.899986132979 6679.2199833244085 10.000001214444637 -41.88999983668327 10.440000399947166 -0.36999882757663727 -28.449999682605267 10.670000553131104
85 0 1 1 0 0 0 0 0 0 0 1 0 0 0 1 0 0 0 0 0 0 0 0 0 0 0 0 0 0 0 0 0 0 1 0 0 0 0 64.35999870300293 64.35999870300293 0 0 0 0 0 0 0 64.35999870300293 0 0 0 64.35999870300293 0 0 0 0 0 0 0 0 0 0 0 0 0 0 0 0 0 0 64.35999870300293 0 0 0 13.209999561309814 40.869999408721924 64.35999870300293 -7.450580596923828e-9 -0.3999999985098839 -1.4901161193847656e-8 -0.14000001549720764 0.0 -0.23000001907348633 85 6 4 2 0 7 2 1 1 1 4 4 1 0 0 2 0 1 0 0 1 0 1 0 0 1 0 0 2 0 0 0 0 1 1 3 0 0 321.7299990952015 394.35999634861946 175.26999831199646 0 328.39999924600124 219.089998036623 131.39999961853027 87.68999841809273 6.670000150799751 161.90999791026115 335.0899994969368 87.68999841809273 0 0 175.26999831199646 0 87.68999841809273 0 0 67.94000092148781 0 87.68999841809273 0 0 131.39999961853027 0 0 159.82000118494034 0 0 0 0 110.90999960899353 64.35999870300293 93.96999698877335 0 0 51.319999769330025 609.8999962806702 722.7599955946207 1.0058283805847168e-7 -4.489999983459711 0.09000001847743988 -0.4899999089539051 -2.48999996855855 0.3100000321865082 85 18 12 7 3 14 5 3 2 2 9 7 5 1 3 4 2 2 1 3 3 0 2 0 2 2 0 1 3 1 1 1 0 2 2 6 0 1 740.5999995619059 941.9899958968163 454.15999744832516 104.7200008481741 459.46999925374985 487.8299984484911 345.55999977886677 142.26999866962433 6.670000150799751 213.94999703764915 517.009999409318 365.4799992740154 148.4700005799532 135.8699991106987 278.15999734401703 125.50999906659126 142.26999866962433 97.70000153779984 104.7200008481741 95.84000036120415 0 142.26999866962433 0 54.22999981045723 197.08999919891357 0 148.4700005799532 238.85000206530094 97.70000153779984 42.669999182224274 82.83999988436699 0 168.70999932289124 109.4499980211258 118.10999667644501 0 50.490001037716866 119.34999965131283 1457.4299966394901 1689.2599956095219 1.0000003315508366 -12.589999932795763 1.7200000807642937 0.02000030130147934 -7.399999897927046 2.8400001265108585 85 28 25 14 7 21 11 6 5 4 13 10 13 3 4 6 5 5 3 7 3 0 3 2 4 3 0 2 4 3 3 2 1 4 2 10 0 3 1288.439997419715 1641.5799973011017 689.9699977040291 172.90000043809414 762.5199980735779 951.6099995970726 684.9200002998114 266.68999929726124 99.4000006467104 331.8999966084957 632.6099986881018 857.3100010603666 400.4300014525652 250.379997625947 301.38999786973 332.25999899208546 266.68999929726124 258.36000277101994 172.90000043809414 95.84000036120415 0 142.99999868869781 123.69000060856342 116.57999959588051 284.48999884724617 0 255.89000192284584 331.2200008183718 258.36000277101994 249.27999910712242 82.97999988496304 144.53999952971935 191.9399998486042 109.4499980211258 236.05999624729156 0 56.32000084221363 231.9100003540516 2572.4099947065115 3029.419995367527 1.0000006519258022 -22.639999888837337 2.0800002105534077 -2.1899994164705276 -13.929999839514494 3.820000287145376 85 40 39 20 13 32 19 13 6 7 18 14 17 8 4 7 7 6 4 13 4 0 3 3 7 5 2 2 5 4 3 4 6 5 2 14 0 6 1925.7399970293045 3011.319991081953 1099.8199947029352 428.77000023424625 1155.2299971282482 1911.4999963790178 1486.4399984776974 425.05999790132046 113.5200007557869 654.4999957084656 806.9999980330467 1309.9699980318546 1147.649999603629 250.379997625947 419.789997369051 469.16999749839306 425.05999790132046 415.7400026321411 428.77000023424625 130.79999965429306 0 142.99999868869781 282.05999921262264 217.91000039875507 338.78999887406826 55.98999984562397 255.89000192284584 331.2200008183718 415.7400026321411 249.27999910712242 219.88999839127064 891.7599976807833 310.3399993479252 109.4499980211258 523.6999960541725 0 210.85999983549118 435.64999893307686 4277.349989533424 5050.579988867044 7.000000964850187 -34.509999845176935 8.35000030696392 -1.4199991039931774 -22.279999744147062 7.740000426769257 85 50 60 27 16 39 33 21 12 8 19 22 27 14 6 9 10 12 6 16 4 1 5 7 8 7 2 5 10 5 5 5 9 5 4 15 0 8 2436.229996830225 4961.499990865588 1552.549996882677 600.570001527667 1315.1899974793196 3408.949993982911 2494.359996587038 914.5899973958731 139.9400008916855 656.4599956423044 1032.3199983090162 2248.319998562336 1976.2299956679344 366.44999708235264 512.7799973487854 684.9699991643429 914.5899973958731 649.5100020170212 600.570001527667 130.79999965429306 0.7500000149011612 287.48999811708927 627.0999992787838 245.77000115811825 518.1300009191036 55.98999984562397 531.0700012594461 462.8000010997057 648.76000200212 397.1200007945299 287.84999836981297 1445.1599944084883 310.3399993479252 202.43999800086021 525.6599959880114 0 354.8000003695488 626.7799982577562 6410.059990242124 7538.4199886024 10.000001519918442 -47.22999980300665 10.800000593066216 -2.569998536258936 -33.429999612271786 11.930000733584166
86 1 0 0 0 1 0 0 0 0 0 1 0 0 0 0 0 0 0 0 0 0 0 0 0 0 0 0 1 0 0 0 0 0 0 0 0 0 156.46000117063522 0 0 0 156.46000117063522 0 0 0 0 0 156.46000117063522 0 0 0 0 0 0 0 0 0 0 0 0 0 0 0 0 156.46000117063522 0 0 0 0 0 0 0 0 0 5.699999928474426 145.98000144958496 156.46000117063522 7.450580596923828e-9 -0.3999999985098839 0.0 -0.3099999725818634 -0.9799999892711639 0.27000001072883606 86 2 3 2 0 3 1 0 1 1 1 3 1 0 0 2 0 1 0 0 1 0 1 0 0 0 0 0 1 0 0 0 0 1 1 0 0 0 224.40000209212303 262.9599967300892 175.26999831199646 0 231.07000224292278 87.68999841809273 0 87.68999841809273 6.670000150799751 67.94000092148781 331.7299994826317 87.68999841809273 0 0 175.26999831199646 0 87.68999841809273 0 0 67.94000092148781 0 87.68999841809273 0 0 0 0 0 156.46000117063522 0 0 0 0 110.90999960899353 64.35999870300293 0 0 0 51.13999976217747 383.80999970436096 494.02999897301197 -0.9999999478459358 -2.4899999909102917 -0.909999992698431 -1.2499999403953552 -1.979999978095293 -0.8699999861419201 86 10 8 4 2 8 4 3 1 1 5 4 2 1 2 2 1 1 0 2 2 0 1 0 1 2 0 1 2 0 1 0 0 1 1 3 0 1 491.58999751508236 701.6799967288971 268.4299985319376 104.7200008481741 350.5699987858534 433.2499981969595 345.55999977886677 87.68999841809273 6.670000150799751 184.0799974501133 335.0899994969368 130.359997600317 148.4700005799532 93.4599990695715 175.26999831199646 42.669999182224274 87.68999841809273 0 104.7200008481741 90.11000046133995 0 87.68999841809273 0 54.22999981045723 197.08999919891357 0 148.4700005799532 159.82000118494034 0 42.669999182224274 0 0 110.90999960899353 64.35999870300293 93.96999698877335 0 50.490001037716866 96.99000015854836 1021.8699945509434 1199.9399943947792 2.000000201165676 -7.4299999587237835 2.450000051409006 1.340000156313181 -3.9099999479949474 2.5800000578165054 86 21 20 12 4 17 8 4 4 4 10 10 9 2 4 7 4 4 1 4 3 0 3 1 3 2 0 2 3 1 3 1 0 5 2 7 0 1 959.0499974191189 1463.6899972707033 802.3999973982573 123.9400011152029 636.9199988245964 661.2899998724461 452.9800011217594 208.30999875068665 99.4000006467104 298.66999611258507 658.6399994343519 638.1299992799759 255.89000192284584 250.379997625947 419.789997369051 332.1199989914894 208.30999875068665 97.70000153779984 123.9400011152029 95.84000036120415 0 142.99999868869781 65.31000006198883 73.45000007748604 197.08999919891357 0 255.89000192284584 238.85000206530094 97.70000153779984 249.27999910712242 82.83999988436699 0 310.3399993479252 109.4499980211258 202.82999575138092 0 50.490001037716866 230.67999990284443 2067.079995408654 2522.1399953365326 4.954636096954346e-7 -17.83999990671873 1.0800001434981823 -1.7999995909631252 -11.45999987050891 2.6300001591444016 86 34 35 20 11 26 15 9 6 5 16 12 17 6 4 7 7 6 4 11 4 0 3 3 5 3 1 2 4 4 3 4 4 5 2 12 0 6 1537.2999957501888 2720.7999920248985 1099.8199947029352 327.4399994313717 863.5499967336655 1620.9799973219633 1195.9199994206429 425.05999790132046 108.95000083744526 423.37999507784843 751.0099981874228 1309.9699980318546 911.4300005733967 250.379997625947 419.789997369051 469.16999749839306 425.05999790132046 415.7400026321411 327.4399994313717 130.79999965429306 0 142.99999868869781 282.05999921262264 116.57999959588051 284.48999884724617 0.0 255.89000192284584 331.2200008183718 415.7400026321411 249.27999910712242 219.88999839127064 655.5399986505508 310.3399993479252 109.4499980211258 292.5799954235554 0 210.85999983549118 334.83999940752983 3728.5099890828133 4367.049988612533 3.0000008158385754 -29.529999863356352 4.170000247657299 -1.089999247342348 -18.319999795407057 6.020000360906124 86 45 50 25 15 35 25 17 8 7 19 17 22 11 5 8 9 8 5 15 4 0 4 4 7 6 2 3 7 5 4 5 8 5 3 15 0 8 2292.739996165037 4160.309987768531 1468.699996739626 572.7100007683039 1203.4099971801043 2691.609991028905 2040.3399953842163 651.2699956446886 113.5200007557869 656.4599956423044 910.1599980890751 1937.1999967098236 1650.779996201396 336.1799973398447 476.72999730706215 637.169999063015 651.2699956446886 648.76000200212 572.7100007683039 130.79999965429306 0 216.28999806940556 434.97999757528305 217.91000039875507 389.5599991828203 55.98999984562397 295.86000233888626 377.44000093638897 648.76000200212 349.320000693202 287.84999836981297 1354.9199938625097 310.3399993479252 166.38999795913696 525.6599959880114 0 354.8000003695488 525.5599968582392 5601.22998803854 6566.569984689355 10.000001203268766 -40.469999834895134 10.530000407248735 -0.8699988685548306 -27.489999685436487 10.270000517368317
87 0 1 1 0 0 0 0 0 0 0 1 0 0 0 1 0 0 0 0 0 0 0 0 0 0 0 0 0 0 0 0 0 1 0 0 0 0 0 110.90999960899353 110.90999960899353 0 0 0 0 0 0 0 110.90999960899353 0 0 0 110.90999960899353 0 0 0 0 0 0 0 0 0 0 0 0 0 0 0 0 0 110.90999960899353 0 0 0 0 5.639999866485596 79.34999966621399 110.90999960899353 -3.725290298461914e-9 -0.3999999985098839 -1.1175870895385742e-8 0.3999999947845936 0.0 -1.1175870895385742e-8 87 3 3 2 0 3 1 0 1 1 1 3 1 0 1 2 0 1 0 0 1 0 1 0 0 0 0 0 1 0 0 0 0 1 1 0 0 0 227.7599995881319 262.9599967300892 175.26999831199646 0 185.30000086128712 87.68999841809273 0 87.68999841809273 6.670000150799751 22.169999539852142 331.7299994826317 87.68999841809273 0 49.12999887764454 175.26999831199646 0 87.68999841809273 0 0 22.169999539852142 0 87.68999841809273 0 0 0 0 0 156.46000117063522 0 0 0 0 110.90999960899353 64.35999870300293 0 0 0 38.8199992030859 403.9799979478121 497.38999646902084 -0.9999999292194843 -2.7599999830126762 -0.7299999855458736 -1.9799999296665192 -2.48999996855855 -0.8699999861419201 87 10 10 4 2 9 6 4 2 2 5 4 3 2 2 2 1 2 0 2 2 0 1 1 1 2 0 2 2 0 1 0 0 1 1 3 0 1 491.58999751508236 874.4099981337786 268.4299985319376 104.7200008481741 425.92999927699566 605.979999601841 452.9800011217594 152.99999848008156 82.03000064194202 184.0799974501133 335.0899994969368 195.66999766230583 255.89000192284584 93.4599990695715 175.26999831199646 42.669999182224274 152.99999848008156 0 104.7200008481741 90.11000046133995 0 87.68999841809273 65.31000006198883 54.22999981045723 197.08999919891357 0 255.89000192284584 159.82000118494034 0 42.669999182224274 0 0 110.90999960899353 64.35999870300293 93.96999698877335 0 50.490001037716866 131.95000013709068 1197.939995676279 1448.029996290803 2.0000002793967724 -8.719999954104424 2.540000107139349 0.3200002387166023 -5.849999934434891 2.6100001111626625 87 22 20 12 6 17 8 5 3 4 10 10 7 3 4 7 3 3 1 6 3 0 2 1 4 2 0 2 3 1 3 0 1 5 2 7 0 2 1002.1799969375134 1556.0899964571 724.5099973231554 172.0200004428625 636.9199988245964 831.5799991339445 677.8500006347895 153.72999849915504 99.4000006467104 298.66999611258507 658.6399994343519 500.7099991440773 480.7600014358759 250.379997625947 419.789997369051 249.27999910712242 153.72999849915504 97.70000153779984 172.0200004428625 95.84000036120415 0 88.41999843716621 65.31000006198883 116.57999959588051 197.08999919891357 0 255.89000192284584 238.85000206530094 97.70000153779984 249.27999910712242 0 224.86999951303005 310.3399993479252 109.4499980211258 202.82999575138092 0 55.440000846982 249.409999653697 2175.3399942964315 2657.6699940413237 2.000000473111868 -18.239999905228615 3.08000011369586 -1.2399995885789394 -12.439999859780073 4.390000149607658 87 32 34 19 9 27 15 9 6 5 17 12 15 6 4 7 7 6 2 9 4 0 3 3 4 3 1 2 4 2 3 4 4 5 2 13 0 5 1527.1199946552515 2670.3399927169085 1092.2199949026108 319.83999963104725 1014.0299968719482 1578.1199978142977 1153.0599999129772 425.05999790132046 108.95000083744526 573.8599952161312 751.0099981874228 1149.3099967986345 911.4300005733967 250.379997625947 419.789997369051 469.16999749839306 425.05999790132046 255.080001398921 319.83999963104725 130.79999965429306 0 142.99999868869781 282.05999921262264 116.57999959588051 241.62999933958054 0.0 255.89000192284584 331.2200008183718 255.080001398921 249.27999910712242 219.88999839127064 655.5399986505508 310.3399993479252 109.4499980211258 443.05999556183815 0 203.26000003516674 343.2699995934963 3651.9099885225296 4306.409988209605 3.0000007785856724 -28.3299998678267 4.170000232756138 -2.609999258071184 -19.29999978467822 5.480000339448452 87 42 47 24 13 33 23 15 8 6 18 17 22 9 4 8 9 8 5 13 4 0 4 4 6 6 2 4 7 5 4 5 5 5 3 14 0 7 2027.54999512434 3671.2299913465977 1432.1599965542555 437.4199997484684 1118.3799967765808 2239.069994792342 1587.7999991476536 651.2699956446886 109.13000084459782 575.81999514997 910.1599980890751 1937.1999967098236 1198.2399999648333 250.379997625947 476.72999730706215 637.169999063015 651.2699956446886 648.76000200212 437.4199997484684 130.79999965429306 0 216.28999806940556 434.97999757528305 119.15999956429005 389.5599991828203 55.98999984562397 479.1400010585785 377.44000093638897 648.76000200212 349.320000693202 287.84999836981297 719.0999989062548 310.3399993479252 166.38999795913696 445.019995495677 0 318.26000018417835 438.2699976861477 4939.119989052415 5807.909987315536 8.00000112876296 -37.70999985188246 8.260000389069319 -2.9799989126622677 -26.97999969497323 8.720000505447388
88 0 1 0 0 0 1 0 1 0 0 0 1 0 0 0 0 1 0 0 0 0 1 0 0 0 0 0 0 0 0 0 0 0 0 0 0 0 0 87.68999841809273 0 0 0 87.68999841809273 0 87.68999841809273 0 0 0 87.68999841809273 0 0 0 0 87.68999841809273 0 0 0 0 87.68999841809273 0 0 0 0 0 0 0 0 0 0 0 0 0 0 0 4.530000001192093 70.12999868392944 87.68999841809273 -0.999999962747097 -0.3999999985098839 -0.9999999701976776 -1.0699999630451202 -0.4699999988079071 -0.9999999701976776 88 6 4 2 1 5 2 1 1 1 3 3 1 1 1 2 0 1 0 1 2 0 1 0 1 0 0 1 1 0 0 0 0 1 1 1 0 0 353.4200002402067 411.4299973100424 175.26999831199646 54.22999981045723 256.7300017029047 236.15999899804592 148.4700005799532 87.68999841809273 6.670000150799751 93.60000038146973 331.7299994826317 87.68999841809273 148.4700005799532 49.12999887764454 175.26999831199646 0 87.68999841809273 0 54.22999981045723 90.11000046133995 0 87.68999841809273 0 54.22999981045723 0 0 148.4700005799532 156.46000117063522 0 0 0 0 110.90999960899353 64.35999870300293 3.489999920129776 0 0 96.60000015795231 599.1999978721142 771.5199977010489 1.2293457984924316e-7 -4.359999977052212 0.27000003680586815 -0.33999986946582794 -3.469999957829714 0.730000052601099 88 16 12 6 2 14 6 4 2 3 9 6 3 2 4 4 1 2 0 2 3 0 1 1 1 2 0 2 2 0 1 0 0 3 1 6 0 1 762.5199947506189 1093.6499979794025 487.66999837756157 104.7200008481741 539.9399979561567 605.979999601841 452.9800011217594 152.99999848008156 82.03000064194202 298.08999612927437 511.2899987101555 238.7099982947111 255.89000192284584 250.379997625947 351.46999752521515 85.70999981462955 152.99999848008156 0 104.7200008481741 95.84000036120415 0 87.68999841809273 65.31000006198883 54.22999981045723 197.08999919891357 0 255.89000192284584 159.82000118494034 0 85.70999981462955 0 0 287.1099988222122 64.35999870300293 202.24999576807022 0 50.490001037716866 206.94999991357327 1538.2799934148788 1938.1999933719635 2.000000350177288 -12.149999927729368 2.9900001026690006 -0.899999663233757 -9.58999988436699 3.2600001245737076 88 27 23 13 6 21 10 5 5 4 13 10 12 3 4 6 5 5 2 6 3 0 2 3 4 2 0 2 4 2 3 2 1 4 2 10 0 2 1434.9099961668253 1883.4899957478046 861.6399972140789 172.0200004428625 912.2699981927872 1021.8499985337257 597.5200006514788 424.32999788224697 99.4000006467104 481.649996727705 727.7799976617098 1089.0499988049269 400.4300014525652 250.379997625947 396.559996843338 409.6399995237589 424.32999788224697 255.080001398921 172.0200004428625 95.84000036120415 0 142.26999866962433 282.05999921262264 116.57999959588051 197.08999919891357 0 255.89000192284584 331.2200008183718 255.080001398921 249.27999910712242 160.36000041663647 144.53999952971935 287.1099988222122 109.4499980211258 385.80999636650085 0 55.440000846982 282.51999992132187 2860.379992634058 3417.7999925613403 6.183981895446777e-7 -21.439999893307686 1.0800001993775368 -4.769999381154776 -15.419999819248915 1.7500002831220627 88 34 36 20 10 28 16 10 6 5 15 15 16 6 4 7 7 6 3 10 3 0 3 3 4 4 2 2 6 3 3 4 4 5 2 12 0 6 1784.359995096922 2765.3399921655655 1099.8199947029352 327.4399994313717 1038.2499979436398 1665.5199974626303 1240.4599995613098 425.05999790132046 108.95000083744526 498.3099962770939 850.7799981981516 1382.3299961686134 911.4300005733967 250.379997625947 419.789997369051 469.16999749839306 425.05999790132046 488.1000007688999 327.4399994313717 95.84000036120415 0 142.99999868869781 282.05999921262264 116.57999959588051 329.02999898791313 55.98999984562397 255.89000192284584 375.00000098347664 488.1000007688999 249.27999910712242 219.88999839127064 655.5399986505508 310.3399993479252 109.4499980211258 402.46999591588974 0 210.85999983549118 383.79999938607216 3906.2799894809723 4658.649988099933 5.000000834465027 -29.61999988183379 5.170000243932009 -2.2599991969764233 -20.579999785870314 6.240000359714031 88 47 52 26 13 38 26 16 10 7 21 20 24 10 5 10 9 10 5 13 5 0 4 6 6 6 2 4 8 5 5 4 6 5 5 16 0 7 2359.9399922937155 4197.239991977811 1572.9299964159727 437.4199997484684 1424.8899941146374 2624.309995561838 1760.459997922182 863.8499976396561 113.5200007557869 875.3499925881624 1073.6799978166819 2129.6199988275766 1370.8999987393618 280.64999736845493 637.6599970459938 617.0099991858006 863.8499976396561 648.76000200212 437.4199997484684 154.32999938726425 0 216.28999806940556 647.5599995702505 119.15999956429005 389.5599991828203 55.98999984562397 479.1400010585785 380.0300009250641 648.76000200212 397.1200007945299 219.88999839127064 891.7599976807833 310.3399993479252 327.3199976980686 721.0199932008982 0 318.26000018417835 574.7899970263243 5602.399987116456 6670.699985027313 7.000001270323992 -42.06999982893467 7.530000444501638 -7.0399987660348415 -31.87999964132905 7.340000569820404
89 0 0 0 0 1 0 0 0 1 0 0 0 0 0 0 0 0 0 0 0 0 0 0 0 0 0 0 0 0 0 0 0 0 0 0 0 0 0 0 0 0 6.670000150799751 0 0 0 6.670000150799751 0 0 0 0 0 0 0 0 0 0 0 0 0 0 0 0 0 0 0 0 0 0 0 0 0 0 0 0 2.0400000363588333 4.630000114440918 6.670000150799751 1.1175870895385742e-8 -0.48999999836087227 0.09000000357627869 -0.4399999864399433 -0.529999990016222 0.09000000357627869 89 10 4 2 1 8 2 1 1 1 5 4 1 0 2 2 0 1 0 1 2 0 1 0 1 1 0 0 2 0 0 0 0 1 1 3 0 0 491.58999751508236 394.35999634861946 175.26999831199646 54.22999981045723 350.5699987858534 219.089998036623 131.39999961853027 87.68999841809273 6.670000150799751 184.0799974501133 335.0899994969368 87.68999841809273 0 93.4599990695715 175.26999831199646 0 87.68999841809273 0 54.22999981045723 90.11000046133995 0 87.68999841809273 0 54.22999981045723 131.39999961853027 0 0 159.82000118494034 0 0 0 0 110.90999960899353 64.35999870300293 93.96999698877335 0 0 77.96999926865101 745.5799952894449 892.6199940145016 1.5273690223693848e-7 -5.829999964684248 0.4500000327825546 -0.029999878257513046 -2.9999999590218067 0.7900000438094139 89 17 12 6 3 15 6 4 2 3 9 6 4 2 3 3 2 2 0 3 3 0 1 1 2 2 0 2 3 0 2 0 0 2 1 6 0 1 642.899998024106 1017.9199976623058 411.93999806046486 104.7200008481741 534.8299997448921 605.979999601841 452.9800011217594 152.99999848008156 82.03000064194202 213.94999703764915 471.9200000911951 281.3799974769354 255.89000192284584 135.8699991106987 233.06999802589417 128.37999899685383 152.99999848008156 0 104.7200008481741 95.84000036120415 0 87.68999841809273 65.31000006198883 54.22999981045723 197.08999919891357 0 255.89000192284584 238.85000206530094 0 128.37999899685383 0 0 168.70999932289124 64.35999870300293 118.10999667644501 0 50.490001037716866 165.5900001823902 1414.1099962741137 1742.8499963283539 2.0000003576278687 -12.679999932646751 2.810000106692314 -0.10999969020485878 -8.319999903440475 3.050000127404928 89 26 29 16 7 21 13 7 6 4 13 11 13 5 4 7 6 6 1 7 3 0 3 3 4 2 0 2 4 1 3 3 3 5 2 10 0 3 1127.7799961864948 2293.089996367693 886.4299977123737 173.44000041484833 762.5199980735779 1406.6599986553192 981.6000007539988 425.05999790132046 99.4000006467104 331.8999966084957 751.0099981874228 932.5399989634752 784.5100015550852 250.379997625947 419.789997369051 409.77999952435493 425.05999790132046 97.70000153779984 173.44000041484833 95.84000036120415 0 142.99999868869781 282.05999921262264 116.57999959588051 197.08999919891357 0 255.89000192284584 331.2200008183718 97.70000153779984 249.27999910712242 160.5000004172325 528.6199996322393 310.3399993479252 109.4499980211258 236.05999624729156 0 56.86000081896782 294.48000061511993 2963.1999927163124 3520.269993200898 1.000000674277544 -23.439999885857105 2.0800002180039883 -4.239999387413263 -16.39999980852008 3.260000266134739 89 39 40 22 13 30 18 12 6 5 17 16 17 7 4 8 7 6 4 13 4 0 3 3 6 5 2 2 6 4 3 4 5 5 3 13 0 7 1790.12999586761 3002.999992594123 1264.1599949896336 437.4199997484684 1113.799996882677 1738.8399976044893 1313.7799997031689 425.05999790132046 108.95000083744526 573.8599952161312 907.7199981361628 1309.9699980318546 974.9900008291006 250.379997625947 476.72999730706215 469.16999749839306 425.05999790132046 415.7400026321411 437.4199997484684 130.79999965429306 0 142.99999868869781 282.05999921262264 119.15999956429005 338.78999887406826 55.98999984562397 255.89000192284584 375.00000098347664 415.7400026321411 249.27999910712242 219.88999839127064 719.0999989062548 310.3399993479252 166.38999795913696 443.05999556183815 0 318.26000018417835 380.78999903798103 4191.0999896377325 4902.079989299178 6.000000897794962 -33.52999984845519 7.17000025510788 -2.609999183565378 -22.239999752491713 6.910000361502171 89 53 55 27 16 41 28 19 9 7 21 23 24 12 6 9 10 9 6 16 5 1 4 5 8 7 2 6 11 5 5 5 6 5 4 16 0 8 2691.7899971306324 4398.4499948471785 1552.549996882677 600.570001527667 1544.3299976438284 2845.8999979645014 2116.5600013434887 729.3399966210127 113.5200007557869 821.1499943882227 1123.1899998635054 2063.0699977874756 1598.430000424385 366.44999708235264 512.7799973487854 684.9699991643429 729.3399966210127 649.5100020170212 600.570001527667 154.32999938726425 0.7500000149011612 216.28999806940556 513.0499985516071 245.77000115811825 518.1300009191036 55.98999984562397 706.6700027436018 553.6700026541948 648.76000200212 397.1200007945299 287.84999836981297 891.7599976807833 310.3399993479252 202.43999800086021 666.8199950009584 0 354.8000003695488 628.8199996054173 6101.76999270916 7204.509992748499 11.0000013820827 -45.93999980762601 11.710000477731228 -1.7499986439943314 -32.53999961540103 12.8400006480515
90 1 0 0 0 1 0 0 0 0 1 0 0 0 0 0 0 0 0 0 0 0 0 0 0 0 0 0 0 0 0 0 0 0 0 1 0 0 3.489999920129776 0 0 0 3.489999920129776 0 0 0 0 3.489999920129776 0 0 0 0 0 0 0 0 0 0 0 0 0 0 0 0 0 0 0 0 0 0 0 0 3.489999920129776 0 0 0.0 3.489999920129776 3.489999920129776 7.450580596923828e-9 -0.3999999985098839 0.0 -0.09000000357627869 0.0 -0.09000000357627869 90 14 3 1 2 12 2 1 1 2 8 3 1 0 2 1 0 1 0 2 3 0 1 0 2 1 0 0 2 0 0 0 0 0 1 5 0 0 443.4499968290329 283.44999673962593 64.35999870300293 54.22999981045723 302.4299980998039 219.089998036623 131.39999961853027 87.68999841809273 6.670000150799751 213.36999705433846 146.74999959766865 87.68999841809273 0 93.4599990695715 64.35999870300293 0 87.68999841809273 0 54.22999981045723 95.84000036120415 0 87.68999841809273 0 54.22999981045723 131.39999961853027 0 0 82.39000089466572 0 0 0 0 0 64.35999870300293 117.52999669313431 0 0 73.04999931156635 613.0399950444698 733.5699937194586 1.9744038581848145e-7 -7.519999958574772 0.5400000475347042 0.11000014841556549 -3.0399999506771564 1.0600000657141209 90 23 18 8 4 18 10 5 5 2 12 8 9 3 3 4 3 5 1 4 3 0 3 2 3 2 0 2 4 1 2 1 1 2 2 9 0 1 885.4199990779161 1404.0799972116947 539.8699972629547 123.9400011152029 585.0699985027313 864.20999994874 597.5200006514788 266.68999929726124 6.670000150799751 247.1799975335598 609.3799981623888 575.6099997162819 400.4300014525652 135.8699991106987 278.15999734401703 211.21999888122082 266.68999929726124 97.70000153779984 123.9400011152029 95.84000036120415 0 142.99999868869781 123.69000060856342 73.45000007748604 197.08999919891357 0 255.89000192284584 331.2200008183718 97.70000153779984 128.37999899685383 82.83999988436699 144.53999952971935 168.70999932289124 109.4499980211258 151.33999717235565 0 50.490001037716866 157.40000021457672 1991.1099968254566 2296.1699964404106 5.401670932769775e-7 -16.989999916404486 0.7200002074241638 -3.729999527335167 -12.259999852627516 2.4800002239644527 90 35 32 18 11 25 14 8 6 4 14 14 16 5 4 7 6 6 4 11 3 0 3 3 6 3 2 2 5 4 3 3 3 5 2 11 0 5 1520.319996625185 2291.019995316863 894.9099975079298 184.50000017881393 834.4399974495173 1396.1099978089333 971.0499999076128 425.05999790132046 99.4000006467104 347.8299961388111 806.9999980330467 1250.5800000578165 686.5600010603666 250.379997625947 419.789997369051 409.77999952435493 425.05999790132046 415.7400026321411 184.50000017881393 95.84000036120415 0 142.99999868869781 282.05999921262264 119.15999956429005 284.48999884724617 55.98999984562397 255.89000192284584 331.2200008183718 415.7400026321411 249.27999910712242 160.5000004172325 430.6699991375208 310.3399993479252 109.4499980211258 251.98999577760696 0 65.34000061452389 324.30999977886677 3302.849992915988 3910.7399925887585 2.0000007897615433 -28.239999867975712 3.0800002440810204 -2.679999280720949 -17.379999797791243 4.600000344216824 90 47 48 25 15 38 23 16 7 7 19 21 20 10 4 9 8 7 5 15 4 0 3 4 7 6 2 4 10 5 4 4 6 5 4 15 0 8 2221.4099965393543 3644.9399907290936 1384.5499953180552 501.820000693202 1288.769997343421 2260.3899954110384 1682.4099991470575 577.9799962639809 113.5200007557869 656.4599956423044 1031.569998294115 1743.7099958658218 1292.8499999642372 250.379997625947 512.7799973487854 516.969997599721 577.9799962639809 648.76000200212 501.820000693202 130.79999965429306 0 142.99999868869781 434.97999757528305 147.02000032365322 389.5599991828203 55.98999984562397 401.09000228345394 462.8000010997057 648.76000200212 297.0799992084503 219.88999839127064 891.7599976807833 310.3399993479252 202.43999800086021 525.6599959880114 0 354.8000003695488 524.8699993044138 5023.629988580942 5979.869988024235 10.000001139938831 -40.59999984130263 10.350000347942114 -2.0499988980591297 -29.00999967381358 11.060000494122505 90 54 66 31 17 42 35 22 13 8 21 26 29 14 6 12 11 13 6 17 5 1 5 8 8 8 2 6 11 5 6 5 8 7 5 16 1 8 2953.8699965775013 5322.079993247986 1809.1199968457222 862.6500009745359 1570.749997779727 3512.9599964022636 2550.8599989265203 962.0999974757433 139.9400008916855 821.1499943882227 1337.3399994522333 2338.2499990165234 1919.6799990534782 366.44999708235264 726.9299969375134 727.38999953866 962.0999974757433 649.5100020170212 862.6500009745359 154.32999938726425 0.7500000149011612 287.48999811708927 674.609999358654 245.77000115811825 631.1799998730421 55.98999984562397 706.6700027436018 553.6700026541948 648.76000200212 439.5400011688471 287.84999836981297 1213.0099963098764 399.60999923944473 327.3199976980686 666.8199950009584 262.0799994468689 354.8000003695488 761.4100013077259 7081.849990069866 8416.639990732074 10.000001592561603 -51.22999978810549 10.80000059120357 -3.6299983952194452 -37.34999956935644 12.920000797137618
91 1 0 0 0 1 0 0 0 0 1 0 0 0 0 0 0 0 0 0 0 0 0 0 0 0 0 0 0 0 0 0 0 0 0 1 0 0 48.339998215436935 0 0 0 48.339998215436935 0 0 0 0 48.339998215436935 0 0 0 0 0 0 0 0 0 0 0 0 0 0 0 0 0 0 0 0 0 0 0 0 48.339998215436935 0 0 0.0 48.339998215436935 48.339998215436935 7.450580596923828e-9 -0.3999999985098839 0.0 0.09000000357627869 0.0 0.09000000357627869 91 8 5 3 1 8 2 1 1 1 6 3 2 0 0 2 1 1 0 1 2 0 1 0 1 1 0 0 1 0 0 1 0 0 2 4 0 0 170.99999782443047 378.26999777555466 192.28999790549278 0.0 177.66999797523022 185.97999987006187 131.39999961853027 54.5800002515316 6.670000150799751 167.63999781012535 112.80999803543091 137.4200001358986 0 0 109.4499980211258 82.83999988436699 54.5800002515316 0 0.0 73.670000821352 0 54.5800002515316 0 0.0 131.39999961853027 0 0 3.3600000143051147 0 0 82.83999988436699 0 0 109.4499980211258 93.96999698877335 0 0 41.96999990940094 490.22999581694603 555.9399957507849 1.1920928955078125e-7 -5.689999978989363 0.09000001475214958 -0.849999912083149 -2.5299999602138996 0.17000002786517143 91 24 14 8 4 18 6 3 3 2 12 8 9 1 2 4 3 3 3 4 3 0 3 0 3 2 0 0 4 3 1 2 1 2 2 9 0 1 1003.670000270009 938.929994866252 454.2999974489212 123.9400011152029 585.0699985027313 484.62999741733074 341.6299987286329 142.99999868869781 6.670000150799751 247.1799975335598 609.3799981623888 527.0100005269051 144.53999952971935 93.4599990695715 278.15999734401703 125.64999906718731 142.99999868869781 258.36000277101994 123.9400011152029 95.84000036120415 0 142.99999868869781 0 73.45000007748604 197.08999919891357 0 0 331.2200008183718 258.36000277101994 42.669999182224274 82.97999988496304 144.53999952971935 168.70999932289124 109.4499980211258 151.33999717235565 0 50.490001037716866 111.44999897480011 1731.4199973791838 1949.2699952870607 4.3213367462158203e-7 -15.919999927282333 0.5400001257658005 -1.0799996703863144 -8.849999886006117 2.4800001345574856 91 32 33 18 12 25 15 10 5 5 14 12 14 6 3 6 6 5 3 12 4 0 3 2 6 4 2 2 4 3 3 3 4 4 2 10 0 6 1198.6699984669685 2246.5399947613478 922.0299972295761 330.0199993997812 789.0699975788593 1324.5099975317717 1057.8199982345104 266.68999929726124 103.79000055789948 298.0699963569641 688.5999985337257 934.8300015926361 763.5699995011091 135.8699991106987 301.38999786973 409.77999952435493 266.68999929726124 258.36000277101994 330.0199993997812 130.79999965429306 0 142.99999868869781 123.69000060856342 119.15999956429005 294.2499987334013 55.98999984562397 255.89000192284584 331.2200008183718 258.36000277101994 249.27999910712242 160.5000004172325 507.6799975782633 191.9399998486042 109.4499980211258 167.26999670267105 0 210.85999983549118 294.75999796390533 3010.449995532632 3548.999993786216 5.00000075250864 -28.059999875724316 5.990000218153 -1.9299993589520454 -17.089999806135893 5.200000289827585 91 47 54 26 16 38 28 18 10 8 18 21 23 13 5 9 9 10 4 16 4 0 4 6 8 5 2 5 10 4 4 5 8 5 4 14 0 8 2022.4599975794554 4298.60998877883 1452.5099952965975 600.570001527667 1164.7099973410368 2846.099993482232 2082.869996443391 763.2299970388412 139.9400008916855 505.97999550402164 1031.569998294115 1763.8999972492456 1744.0799975693226 336.1799973398447 512.7799973487854 584.9299975782633 763.2299970388412 415.7400026321411 600.570001527667 130.79999965429306 0 214.19999873638153 549.0299983024597 245.77000115811825 338.78999887406826 55.98999984562397 531.0700012594461 462.8000010997057 415.7400026321411 297.0799992084503 287.84999836981297 1213.0099963098764 310.3399993479252 202.43999800086021 375.1799958497286 0 354.8000003695488 558.6399992108345 5491.409987300634 6461.00998724997 8.000001307576895 -43.66999980434775 9.62000047415495 -4.129998747259378 -30.619999639689922 10.340000618249178 91 53 71 32 16 45 39 24 15 11 21 26 31 16 7 12 12 15 5 16 5 1 7 8 8 8 2 7 11 4 7 5 9 8 4 16 0 8 2500.6499967724085 5994.499989196658 1883.1699965000153 600.570001527667 1714.309997960925 4111.329992696643 2920.779996573925 1190.5499961227179 336.2200014591217 768.4299940019846 1295.0900001078844 2449.979997292161 2289.599996700883 461.0499964803457 684.6799975931644 843.689998537302 1190.5499961227179 416.4900026470423 600.570001527667 154.32999938726425 0.7500000149011612 515.9399967640638 674.609999358654 245.77000115811825 631.1799998730421 55.98999984562397 844.4400022923946 553.6700026541948 415.7400026321411 555.840000167489 287.84999836981297 1445.1599944084883 482.23999959230423 202.43999800086021 614.0999946147203 0 354.8000003695488 861.3099979013205 7385.129989042878 8832.11998744309 9.00000175088644 -54.479999750852585 11.250000707805157 -3.349998254328966 -38.88999952748418 14.180000901222229
92 1 0 0 0 1 0 0 0 0 1 0 0 0 0 0 0 0 0 0 0 0 0 0 0 0 0 0 0 0 0 0 0 0 0 1 0 0 0.0 0 0 0 0.0 0 0 0 0 0.0 0 0 0 0 0 0 0 0 0 0 0 0 0 0 0 0 0 0 0 0 0 0 0 0 0.0 0 0 0.0 0.0 0.0 7.450580596923828e-9 -0.3999999985098839 0.0 0.0 0.0 0.0 92 13 6 3 2 11 3 2 1 1 9 2 3 1 1 1 2 1 0 2 1 0 1 0 2 1 0 0 1 0 0 2 1 0 1 8 0 0 223.39999756217003 458.5899986028671 128.0699992030859 19.22000026702881 159.84999710321426 330.5199993997812 275.9399991482496 54.5800002515316 0.0 156.48999708890915 48.44999933242798 137.56000013649464 144.53999952971935 44.330000191926956 45.089999318122864 82.97999988496304 54.5800002515316 0 19.22000026702881 5.729999899864197 0 54.5800002515316 0 19.22000026702881 131.39999961853027 0 0 3.3600000143051147 0 0 82.97999988496304 144.53999952971935 0 45.089999318122864 150.75999718904495 0 0 22.61999997496605 634.7699962556362 681.9899961650372 1.0000002048909664 -7.959999963641167 1.2700000517070293 -0.45999981835484505 -4.469999939203262 1.9200000874698162 92 27 21 10 9 19 11 7 4 3 12 7 11 4 2 3 4 4 3 9 3 0 3 1 6 3 1 0 3 3 1 3 4 1 2 9 0 3 948.9099984318018 1423.4799938052893 429.9299981445074 178.67000037431717 488.98999708890915 993.5499956607819 792.1699964255095 201.3799992352724 11.06000006198883 247.1799975335598 397.999997228384 662.9100016057491 507.6799975782633 93.4599990695715 167.2499977350235 203.1699995994568 201.3799992352724 258.36000277101994 178.67000037431717 95.84000036120415 0 142.99999868869781 58.38000054657459 119.15999956429005 284.48999884724617 55.98999984562397 0 174.75999964773655 258.36000277101994 42.669999182224274 160.5000004172325 507.6799975782633 57.799999713897705 109.4499980211258 151.33999717235565 0 59.51000081002712 158.85999807715416 2120.7999950796366 2383.44999229908 3.000000584870577 -20.409999910742044 3.6300001963973045 -2.8299995623528957 -10.849999856203794 2.15000019967556 92 39 40 21 13 31 19 13 6 5 15 19 16 9 3 8 7 6 3 13 4 0 3 3 7 4 2 4 9 3 4 3 5 4 4 11 0 6 1461.1299996078014 2727.3399954736233 953.8399982750416 319.7900011986494 877.5999974012375 1773.4999971985817 1452.2399977445602 321.25999945402145 28.61000007390976 378.7099968492985 864.6599983274937 1037.2000018507242 1157.989999011159 135.8699991106987 394.3799978494644 457.57999962568283 321.25999945402145 258.36000277101994 319.7900011986494 130.79999965429306 0 142.99999868869781 178.26000076532364 217.91000039875507 294.2499987334013 55.98999984562397 491.1000008434057 414.2900006324053 258.36000277101994 297.0799992084503 160.5000004172325 666.8899981677532 191.9399998486042 202.43999800086021 247.90999719500542 0 101.88000079989433 336.4899990707636 3633.039995968342 4217.0799951553345 7.000000916421413 -33.65999985486269 7.990000277757645 -1.9399991892278194 -20.559999756515026 7.8100003860890865 92 49 61 28 16 39 33 20 13 8 19 23 27 13 6 10 10 13 5 16 5 1 5 8 8 7 2 6 10 4 5 5 7 6 4 14 0 8 2076.2599970549345 4656.249992221594 1502.8699956387281 600.570001527667 1188.239997074008 3153.3799965828657 2191.2799991071224 962.0999974757433 139.9400008916855 529.5099952369928 1040.2599982768297 2005.1899980604649 1688.6700009703636 366.44999708235264 520.7199973165989 627.3499979525805 962.0999974757433 416.4900026470423 600.570001527667 154.32999938726425 0.7500000149011612 287.48999811708927 674.609999358654 245.77000115811825 502.6099981367588 55.98999984562397 706.6700027436018 462.8000010997057 415.7400026321411 339.4999995827675 287.84999836981297 981.9999982267618 318.2799993157387 202.43999800086021 375.1799958497286 0 354.8000003695488 587.0000004917383 5851.359989032149 6873.199990183115 7.00000150129199 -47.53999978303909 8.800000589340925 -6.499998550862074 -33.66999959945679 10.040000755339861 92 56 79 38 17 47 41 24 17 12 22 30 36 16 7 16 14 17 6 17 5 1 7 10 8 8 2 7 11 5 8 6 9 10 6 17 1 8 3136.9099946022034 6657.119992122054 2422.499997764826 862.6500009745359 1908.6499984711409 4234.619994357228 2785.0399988144636 1449.5799955427647 389.4000029563904 909.5899930149317 1647.4600008875132 3128.9899965673685 2153.8599989414215 461.0499964803457 1037.0499983727932 1030.6499990224838 1449.5799955427647 649.5100020170212 862.6500009745359 154.32999938726425 0.7500000149011612 515.9399967640638 933.6399987787008 245.77000115811825 631.1799998730421 55.98999984562397 844.4400022923946 553.6700026541948 648.76000200212 622.6100007593632 408.03999826312065 1309.4199966490269 605.6499994397163 431.39999893307686 755.2599936276674 262.0799994468689 354.8000003695488 1019.7300017476082 8422.869989544153 10184.179989695549 8.000001868233085 -59.059999752789736 9.340000720694661 -3.999998142942786 -41.1699995175004 12.050000915303826
93 0 1 1 0 0 0 0 0 0 0 0 1 0 0 0 1 0 0 0 0 0 0 0 0 0 0 0 0 0 0 1 0 0 0 0 0 0 0 82.83999988436699 82.83999988436699 0 0 0 0 0 0 0 0 82.83999988436699 0 0 0 82.83999988436699 0 0 0 0 0 0 0 0 0 0 0 0 0 0 82.83999988436699 0 0 0 0 0 0 1.100000023841858 79.56999978423119 82.83999988436699 7.450580596923828e-9 -0.3999999985098839 0.0 0.1600000262260437 -0.5099999904632568 0.36000001430511475 93 8 6 3 1 5 3 2 1 0 5 1 5 0 0 1 2 1 2 1 1 0 1 0 1 2 0 0 0 2 0 2 0 0 1 4 0 0 242.16999988257885 401.44999872148037 128.0699992030859 0.0 81.50999864935875 273.37999951839447 218.79999926686287 54.5800002515316 0 81.50999864935875 45.089999318122864 298.22000136971474 0 0 45.089999318122864 82.97999988496304 54.5800002515316 160.6600012332201 0.0 5.729999899864197 0 54.5800002515316 0 0.0 218.79999926686287 0 0 0 160.6600012332201 0 82.97999988496304 0 0 45.089999318122864 75.77999874949455 0 0 16.150000050663948 607.7899980992079 643.6199986040592 1.0000001713633537 -5.599999979138374 1.0000000670552254 0.2100001536309719 -2.9799999594688416 1.0600000880658627 93 24 14 6 6 17 8 5 3 2 12 5 9 3 1 2 3 3 3 6 2 0 2 1 5 2 1 0 2 3 1 2 3 0 2 10 0 1 867.270003259182 952.1399951428175 242.69999688863754 128.1500008702278 448.4199991375208 709.43999825418 599.5599978268147 109.8800004273653 4.389999911189079 305.649998486042 247.82999876141548 493.89000226557255 380.7599985599518 44.330000191926956 109.4499980211258 125.64999906718731 109.8800004273653 258.36000277101994 128.1500008702278 73.670000821352 0 55.31000027060509 54.570000156760216 120.55000106990337 218.79999926686287 55.98999984562397 0 82.39000089466572 258.36000277101994 42.669999182224274 82.97999988496304 380.7599985599518 0 109.4499980211258 231.97999766469002 0 7.59999980032444 149.719999268651 1607.9299989640713 1823.7999983131886 2.000000473111868 -16.049999933689833 2.3600001707673073 0.07000036910176277 -6.939999908208847 2.520000208169222 93 37 36 17 13 27 19 12 7 4 14 16 14 8 4 7 4 7 3 13 3 0 4 3 7 4 1 2 8 3 1 3 6 3 4 11 0 6 1468.1899998635054 2333.5399925112724 588.519998639822 319.7900011986494 781.4899979382753 1745.0199938714504 1358.3899938613176 386.6300000101328 11.240000069141388 343.74999755620956 709.9699985533953 848.1600023806095 1064.1399951279163 221.6699988245964 283.4699982404709 203.1699995994568 386.6300000101328 258.36000277101994 319.7900011986494 95.84000036120415 0 214.19999873638153 172.43000127375126 217.91000039875507 294.2499987334013 55.98999984562397 235.20999892055988 370.5100004673004 258.36000277101994 42.669999182224274 160.5000004172325 828.9299962073565 81.03000023961067 202.43999800086021 247.90999719500542 0 101.88000079989433 294.48999784886837 3335.6399951279163 3812.969992443919 5.000000882893801 -30.639999859035015 6.080000292509794 -3.1299992315471172 -18.659999761730433 6.320000372827053 93 47 60 28 16 39 32 20 12 9 18 23 25 14 6 10 10 12 4 16 4 1 5 7 8 6 2 7 10 3 5 5 7 6 4 14 0 8 1879.15999789536 4706.999991238117 1467.0999964922667 600.570001527667 1234.3899968117476 3239.8999947458506 2284.4199969172478 955.4799978286028 205.90000081062317 509.6999950557947 1004.4899991303682 1841.1899985522032 1832.579999089241 346.5399979650974 484.9499981701374 627.3499979525805 955.4799978286028 259.1100027859211 600.570001527667 130.79999965429306 0.7500000149011612 379.15999749302864 576.3200003355742 245.77000115811825 451.83999782800674 55.98999984562397 844.4400022923946 462.8000010997057 258.36000277101994 339.4999995827675 287.84999836981297 988.1399967968464 282.5100001692772 202.43999800086021 378.89999540150166 0 354.8000003695488 657.4999994337559 5723.489990100265 6792.8099899590015 8.000001456588507 -46.829999785870314 9.890000559389591 -4.969998594373465 -32.679999601095915 10.36000071465969 93 57 93 39 16 49 54 32 22 14 20 32 41 24 10 16 15 22 5 16 5 1 9 13 8 8 3 10 12 4 9 6 14 11 5 15 0 8 2892.769999757409 8696.889988929033 2437.2899978607893 600.570001527667 2035.5800019651651 6259.599991068244 4188.809995219111 2070.7899958491325 529.050000667572 617.9499938637018 1881.2000060379505 3577.149997383356 3557.6299953460693 724.7299946695566 991.8699985891581 1090.6199989020824 2070.7899958491325 416.4900026470423 600.570001527667 154.32999938726425 0.7500000149011612 762.0599941462278 1308.7300017029047 245.77000115811825 631.1799998730421 220.09000177681446 1286.340003669262 668.4900056570768 415.7400026321411 682.5800006389618 408.03999826312065 2271.2899916768074 685.3499993532896 306.51999923586845 463.61999447643757 0 354.8000003695488 1256.1599965244532 10061.359994202852 12119.459989368916 10.000002313405275 -65.95999968796968 13.060001041740179 -0.329997681081295 -45.01999946311116 16.740001287311316
94 1 0 0 0 1 0 0 0 0 1 0 0 0 0 0 0 0 0 0 0 0 0 0 0 0 0 0 0 0 0 0 0 0 0 1 0 0 0.7300000190734863 0 0 0 0.7300000190734863 0 0 0 0 0.7300000190734863 0 0 0 0 0 0 0 0 0 0 0 0 0 0 0 0 0 0 0 0 0 0 0 0 0.7300000190734863 0 0 0.7300000190734863 0.0 0.7300000190734863 7.450580596923828e-9 -0.3999999985098839 0.0 -0.5099999904632568 -0.5099999904632568 0.0 94 10 7 4 4 6 3 2 1 1 4 2 5 1 0 1 2 1 2 4 0 0 1 0 3 1 1 0 0 2 0 2 1 0 1 4 0 1 271.68000181019306 450.30999767780304 135.66999900341034 29.400000035762787 93.6100002527237 314.6399986743927 260.0599984228611 54.5800002515316 4.389999911189079 33.230000495910645 101.07999916374683 298.22000136971474 172.6599987745285 0 45.089999318122864 82.97999988496304 54.5800002515316 160.6600012332201 29.400000035762787 0 0 54.5800002515316 0 21.800000235438347 87.3999996483326 55.98999984562397 0 0 160.6600012332201 0 82.97999988496304 172.6599987745285 0 45.089999318122864 33.230000495910645 0 7.59999980032444 67.07999904453754 634.1099998652935 726.3799993991852 1.0000001937150955 -7.289999973028898 1.0900000594556332 -0.7999998331069946 -4.389999955892563 0.7500000894069672 94 25 24 10 7 19 14 10 4 2 10 10 11 7 1 3 4 4 3 7 1 0 2 2 4 3 1 2 6 3 1 3 5 0 3 9 0 3 659.2300006598234 1616.7599960267544 386.8099988549948 67.36000019311905 339.12999737262726 1229.9499971717596 1061.6899961978197 168.2600009739399 4.389999911189079 157.06999707221985 315.7499996870756 629.7900033444166 833.1299970448017 44.330000191926956 138.07999929785728 203.1699995994568 168.2600009739399 258.36000277101994 67.36000019311905 5.729999899864197 0 55.31000027060509 112.95000070333481 21.800000235438347 228.559999153018 55.98999984562397 235.20999892055988 121.68000054359436 258.36000277101994 42.669999182224274 160.5000004172325 597.9199981242418 0 138.07999929785728 151.33999717235565 0 45.5599999576807 115.93999852240086 2082.0799975842237 2280.379996597767 6.00000062584877 -20.449999917298555 6.360000241547823 -1.0199995003640652 -11.449999839067459 4.830000255256891 94 41 40 20 14 31 20 13 7 5 15 20 16 8 4 8 6 7 4 14 3 1 3 4 8 5 2 3 9 3 3 3 5 4 4 12 0 6 1423.7800005674362 2449.159996971488 686.6799990832806 347.6500019580126 745.6999974697828 1762.4799978882074 1416.0299962162971 346.4500016719103 37.66000020503998 345.7099974900484 654.48999799788 898.2000045180321 1008.7299985289574 211.60999937355518 291.4099982082844 293.39000007510185 346.4500016719103 259.1100027859211 347.6500019580126 95.84000036120415 0.7500000149011612 126.5100003182888 219.94000135362148 245.77000115811825 407.2999976873398 55.98999984562397 410.81000040471554 306.3399999290705 258.36000277101994 132.88999965786934 160.5000004172325 597.9199981242418 88.97000020742416 202.43999800086021 249.86999712884426 0 101.88000079989433 336.2000005543232 3370.759997084737 3911.3499977588654 6.000000968575478 -34.72999984398484 7.1700003035366535 -5.329999107867479 -22.999999701976776 7.880000423640013 94 50 71 34 16 41 37 22 15 9 19 27 31 15 7 13 13 15 4 16 5 1 6 9 8 7 2 7 11 3 7 6 8 9 4 14 0 8 2074.4999985545874 5628.279991790652 1975.0999957472086 600.570001527667 1309.8299992531538 3653.1799960434437 2425.4599989950657 1227.719997048378 166.9400019645691 533.2299947887659 1300.1000004559755 2416.689997255802 1922.8500008583069 427.47999733686447 689.6899979412556 930.6099974364042 1227.719997048378 259.1100027859211 600.570001527667 154.32999938726425 0.7500000149011612 452.4499968737364 775.2700001746416 245.77000115811825 502.6099981367588 55.98999984562397 844.4400022923946 553.6700026541948 258.36000277101994 522.5699991732836 408.03999826312065 1078.4099985659122 487.24999994039536 202.43999800086021 378.89999540150166 0 354.8000003695488 693.1100010573864 6693.759991377592 7870.46999232471 7.0000016540288925 -52.29999975860119 9.070000648498535 -5.339998386800289 -35.05999955534935 10.760000832378864 94 64 90 39 17 56 51 30 21 16 23 34 41 22 10 16 15 21 6 17 6 1 7 14 9 8 3 10 14 5 9 6 12 11 5 17 0 8 3083.86000084877 8174.649994984269 2437.2899978607893 638.7700017988682 2177.670003116131 5737.35999712348 3766.379998356104 1970.979998767376 589.1500015258789 787.2199951261282 1793.920005068183 3548.2400008291006 3135.199998483062 724.7299946695566 991.8699985891581 1090.6199989020824 1970.979998767376 487.3900031745434 638.7700017988682 281.6200011372566 0.7500000149011612 515.9399967640638 1455.040002003312 283.9700014293194 631.1799998730421 68.15999956429005 1286.340003669262 733.1400068998337 486.6400031596422 682.5800006389618 408.03999826312065 1848.8599948137999 685.3499993532896 306.51999923586845 505.5999939888716 0 354.8000003695488 1295.5099983662367 9750.680000156164 11848.40999737382 9.000002320855856 -68.53999967873096 12.240001004189253 -3.559997659176588 -47.54999942332506 16.040001269429922
95 1 0 0 0 0 0 0 0 0 0 0 1 0 0 0 0 0 1 0 0 0 0 0 0 0 0 0 0 1 0 0 0 0 0 0 0 0 89.05000178515911 0 0 0 0 0 0 0 0 0 0 89.05000178515911 0 0 0 0 0 89.05000178515911 0 0 0 0 0 0 0 0 0 0 89.05000178515911 0 0 0 0 0 0 0 0 0.0 89.05000178515911 89.05000178515911 2.2351741790771484e-8 -0.3999999985098839 1.4901161193847656e-8 0.23000001907348633 0.0 0.23000001907348633 95 7 6 2 1 5 4 3 1 1 2 2 5 2 0 0 2 1 2 1 0 0 1 0 1 1 1 1 1 2 0 2 1 0 0 2 0 0 280.9300012886524 502.8499985039234 82.97999988496304 2.5799999684095383 122.07999999821186 419.8699986189604 365.2899983674288 54.5800002515316 4.389999911189079 27.440000534057617 90.24999955296516 298.22000136971474 277.8899987190962 0 0 82.97999988496304 54.5800002515316 160.6600012332201 2.5799999684095383 0 0 54.5800002515316 0 2.5799999684095383 87.3999996483326 55.98999984562397 105.22999994456768 34.259999707341194 160.6600012332201 0 82.97999988496304 172.6599987745285 0 0 27.440000534057617 0 0 62.36999894678593 697.5800001621246 788.1699997037649 2.0000002160668373 -5.689999978989363 2.0900001116096973 1.5600002482533455 -3.9599999487400055 2.370000161230564 95 16 16 6 6 11 10 8 2 2 6 5 7 6 0 2 2 2 3 6 1 0 1 1 4 2 1 2 2 3 0 2 4 0 2 5 0 2 539.8300017267466 1242.419996932149 208.25999923050404 145.47000078856945 184.52999806404114 1034.159997701645 925.0099972933531 109.15000040829182 4.389999911189079 87.29999861121178 173.9799989014864 450.4900030642748 706.2099980264902 0 81.13999935984612 82.97999988496304 109.15000040829182 258.36000277101994 145.47000078856945 5.729999899864197 0 54.5800002515316 54.570000156760216 101.33000080287457 218.79999926686287 55.98999984562397 235.20999892055988 36.84999969601631 258.36000277101994 0 82.97999988496304 470.9999991059303 0 81.13999935984612 81.56999871134758 0 44.139999985694885 106.2099986821413 1624.9899993538857 1786.6399985700846 6.000000432133675 -13.779999949038029 6.180000178515911 2.4600003995001316 -6.939999908208847 4.870000246912241 95 31 36 16 11 26 20 13 7 6 12 14 16 9 2 5 6 7 4 11 1 1 3 4 6 4 1 2 7 3 3 3 7 1 4 11 0 5 1069.3800004273653 2403.7699930518866 555.159997805953 199.80000159144402 695.989996701479 1848.6099952459335 1502.1599935740232 346.4500016719103 172.31000046432018 253.6399970948696 481.16999712586403 898.2000045180321 1160.5499954670668 138.92999958992004 210.3799979686737 293.39000007510185 346.4500016719103 259.1100027859211 199.80000159144402 5.729999899864197 0.7500000149011612 126.5100003182888 219.94000135362148 148.41000182926655 341.6099981069565 55.98999984562397 235.20999892055988 214.0499992966652 258.36000277101994 132.88999965786934 160.5000004172325 925.3399965465069 7.939999967813492 202.43999800086021 247.90999719500542 0 51.38999976217747 338.91999873518944 3105.50999443233 3646.209993958473 6.000000897794962 -29.87999987602234 6.900000337511301 -3.089999135583639 -20.549999732524157 7.810000441968441 95 52 66 29 14 44 37 22 15 10 20 27 29 16 7 12 11 15 4 14 5 1 6 9 8 6 2 6 12 3 6 5 10 7 5 15 0 6 2146.2900020480156 5414.799990534782 1427.9899998605251 347.6500019580126 1552.54999871552 3986.8099906742573 2612.37999419868 1374.4299964755774 371.80999982357025 537.2299948036671 1245.790003746748 2357.369998663664 2160.539996370673 461.41999922692776 601.5299996435642 724.5799994170666 1374.4299964755774 259.1100027859211 347.6500019580126 154.32999938726425 0.7500000149011612 537.5899964570999 836.8400000184774 245.77000115811825 451.83999782800674 55.98999984562397 695.7600016593933 587.5200042426586 258.36000277101994 375.92999912798405 348.6500002890825 1464.7799947112799 295.01000040769577 306.51999923586845 382.8999954164028 0 101.88000079989433 851.1199974566698 6586.909995570779 7933.649992421269 7.000001676380634 -51.58999976143241 9.160000685602427 -5.02999834343791 -34.72999957203865 10.740000892430544 95 73 97 38 19 64 59 34 25 16 26 38 45 25 9 15 15 25 6 19 9 1 9 16 11 9 6 10 16 5 9 6 15 9 6 17 0 8 3570.0100077986717 9111.579984754324 2218.749995484948 684.7400020807981 2711.3200075030327 6892.829989269376 4522.039995595813 2370.789993673563 568.1100007295609 881.7999951243401 2128.9700093716383 3854.569994240999 3775.5499938726425 610.2199961543083 866.8099977076054 997.139997407794 2370.789993673563 487.3900031745434 684.7400020807981 460.49000020325184 0.7500000149011612 762.0599941462278 1608.7299995273352 329.94000171124935 746.4900017231703 381.9000042229891 1286.340003669262 879.5100074261427 486.6400031596422 589.0999991446733 408.03999826312065 2489.2099902033806 487.24999994039536 379.55999776721 421.3099949210882 0 354.8000003695488 1391.1199975162745 10988.199998810887 13250.449993297458 9.0000026114285 -75.0699996612966 12.06000117957592 -2.119997389614582 -50.12999939918518 16.460001461207867
96 0 0 0 0 1 0 0 0 1 0 0 0 0 0 0 0 0 0 0 0 0 0 0 0 0 0 0 0 0 0 0 0 0 0 0 0 0 0 0 0 0 4.389999911189079 0 0 0 4.389999911189079 0 0 0 0 0 0 0 0 0 0 0 0 0 0 0 0 0 0 0 0 0 0 0 0 0 0 0 0 4.0999999195337296 0.0 4.389999911189079 1.1175870895385742e-8 -0.48999999836087227 0.09000000357627869 -0.1599999964237213 -0.4699999988079071 0.0 96 7 5 0 1 5 5 5 0 1 1 3 2 4 0 0 0 0 2 1 0 0 0 0 1 1 1 2 2 2 0 0 2 0 0 1 0 0 256.8100007623434 585.5099978893995 0 2.5799999684095383 97.95999947190285 585.5099978893995 585.5099978893995 0 4.389999911189079 0.7300000190734863 92.83999954164028 160.6600012332201 498.10999824106693 0 0 0 0 160.6600012332201 2.5799999684095383 0 0 0 0 2.5799999684095383 87.3999996483326 55.98999984562397 235.20999892055988 36.84999969601631 160.6600012332201 0 0 262.89999932050705 0 0 0.7300000190734863 0 0 56.45999878644943 759.2699994593859 846.709998562932 5.000000216066837 -5.289999980479479 5.090000119060278 3.6200002282857895 -2.9799999594688416 4.3800001591444016 96 15 20 8 7 9 12 8 4 1 4 7 8 5 1 3 2 4 2 7 0 0 2 2 4 3 1 2 3 2 0 2 3 1 2 4 0 3 485.100001424551 1217.3599966913462 217.61999917030334 146.89000076055527 132.89999990165234 999.7399975210428 771.8799969851971 227.86000053584576 4.389999911189079 33.230000495910645 184.35999882221222 471.5000016540289 561.6699984967709 94.59999939799309 89.0799993276596 82.97999988496304 227.86000053584576 160.6600012332201 146.89000076055527 0 0 125.78000029921532 102.08000023663044 101.33000080287457 210.2099984884262 55.98999984562397 235.20999892055988 39.28999964892864 160.6600012332201 0 82.97999988496304 326.459999576211 7.939999967813492 81.13999935984612 33.230000495910645 0 45.5599999576807 123.0599988847971 1515.3099983930588 1706.8499980270863 4.000000469386578 -14.359999939799309 4.270000196993351 -0.10999957099556923 -8.679999887943268 3.240000244230032 96 28 38 17 11 23 21 12 9 6 8 15 19 8 2 5 7 9 4 11 1 1 3 6 6 4 1 2 8 3 3 4 6 2 3 7 0 5 1036.1400030255318 2574.639995455742 698.0099988728762 199.80000159144402 587.1800012737513 1876.6299965828657 1271.1499954909086 605.4800010919571 133.3500016182661 183.86999863386154 479.6499987691641 1301.5200052410364 929.5399973839521 175.53999876976013 208.9399977326393 437.6800013780594 605.4800010919571 259.1100027859211 199.80000159144402 5.729999899864197 0.7500000149011612 126.5100003182888 478.9700007736683 148.41000182926655 341.6099981069565 55.98999984562397 235.20999892055988 213.97000117599964 258.36000277101994 156.9900010675192 280.6900003105402 694.3299984633923 70.85999843478203 138.07999929785728 178.13999873399734 0 51.38999976217747 329.07000167667866 3208.689997807145 3744.880000114441 3.000000938773155 -29.479999877512455 3.900000385940075 -5.329999070614576 -20.419999726116657 4.860000487416983 96 56 66 30 16 44 36 20 16 7 21 29 31 14 6 12 11 16 5 16 5 1 4 12 9 6 4 7 12 4 6 5 7 7 5 16 0 7 2346.9700050652027 5336.120001286268 1616.7200001329184 493.2500025779009 1451.700002655387 3719.40000115335 2196.56999874115 1522.8300024122 136.9700015038252 611.1199946850538 1387.2200060486794 2576.6700051277876 1744.7300009131432 419.00999918580055 682.8599995672703 724.5799994170666 1522.8300024122 330.0100033134222 493.2500025779009 190.23999977111816 0.7500000149011612 291.4699990749359 1231.360003337264 283.9700014293194 451.83999782800674 217.8000022917986 892.6800021976233 485.8100041747093 329.26000329852104 375.92999912798405 348.6500002890825 852.0499987155199 376.3400003314018 306.51999923586845 420.87999491393566 0 209.2800011485815 768.3799986094236 6592.580009639263 7820.810007870197 4.000001668930054 -51.84999976679683 5.710000675171614 -7.36999836564064 -32.47999957203865 7.350000888109207 96 77 94 39 23 66 55 33 22 18 26 37 43 24 10 14 17 22 5 23 8 1 7 15 15 9 5 11 17 4 10 7 13 9 5 18 0 8 3358.360008984804 8279.750001013279 2315.5199983119965 848.8900045156479 2499.610005453229 5964.2300027012825 3997.9300050139427 1966.2999976873398 594.4000002294779 807.8999955058098 1860.620009213686 3493.719999447465 3251.4400032907724 629.799996316433 762.5599994808435 1198.1599984616041 1966.2999976873398 330.0100033134222 848.8900045156479 383.3500006943941 0.7500000149011612 515.9399967640638 1450.360000923276 494.0900041460991 746.4900017231703 217.8000022917986 1355.2800059467554 879.5100074261427 329.26000329852104 689.140000730753 509.0199977308512 1896.159997344017 456.0400002449751 306.51999923586845 424.5499948114157 0 354.8000003695488 1330.4199977368116 10102.500013709068 12233.260010242462 11.000002555549145 -76.31999965012074 14.420001097023487 -3.959997583180666 -49.05999941751361 16.210001312196255
97 1 0 0 0 1 0 0 0 0 0 1 0 0 0 0 0 0 0 0 0 0 0 0 0 0 0 0 1 0 0 0 0 0 0 0 0 0 34.259999707341194 0 0 0 34.259999707341194 0 0 0 0 0 34.259999707341194 0 0 0 0 0 0 0 0 0 0 0 0 0 0 0 0 34.259999707341194 0 0 0 0 0 0 0 0 0 0.18000000715255737 34.07999970018864 34.259999707341194 7.450580596923828e-9 -0.3999999985098839 0.0 -0.23999997973442078 -0.5099999904632568 0.27000001072883606 97 5 8 2 1 4 6 5 1 1 0 5 2 4 0 2 0 1 1 1 0 0 0 1 1 1 1 2 2 1 0 0 2 1 1 0 0 0 184.47000129520893 702.6599972844124 43.99000000953674 2.5799999684095383 97.22999945282936 658.6699972748756 611.1599971950054 47.510000079870224 4.389999911189079 0 136.82999955117702 136.56000186502934 498.10999824106693 0 43.99000000953674 0 47.510000079870224 89.05000178515911 2.5799999684095383 0 0 0 47.510000079870224 2.5799999684095383 113.04999895393848 55.98999984562397 235.20999892055988 36.84999969601631 89.05000178515911 0 0 262.89999932050705 7.939999967813492 36.05000004172325 0 0 0 85.45999893546104 767.5499991327524 891.5199984908104 4.000000212341547 -5.689999978989363 4.090000107884407 2.940000247210264 -3.9199999570846558 4.240000169724226 97 14 24 10 6 8 14 10 4 1 3 7 11 7 2 2 5 4 3 6 0 1 1 3 3 3 1 3 3 2 3 2 4 1 1 3 0 3 495.1500007212162 1627.539997562766 366.87000092864037 76.00000068545341 132.89999990165234 1260.6699966341257 966.5099974870682 294.15999914705753 4.389999911189079 33.230000495910645 140.01999951899052 732.1400013417006 756.299998998642 175.53999876976013 43.99000000953674 277.3200009614229 294.15999914705753 161.41000124812126 76.00000068545341 0 0.7500000149011612 71.20000004768372 222.95999909937382 30.440000727772713 210.2099984884262 55.98999984562397 333.42999908328056 39.28999964892864 160.6600012332201 156.9900010675192 120.32999989390373 422.8699999153614 7.939999967813492 36.05000004172325 33.230000495910645 0 45.5599999576807 185.79999934136868 1842.1499979794025 2127.8299982100725 6.000000562518835 -15.829999927431345 6.4500002562999725 0.18000056594610214 -11.459999840706587 5.200000319629908 97 37 46 20 12 29 26 15 11 7 11 18 24 12 4 6 9 11 5 12 2 1 3 8 7 3 3 5 8 4 5 4 7 3 3 9 0 5 1474.1300081163645 3594.5900010615587 934.7699991315603 238.00000186264515 806.350004941225 2659.8200019299984 1718.049998447299 941.7700034826994 136.9700015038252 255.3499996215105 684.2100029438734 1884.9800070375204 1507.8399999588728 288.8799992799759 269.4299991130829 613.9500002563 941.7700034826994 330.0100033134222 238.00000186264515 81.60999965667725 0.7500000149011612 126.5100003182888 815.2600031644106 186.61000210046768 210.2099984884262 217.8000022917986 655.7900012433529 196.23000152409077 329.26000329852104 333.2599999457598 280.6900003105402 852.0499987155199 131.3499998152256 138.07999929785728 173.73999996483326 0 51.38999976217747 506.03000113368034 4396.880009263754 5206.44001069665 4.000001233071089 -36.509999837726355 5.350000537931919 -6.219998750835657 -25.21999964863062 6.450000677257776 97 69 69 29 19 55 40 24 16 11 23 32 33 18 8 10 13 16 5 19 5 1 4 12 13 6 5 8 16 4 7 6 10 6 4 18 0 6 2787.780006557703 5760.900006309152 1551.6100002378225 547.7000041306019 1873.4200043529272 4209.290006071329 2758.3500030338764 1450.9400030374527 342.0700025111437 590.4999932944775 1502.3000097125769 2612.320005312562 2256.890002936125 538.2599973976612 560.7000011503696 832.1199989765882 1450.9400030374527 330.0100033134222 547.7000041306019 165.9499984830618 0.7500000149011612 291.4699990749359 1159.4700039625168 388.91000401973724 501.4600000977516 217.8000022917986 953.180002912879 723.0500062555075 329.26000329852104 382.4899992197752 449.62999975681305 1303.7100000232458 318.5400006175041 242.16000053286552 424.5499948114157 0 158.79000011086464 937.6599992662668 7397.8800144940615 8891.5000153929 8.000001963227987 -59.94999972358346 10.430000811815262 -5.9499981217086315 -37.54999951645732 11.520001024007797 97 84 106 44 24 73 62 35 27 19 29 45 48 25 10 19 17 27 5 24 9 1 9 18 16 10 7 10 18 4 9 8 15 12 7 20 0 8 3457.200008034706 9413.820000052452 2530.2099987119436 848.8900045156479 2703.9000033140182 6883.6100013405085 4297.3300022780895 2586.279999062419 657.8500002771616 1034.9699944853783 2139.8800078332424 3962.900001436472 3511.8600000590086 587.7999975532293 1128.0499992668629 1047.359999075532 2586.279999062419 330.0100033134222 848.8900045156479 460.49000020325184 0.7500000149011612 690.9299939572811 1895.3500051051378 494.0900041460991 785.4700022190809 267.8500025123358 1247.8600046038628 743.2300060391426 329.26000329852104 520.200001001358 527.1599980741739 2263.999995455146 656.7400020360947 471.3099972307682 574.4799942821264 0 354.8000003695488 1514.0799974352121 11085.640010297298 13529.620008379221 8.000002812594175 -84.4099996201694 11.510001204907894 -6.889997359365225 -53.82999937981367 14.450001444667578
98 1 0 0 0 1 0 0 0 0 0 1 0 0 0 0 0 0 0 0 0 0 0 0 0 0 0 0 1 0 0 0 0 0 0 0 0 0 2.5899999886751175 0 0 0 2.5899999886751175 0 0 0 0 0 2.5899999886751175 0 0 0 0 0 0 0 0 0 0 0 0 0 0 0 0 2.5899999886751175 0 0 0 0 0 0 0 0 0 2.0199999809265137 0.5700000077486038 2.5899999886751175 7.450580596923828e-9 -0.3999999985098839 0.0 -0.32999998331069946 -0.5099999904632568 0.18000000715255737 98 7 11 5 5 4 6 5 1 1 0 6 2 3 1 2 1 1 1 5 0 1 0 1 3 2 0 2 3 0 1 0 1 1 1 0 0 2 164.32999977469444 626.3199987560511 130.5500003695488 74.5800007134676 43.67999956011772 495.76999838650227 448.25999830663204 47.510000079870224 4.389999911189079 0 84.02999967336655 89.9300004541874 325.44999946653843 94.59999939799309 43.99000000953674 42.42000037431717 47.510000079870224 0.7500000149011612 74.5800007134676 0 0.7500000149011612 0 47.510000079870224 30.440000727772713 122.80999884009361 0 235.20999892055988 39.28999964892864 0 42.42000037431717 0 90.24000054597855 7.939999967813492 36.05000004172325 0 0 44.139999985694885 71.92000058293343 681.6099976301193 795.7899984568357 4.000000219792128 -7.959999963641167 4.2700000666081905 1.0700002424418926 -6.71999990940094 4.240000110119581 98 21 29 14 8 15 15 9 6 4 4 13 14 7 3 5 5 6 4 8 0 1 2 4 4 2 1 3 6 3 3 2 4 3 2 4 0 4 706.5900015830994 1908.4899980127811 597.6299991160631 76.88000068068504 296.15000112354755 1310.859998896718 956.4899991601706 354.36999973654747 84.1700015515089 24.409999445080757 412.6599999368191 939.5800018757582 833.6800003200769 205.80999851226807 224.33999979496002 326.84999936819077 354.36999973654747 259.1100027859211 76.88000068068504 0 0.7500000149011612 71.9300000667572 282.43999966979027 30.440000727772713 122.80999884009361 55.98999984562397 410.81000040471554 131.58000028133392 258.36000277101994 206.51999947428703 120.32999989390373 422.8699999153614 131.3499998152256 92.98999997973442 24.409999445080757 0 46.43999995291233 266.1900014728308 2273.009999319911 2700.0000011622906 3.0000007078051567 -21.96999989822507 3.900000285357237 -4.1199993044137955 -16.949999768286943 5.580000344663858 98 37 51 24 13 28 27 17 10 6 12 19 24 11 4 8 10 10 5 13 2 1 3 7 7 6 2 5 8 4 5 5 6 5 3 10 0 6 1414.0700023025274 3573.12999920547 1197.3899992108345 350.33000145852566 735.0100010484457 2375.7399999946356 1677.4200001209974 698.3199998736382 133.3500016182661 319.85999773442745 656.5400012731552 1692.1900027096272 1243.329999446869 291.60999822616577 373.9899995625019 664.609999537468 698.3199998736382 330.0100033134222 350.33000145852566 58.489999026060104 0.7500000149011612 126.5100003182888 571.8099995553493 191.54000134766102 434.09000067412853 55.98999984562397 549.0000009834766 225.81000185012817 329.26000329852104 315.95999924838543 348.6500002890825 694.3299984633923 235.91000026464462 138.07999929785728 261.36999870836735 0 158.79000011086464 470.93000090122223 4365.960001498461 5121.300003141165 7.000001210719347 -38.0199998319149 8.260000485926867 -4.589998822659254 -25.399999655783176 8.970000620931387 98 59 69 31 18 50 38 21 17 11 22 28 34 13 6 10 13 17 5 18 6 1 6 11 10 8 5 6 12 4 7 6 7 7 3 16 0 8 2408.9200039952993 5399.800000116229 1695.4299992620945 643.150001809001 1645.4700016230345 3704.3700008541346 2171.489999458194 1532.8800013959408 273.1700015515089 692.6399950534105 1137.0300049483776 2746.150003671646 1540.3099995851517 419.00999918580055 456.6199999153614 884.0099989771843 1532.8800013959408 330.0100033134222 643.150001809001 271.76000013947487 0.7500000149011612 428.2499983459711 1104.6300030499697 288.35000143945217 631.1799998730421 217.8000022917986 686.7700005322695 461.86000272631645 329.26000329852104 475.97000071406364 408.03999826312065 853.5399990528822 318.5400006175041 138.07999929785728 420.87999491393566 0 354.8000003695488 792.7100004702806 6813.1400056779385 8082.6400056779385 4.0000018030405045 -56.20999975129962 6.070000734180212 -5.9499982967972755 -33.0499995611608 8.27000092342496 98 76 89 39 22 62 50 29 21 14 25 38 42 20 10 14 17 21 5 22 7 1 7 14 14 9 6 9 17 4 10 7 11 9 5 18 0 8 3126.180007740855 7601.820003136992 2315.5199983119965 797.9400041997433 2062.460006967187 5286.300004824996 3392.660005673766 1893.6399991512299 338.4800026714802 764.2499958723783 1723.040007919073 3421.060000911355 2646.170003950596 629.799996316433 762.5599994808435 1198.1599984616041 1893.6399991512299 330.0100033134222 797.9400041997433 339.7000010609627 0.7500000149011612 515.9399967640638 1377.700002387166 443.1400038301945 746.4900017231703 235.46000216901302 1137.8700030893087 724.2700062543154 329.26000329852104 689.140000730753 509.0199977308512 1508.3000008612871 456.0400002449751 306.51999923586845 424.5499948114157 0 354.8000003695488 1145.530000925064 9212.7200127244 11067.230013564229 8.00000236183405 -71.95999966561794 11.060000978410244 -5.929997820407152 -44.3699994571507 12.400001168251038
99 0 1 1 0 0 0 0 0 0 0 1 0 0 0 1 0 0 0 0 0 0 0 0 0 0 0 0 0 0 0 0 0 1 0 0 0 0 0 7.939999967813492 7.939999967813492 0 0 0 0 0 0 0 7.939999967813492 0 0 0 7.939999967813492 0 0 0 0 0 0 0 0 0 0 0 0 0 0 0 0 0 7.939999967813492 0 0 0 0 0.41999998688697815 5.059999942779541 7.939999967813492 -3.725290298461914e-9 -0.3999999985098839 -1.1175870895385742e-8 1.1200000047683716 0.5099999904632568 0.5200000107288361 99 3 10 5 0 3 5 3 2 1 0 6 4 2 1 3 2 2 1 0 0 1 0 2 0 1 0 0 2 0 1 1 2 2 1 0 0 0 131.4499990940094 737.6099975258112 269.51999874413013 0 90.03000119328499 468.08999878168106 299.69999983906746 168.3899989426136 53.18000149726868 0 144.50999818742275 330.99999921023846 186.65000088512897 94.59999939799309 106.90999847650528 162.61000026762486 168.3899989426136 0.7500000149011612 0 0 0.7500000149011612 0 168.3899989426136 0 113.04999895393848 0 0 36.84999969601631 0 42.42000037431717 120.18999989330769 186.65000088512897 70.85999843478203 36.05000004172325 0 0 0 80.27000121772289 778.5999973118305 922.9899981319904 1.0000001899898052 -5.959999971091747 1.2700000740587711 -1.0699997432529926 -5.289999920874834 1.3300001323223114 99 12 20 10 5 7 10 7 3 2 0 10 8 5 3 4 4 3 2 5 0 1 1 2 3 2 1 2 4 1 3 1 3 3 1 0 0 2 450.9399997293949 1495.1699956208467 538.2499992102385 74.5800007134676 201.36000137031078 956.9199964106083 717.329997420311 239.58999899029732 57.570001408457756 0 311.93999983370304 637.1999988853931 594.5199985802174 205.80999851226807 167.39999985694885 326.7099993675947 239.58999899029732 71.65000054240227 74.5800007134676 0 0.7500000149011612 71.20000004768372 168.3899989426136 30.440000727772713 122.80999884009361 55.98999984562397 235.20999892055988 87.80000011622906 70.9000005275011 206.51999947428703 120.18999989330769 359.3099996596575 131.3499998152256 36.05000004172325 0 0 44.139999985694885 208.8100001513958 1673.4599964022636 2004.4299967736006 4.000000439584255 -13.789999928325415 4.7200001664459705 -0.039999525994062424 -11.519999831914902 5.170000214129686 99 32 40 19 11 25 21 13 8 5 10 17 19 10 3 6 8 8 4 11 2 1 2 6 6 3 2 5 8 3 5 3 5 4 2 8 0 5 1071.1800016909838 2775.9199992716312 888.1699998527765 129.34000001847744 694.3500024080276 1887.7499994188547 1308.9999984055758 578.750001013279 138.49000124633312 255.3499996215105 606.9300012737513 1341.4200031459332 1098.7899999171495 205.80999851226807 305.6699997186661 531.110000371933 578.750001013279 232.31000177562237 129.34000001847744 81.60999965667725 0.7500000149011612 71.9300000667572 506.82000094652176 77.95000025629997 210.2099984884262 68.15999956429005 549.0000009834766 232.35000197589397 231.5600017607212 333.2599999457598 197.8500004261732 549.7899989336729 212.67999973893166 92.98999997973442 173.73999996483326 0 51.38999976217747 442.14000168442726 3270.190000012517 3986.3400022238493 5.000000987201929 -31.259999863803387 5.990000393241644 -5.649998981505632 -22.92999968677759 6.820000518113375 99 55 62 25 18 41 37 20 17 8 17 25 32 14 6 8 11 17 5 18 4 1 6 11 12 6 5 5 11 4 6 5 9 5 3 13 0 6 2010.1800085753202 4899.0400032401085 1257.3599990904331 506.1100038588047 1130.6300035715103 3641.6800041496754 2108.8000027537346 1532.8800013959408 191.2900011986494 426.07999707758427 888.0000048726797 2586.7200041115284 1674.710002079606 394.25999915599823 373.9899995625019 724.5799994170666 1532.8800013959408 330.0100033134222 506.1100038588047 122.29999884963036 0.7500000149011612 428.2499983459711 1104.6300030499697 347.32000374794006 434.09000067412853 217.8000022917986 549.0000009834766 295.46000300347805 329.26000329852104 375.92999912798405 348.6500002890825 1125.7100010961294 235.91000026464462 138.07999929785728 303.7799982279539 0 158.79000011086464 705.0299995988607 5958.390011921525 7101.260013028979 3.000001724809408 -50.33999977260828 4.800000760704279 -10.159998342394829 -32.06999956443906 5.570000920444727 99 77 85 35 23 62 50 28 22 13 25 37 41 19 9 12 15 22 5 23 6 1 8 14 15 9 7 9 17 4 8 7 10 9 3 19 0 8 3007.2300083488226 7086.430007562041 1985.6900000870228 797.9400041997433 2021.2500062286854 5100.7400074750185 3120.870005533099 1979.8700019419193 331.8100025206804 697.3199949413538 1632.2100099623203 3300.6800037771463 2374.380003809929 545.3899975121021 639.340001180768 991.549998536706 1979.8700019419193 330.0100033134222 797.9400041997433 271.76000013947487 0.7500000149011612 610.2099989801645 1369.6600029617548 443.1400038301945 746.4900017231703 267.8500025123358 1090.9500024616718 724.2700062543154 329.26000329852104 482.5300008058548 509.0199977308512 1283.430001348257 501.26000188291073 138.07999929785728 425.55999480187893 0 354.8000003695488 1085.290001437068 8698.2600158602 10426.220018446445 6.000002361834049 -70.39999967813492 8.790001012384892 -6.459997825324535 -41.519999481737614 11.330001220107079
100 0 1 1 0 0 0 0 0 0 0 0 1 0 0 0 1 0 0 0 0 0 0 0 0 0 0 0 0 0 1 0 0 0 0 0 0 0 0 42.42000037431717 42.42000037431717 0 0 0 0 0 0 0 0 42.42000037431717 0 0 0 42.42000037431717 0 0 0 0 0 0 0 0 0 0 0 0 0 42.42000037431717 0 0 0 0 0 0 0 1.3199999928474426 37.480000495910645 42.42000037431717 7.450580596923828e-9 -0.3999999985098839 0.0 -0.9899999797344208 -0.9799999892711639 -0.3199999928474426 100 4 9 7 2 3 2 1 1 1 0 6 4 0 1 3 3 1 1 2 0 1 0 1 1 1 0 0 2 0 2 1 0 3 0 0 0 1 173.5600006133318 680.7299970835447 446.79999926686287 64.40000094473362 104.28000195324421 233.92999781668186 113.04999895393848 120.87999886274338 53.18000149726868 0 183.2000002861023 399.7899981290102 0 94.59999939799309 131.3499998152256 278.9099992662668 120.87999886274338 0.7500000149011612 64.40000094473362 0 0.7500000149011612 0 120.87999886274338 27.860000759363174 113.04999895393848 0 0 51.10000045597553 0 158.71999937295914 120.18999989330769 0 131.3499998152256 0 0 0 36.540000185370445 79.23000228404999 762.5699973702431 908.2199992090464 1.1920928955078125e-7 -5.959999971091747 0.27000000327825546 -0.11999984085559845 -3.7999999411404133 1.230000052601099 100 13 23 12 6 9 11 8 3 1 1 13 7 6 2 5 4 3 1 6 0 1 0 3 3 2 0 4 7 0 3 1 2 4 1 1 0 3 379.72000163793564 1608.5699991881847 620.4599991291761 75.46000070869923 277.5900032669306 988.1100000590086 760.2400005459785 227.86999951303005 53.18000149726868 1.9599999338388443 471.9300016313791 554.5799988806248 637.4300017058849 124.86999914050102 248.7299997806549 326.7099993675947 227.86999951303005 0.7500000149011612 75.46000070869923 0 0.7500000149011612 0 227.86999951303005 30.440000727772713 122.80999884009361 0 450.78000082075596 222.45000183582306 0 206.51999947428703 120.18999989330769 186.65000088512897 212.67999973893166 36.05000004172325 1.9599999338388443 0 45.019999980926514 216.39000299572945 1684.9999997913837 2042.2200023382902 5.000000435858965 -15.029999930411577 5.450000144541264 1.3000005185604095 -11.719999838620424 7.680000264197588 100 27 40 19 11 20 21 14 7 5 6 16 18 9 3 6 7 7 5 11 1 1 2 5 5 5 2 5 7 4 3 4 4 4 2 5 0 6 1023.4600015431643 2687.790002346039 936.7899997085333 232.36000035703182 553.3100007325411 1751.0000026375055 1318.560001924634 432.44000071287155 138.49000124633312 136.37999780476093 584.8600014150143 1234.0300038903952 971.870000898838 205.80999851226807 305.6699997186661 472.32999987900257 432.44000071287155 330.0100033134222 232.36000035703182 23.52999973297119 0.7500000149011612 71.9300000667572 360.51000064611435 73.57000024616718 346.69000102579594 55.98999984562397 549.0000009834766 222.45000183582306 329.26000329852104 206.51999947428703 265.81000040471554 422.8699999153614 212.67999973893166 92.98999997973442 112.84999807178974 0 158.79000011086464 400.2400007545948 3241.9800038337708 3850.4900051504374 7.000000927597284 -29.259999871253967 7.990000370889902 -2.4199990667402744 -20.969999708235264 9.560000482946634 100 46 64 29 15 39 35 20 15 9 16 24 32 14 4 9 13 15 5 15 4 1 5 10 8 6 4 6 10 4 7 6 8 6 3 12 0 7 1872.260007187724 5159.679999828339 1642.0099977850914 500.23000068962574 1307.650005966425 3517.670002043247 2117.5900014936924 1400.0800005495548 252.18000166118145 547.2099989205599 962.7000048756599 2613.35000282526 1683.5000008195639 291.60999822616577 453.6899994760752 884.0099989771843 1400.0800005495548 330.0100033134222 500.23000068962574 243.86000069975853 0.7500000149011612 373.6699980944395 1026.4100024551153 195.9200013577938 434.09000067412853 217.8000022917986 686.7700005322695 290.460003092885 329.26000329852104 475.97000071406364 408.03999826312065 996.7300002872944 315.6100001782179 138.07999929785728 303.34999822080135 0 304.30999933183193 779.5400011837482 6045.470007255673 7284.870008692145 5.000001583248377 -48.289999794214964 6.530000671744347 -6.48999846726656 -31.679999597370625 7.790000826120377 100 71 80 36 21 57 44 26 18 11 24 35 38 18 8 12 16 18 5 21 6 1 6 12 13 8 6 8 16 4 9 7 10 9 3 18 0 8 2859.3500049114227 6754.080004557967 2106.5900001972914 756.3500039279461 1787.8400043100119 4647.490004360676 3033.580003976822 1613.910000383854 273.1700015515089 696.3099949508905 1458.4500090032816 3055.6200023293495 2418.490001872182 613.8699952960014 639.340001180768 1112.4499986469746 1613.910000383854 330.0100033134222 756.3500039279461 271.76000013947487 0.7500000149011612 428.2499983459711 1185.6600020378828 401.5500035583973 615.09000210464 235.46000216901302 1067.9100012630224 582.9000056385994 329.26000329852104 603.4300009161234 509.0199977308512 1350.5800006091595 501.26000188291073 138.07999929785728 424.5499948114157 0 354.8000003695488 1021.8400016129017 8248.020008936524 9887.3500110358 8.000002093613148 -65.14999970421195 10.430000845342875 -5.619998037815094 -40.309999477118254 12.120001029223204
101 0 1 1 0 0 0 0 0 0 0 1 0 0 0 1 0 0 0 0 0 0 0 0 0 0 0 0 0 0 0 0 0 1 0 0 0 0 0 62.919998466968536 62.919998466968536 0 0 0 0 0 0 0 62.919998466968536 0 0 0 62.919998466968536 0 0 0 0 0 0 0 0 0 0 0 0 0 0 0 0 0 62.919998466968536 0 0 0 0 17.800000190734863 41.78999835252762 62.919998466968536 -3.725290298461914e-9 -0.3999999985098839 -1.1175870895385742e-8 0.08999999240040779 0.0 -1.1175870895385742e-8 101 1 7 6 1 1 1 0 1 1 0 4 4 0 0 3 3 1 1 1 0 1 0 1 1 0 0 0 0 0 2 1 0 3 0 0 0 0 27.860000759363174 531.1399979442358 410.2599990814924 27.860000759363174 53.18000149726868 120.87999886274338 0 120.87999886274338 53.18000149726868 0 132.09999983012676 399.7899981290102 0 0 131.3499998152256 278.9099992662668 120.87999886274338 0.7500000149011612 27.860000759363174 0 0.7500000149011612 0 120.87999886274338 27.860000759363174 0 0 0 0 0 158.71999937295914 120.18999989330769 0 131.3499998152256 0 0 0 0 62.12000195682049 489.5899987667799 612.9300002157688 -0.999999925494194 -4.089999984949827 -0.9100000001490116 0.360000092536211 -1.4699999876320362 -0.34999995678663254 101 7 16 10 2 5 6 4 2 1 0 10 6 2 2 5 4 2 1 2 0 1 0 2 1 2 0 0 4 0 3 1 2 4 1 0 0 1 297.1400018632412 1089.8299980014563 611.9799993336201 64.40000094473362 197.59000346064568 477.8499986678362 309.4599997252226 168.3899989426136 53.18000149726868 0 393.89000175893307 495.0999983102083 186.65000088512897 124.86999914050102 248.7299997806549 326.7099993675947 168.3899989426136 0.7500000149011612 64.40000094473362 0 0.7500000149011612 0 168.3899989426136 27.860000759363174 122.80999884009361 0 0 144.410001963377 0 206.51999947428703 120.18999989330769 186.65000088512897 212.67999973893166 36.05000004172325 0 0 36.540000185370445 161.59000182151794 1173.219999924302 1440.9000013768673 2.00000024959445 -9.829999949783087 2.4500000551342964 -1.5099996887147427 -8.309999871999025 2.8400001153349876 101 17 32 16 8 15 16 10 6 5 2 15 12 7 3 6 5 6 2 8 1 1 1 5 3 3 1 5 7 1 3 2 2 4 2 1 0 5 611.080001115799 2296.840002670884 786.3599993884563 184.28000102937222 442.4200025945902 1510.4800032824278 987.0300024449825 523.4500008374453 138.49000124633312 25.489999666810036 584.8600014150143 921.2000007331371 735.6500018686056 205.80999851226807 305.6699997186661 326.84999936819077 523.4500008374453 71.65000054240227 184.28000102937222 23.52999973297119 0.7500000149011612 71.20000004768372 452.25000078976154 30.440000727772713 251.38000057637691 55.98999984562397 549.0000009834766 222.45000183582306 70.9000005275011 206.51999947428703 120.32999989390373 186.65000088512897 212.67999973893166 92.98999997973442 1.9599999338388443 0 153.8400003015995 354.0900016874075 2493.0500030964613 3047.1600050479174 4.000000681728125 -22.059999898076057 4.990000259131193 -2.9699992686510086 -17.909999765455723 7.020000360906124 101 42 51 22 15 31 29 18 11 6 13 19 25 12 4 6 10 11 5 15 3 1 4 7 9 6 4 5 8 4 6 4 7 4 2 10 0 6 1766.9300075471401 3867.3000028282404 1163.5700017660856 369.16000275313854 1123.3600046932697 2703.7300010621548 1835.2800024151802 868.4499986469746 187.67000131309032 485.53999911248684 756.5700040012598 1896.8200038820505 1401.1900017410517 291.60999822616577 305.6699997186661 699.1100019365549 868.4499986469746 330.0100033134222 369.16000275313854 208.90000140666962 0.7500000149011612 208.7099993377924 659.7399993091822 210.3700026422739 434.09000067412853 217.8000022917986 549.0000009834766 232.35000197589397 329.26000329852104 433.30000153183937 265.81000040471554 852.190000757575 212.67999973893166 92.98999997973442 276.6399977058172 0 158.79000011086464 615.9800026118755 4811.530007600784 5822.650011703372 7.000001318752766 -40.01999982446432 8.260000556707382 -3.769998662173748 -27.349999625235796 9.82000070437789 101 61 77 35 20 49 42 23 19 11 19 32 38 16 7 12 15 19 5 20 4 1 7 12 12 7 6 7 13 4 8 7 9 9 3 15 0 8 2336.2600069493055 6214.130005449057 1985.6900000870228 702.1200041174889 1418.650004208088 4228.440005362034 2546.1000043451786 1682.3400010168552 273.1700015515089 613.33999748528 1172.2300063669682 3003.1500028520823 1996.700001820922 514.1999972462654 639.340001180768 991.549998536706 1682.3400010168552 330.0100033134222 702.1200041174889 243.86000069975853 0.7500000149011612 520.439997330308 1161.9000036865473 347.32000374794006 549.4000025242567 235.46000216901302 870.9900007247925 296.68000300228596 329.26000329852104 482.5300008058548 509.0199977308512 1125.7100010961294 501.26000188291073 138.07999929785728 369.4799967855215 0 354.8000003695488 945.0600024163723 7304.890010893345 8824.310013964772 4.000001966953278 -60.07999972999096 6.250000819563866 -11.109998144209385 -38.1299995072186 7.070000987499952
102 0 0 0 0 1 0 0 0 1 0 0 0 0 0 0 0 0 0 0 0 0 0 0 0 0 0 0 0 0 0 0 0 0 0 0 0 0 0 0 0 0 53.18000149726868 0 0 0 53.18000149726868 0 0 0 0 0 0 0 0 0 0 0 0 0 0 0 0 0 0 0 0 0 0 0 0 0 0 0 0 21.190001010894775 17.950000762939453 53.18000149726868 1.1175870895385742e-8 -0.48999999836087227 0.09000000357627869 0.470000009983778 -0.019999999552965164 0.09000000357627869 102 1 8 5 0 1 3 2 1 1 0 3 3 1 1 3 2 1 0 0 0 0 0 1 0 1 0 0 0 0 1 1 1 3 0 0 0 0 94.59999939799309 624.2999982386827 293.96000008285046 0 53.18000149726868 330.3399981558323 209.4599992930889 120.87999886274338 53.18000149726868 0 131.3499998152256 283.48999913036823 96.41000033915043 94.59999939799309 131.3499998152256 162.61000026762486 120.87999886274338 0 0 0 0 0 120.87999886274338 0 113.04999895393848 0 0 0 0 42.42000037431717 120.18999989330769 96.41000033915043 131.3499998152256 0 0 0 0 46.48000107705593 670.749998614192 772.0799991339445 1.000000111758709 -3.959999978542328 1.2700000330805779 1.3900001496076584 -2.3099999614059925 1.7400000728666782 102 5 14 8 1 3 6 4 2 2 0 6 7 3 2 4 4 2 2 1 0 1 0 2 1 1 0 1 1 1 3 1 2 3 1 0 0 0 276.89000004529953 1067.4299979507923 494.10999922454357 27.860000759363174 110.09000118076801 573.3199987262487 404.92999978363514 168.3899989426136 107.5000011920929 0 170.73999986052513 565.9999988377094 291.88000082969666 175.53999876976013 167.39999985694885 326.7099993675947 168.3899989426136 71.65000054240227 27.860000759363174 0 0.7500000149011612 0 168.3899989426136 27.860000759363174 113.04999895393848 0 105.22999994456768 2.5899999886751175 70.9000005275011 206.51999947428703 120.18999989330769 186.65000088512897 131.3499998152256 36.05000004172325 0 0 0 154.75000108778477 1189.5699980258942 1452.569999203086 2.0000002831220627 -8.719999954104424 2.5400001108646393 -0.2699996456503868 -7.539999891072512 2.6900001727044582 102 23 30 14 6 18 16 10 6 3 4 18 13 8 3 6 6 6 2 6 2 1 1 5 4 2 3 4 8 1 5 1 4 4 2 2 0 2 883.2300031334162 2461.050000682473 803.2599995434284 78.96000072360039 683.5900044590235 1657.7900011390448 1134.3400003015995 523.4500008374453 111.89000110328197 121.54999908804893 756.5700040012598 1047.8000012040138 1011.5300014615059 205.80999851226807 305.6699997186661 453.44999983906746 523.4500008374453 71.65000054240227 78.96000072360039 81.60999965667725 0.7500000149011612 71.20000004768372 452.25000078976154 34.8200007379055 122.80999884009361 217.8000022917986 509.0300005674362 232.35000197589397 70.9000005275011 333.2599999457598 120.18999989330769 502.5000008940697 212.67999973893166 92.98999997973442 39.93999943137169 0 44.139999985694885 422.560001000762 2781.350002616644 3456.9200049340725 4.0000007301568985 -22.67999989539385 4.810000292956829 -3.11999923363328 -17.349999766796827 5.330000378191471 102 44 50 22 15 34 28 18 10 7 11 24 22 12 5 7 9 10 4 15 2 1 2 8 9 6 5 5 11 3 5 4 7 5 2 9 0 6 1558.5800065994263 3798.710007816553 1166.5500015318394 349.94000248610973 1018.7000042200089 2632.1600062847137 1805.0500026345253 827.1100036501884 191.2900011986494 317.5099977403879 919.3400063663721 1657.740005761385 1370.9600019603968 308.4599994421005 408.6900010704994 599.0700003504753 827.1100036501884 232.31000177562237 349.94000248610973 81.60999965667725 0.7500000149011612 71.9300000667572 755.1800035834312 191.1500023752451 434.09000067412853 217.8000022917986 549.0000009834766 292.10000298917294 231.5600017607212 333.2599999457598 265.81000040471554 821.9600009769201 315.700001090765 92.98999997973442 235.89999808371067 0 158.79000011086464 604.760001450777 4567.940011814237 5549.33001562953 8.000001292675734 -40.77999981492758 9.530000511556864 -4.169998724013567 -26.65999962761998 9.93000066280365 102 68 80 31 20 53 49 26 23 12 19 33 43 19 8 10 15 23 6 20 4 1 8 15 14 7 7 9 15 5 8 7 10 7 3 15 0 6 2572.970011025667 6718.220008403063 1709.9799999147654 547.7000041306019 1575.2300092577934 5008.2400084882975 2938.1000050753355 2070.140003412962 325.0300021469593 551.8899988085032 1258.7000095844269 3494.4900045245886 2388.700002551079 501.05999732017517 559.6400012671947 991.549998536706 2070.140003412962 433.5500025898218 547.7000041306019 243.86000069975853 0.7500000149011612 610.2099989801645 1459.9300044327974 388.91000401973724 549.4000025242567 267.8500025123358 1105.2700012028217 430.4600057899952 432.80000257492065 482.5300008058548 509.0199977308512 1283.430001348257 421.56000196933746 138.07999929785728 308.0299981087446 0 158.79000011086464 1016.7500016093254 8003.310018494725 9616.97002159059 3.000002309679985 -64.43999970704317 5.520001076161861 -11.129997830837965 -40.139999493956566 7.5500012673437595
103 0 1 1 0 0 0 0 0 0 0 0 1 0 0 0 1 0 0 0 0 0 0 0 0 0 0 0 0 0 0 1 0 0 0 0 0 0 0 120.18999989330769 120.18999989330769 0 0 0 0 0 0 0 0 120.18999989330769 0 0 0 120.18999989330769 0 0 0 0 0 0 0 0 0 0 0 0 0 0 120.18999989330769 0 0 0 0 0 0 0.20999999344348907 115.92999970912933 120.18999989330769 7.450580596923828e-9 -0.3999999985098839 0.0 0.6899999976158142 0.5099999904632568 0.09000000357627869 103 1 7 4 0 1 3 2 1 1 0 2 3 2 1 2 2 1 0 0 0 0 0 1 0 0 0 0 0 0 1 1 2 2 0 0 0 0 94.59999939799309 467.6299996674061 233.46999870240688 0 53.18000149726868 234.1600009649992 186.65000088512897 47.510000079870224 53.18000149726868 0 70.85999843478203 210.12000034749508 186.65000088512897 94.59999939799309 70.85999843478203 162.61000026762486 47.510000079870224 0 0 0 0 0 47.510000079870224 0 0 0 0 0 0 42.42000037431717 120.18999989330769 186.65000088512897 70.85999843478203 0 0 0 0 60.2900011241436 509.6699997484684 615.4100005626678 1.0000001192092896 -3.559999980032444 1.270000047981739 0.8600001335144043 -1.759999979287386 0.840000081807375 103 8 17 8 3 4 9 6 3 1 0 8 7 5 2 4 3 3 2 3 0 1 1 2 2 1 0 3 3 1 2 1 2 3 1 0 0 1 359.66000021994114 1355.5699972212315 482.8499993085861 64.40000094473362 138.5400016605854 872.7199979126453 633.129998922348 239.58999899029732 53.18000149726868 0 253.51000003516674 589.3999987840652 520.0799999684095 175.53999876976013 167.39999985694885 278.9099992662668 239.58999899029732 71.65000054240227 64.40000094473362 0 0.7500000149011612 71.20000004768372 168.3899989426136 27.860000759363174 113.04999895393848 0 333.42999908328056 85.36000016331673 70.9000005275011 158.71999937295914 120.18999989330769 186.65000088512897 131.3499998152256 36.05000004172325 0 0 36.540000185370445 165.54000225663185 1490.1499966979027 1769.1599989533424 3.00000037625432 -10.629999946802855 3.4500001668930054 1.8500004447996616 -8.029999881982803 4.900000248104334 103 23 31 14 7 19 17 11 6 5 5 15 14 9 3 5 6 6 3 7 1 1 1 5 4 2 3 5 6 2 5 1 4 4 1 4 0 3 979.9700013250113 2341.829999357462 747.1999996006489 79.84000071883202 735.3200033456087 1594.629999756813 1094.6799997389317 499.9500000178814 138.49000124633312 190.4599979966879 655.8500038981438 1095.909999832511 971.870000898838 205.80999851226807 248.7299997806549 453.44999983906746 499.9500000178814 143.25999999046326 79.84000071883202 58.079999923706055 0.7500000149011612 71.20000004768372 428.7499999701977 34.8200007379055 122.80999884009361 217.8000022917986 549.0000009834766 188.5700018107891 142.5099999755621 333.2599999457598 120.18999989330769 422.8699999153614 212.67999973893166 36.05000004172325 132.37999807298183 0 45.019999980926514 433.64000049233437 2788.720001101494 3461.0400019437075 5.000000797212124 -24.059999890625477 5.990000337362289 -3.2499991171061993 -19.479999728500843 6.8000004552304745 103 48 55 24 16 36 31 18 13 8 13 24 27 13 6 8 10 13 5 16 3 1 4 9 10 5 5 6 10 4 5 5 7 5 3 10 0 6 1989.900011703372 4384.2200042158365 1292.229999318719 443.7600040733814 1227.6600066423416 3091.9900048971176 1898.2800020426512 1193.7100028544664 246.25000135600567 471.5100000053644 944.0400046855211 2223.0200059711933 1508.7300015091896 394.25999915599823 433.38999938964844 700.0499998182058 1193.7100028544664 330.0100033134222 443.7600040733814 208.90000140666962 0.7500000149011612 300.37999871373177 893.3300041407347 284.9700039625168 389.55000053346157 217.8000022917986 686.7700005322695 292.10000298917294 329.26000329852104 333.2599999457598 366.78999987244606 821.9600009769201 295.31000009179115 138.07999929785728 262.6099985986948 0 158.79000011086464 737.340001359582 5438.540015026927 6621.120017290115 5.000001482665539 -44.739999793469906 6.800000622868538 -7.379998542368412 -30.599999584257603 8.390000760555267 103 67 86 33 21 53 53 27 26 12 20 33 45 20 8 11 15 26 5 21 4 1 8 18 14 7 6 10 15 4 8 7 10 8 3 16 0 7 2601.59001109004 7620.7000079602 1935.199999049306 693.2200033515692 1696.8000089675188 5685.500008910894 3108.0000065267086 2577.500002384186 314.44000251591206 594.0299976617098 1428.4200099855661 3898.310004219413 2558.600004002452 501.05999732017517 639.340001180768 991.549998536706 2577.500002384186 330.0100033134222 693.2200033515692 243.86000069975853 0.7500000149011612 637.4699947535992 1940.0300076305866 388.91000401973724 549.4000025242567 235.46000216901302 1275.1700026541948 552.8700066208839 329.26000329852104 482.5300008058548 509.0199977308512 1283.430001348257 501.26000188291073 138.07999929785728 350.16999696195126 0 304.30999933183193 1151.4200004637241 8735.560019031167 10537.480021581054 1.0000024177134037 -66.43999969959259 3.520001146942377 -12.11999774724245 -40.87999949976802 5.520001325756311
104 1 0 0 0 0 0 0 0 0 0 0 0 0 1 0 0 0 0 0 0 0 0 0 0 0 0 0 0 0 0 0 0 0 0 0 0 0 94.59999939799309 0 0 0 0 0 0 0 0 0 0 0 0 94.59999939799309 0 0 0 0 0 0 0 0 0 0 0 0 0 0 0 0 0 0 0 0 0 0 0 2.2399999499320984 90.76999941468239 94.59999939799309 1.862645149230957e-8 -0.26999999210238457 0.18000000715255737 -0.5299999713897705 -0.7999999821186066 0.18000000715255737 104 3 6 3 0 2 3 2 1 1 0 2 3 2 2 1 2 1 0 0 0 0 0 1 0 0 0 0 1 0 1 1 2 1 0 0 0 0 178.12999875843525 404.71000120043755 170.55000023543835 0 55.770001485943794 234.1600009649992 186.65000088512897 47.510000079870224 53.18000149726868 0 10.52999995648861 210.12000034749508 186.65000088512897 175.53999876976013 7.939999967813492 162.61000026762486 47.510000079870224 0 0 0 0 0 47.510000079870224 0 0 0 0 2.5899999886751175 0 42.42000037431717 120.18999989330769 186.65000088512897 7.939999967813492 0 0 0 0 53.53000056743622 536.9000010937452 636.0200014561415 1.000000149011612 -3.8299999721348286 1.4500000663101673 -0.0699998140335083 -3.049999952316284 1.2000001072883606 104 10 16 6 3 7 10 6 4 2 1 8 7 5 2 3 2 4 2 3 1 1 1 3 2 1 2 3 2 1 1 1 2 2 1 0 0 1 505.76000133156776 1233.3499969989061 306.0599989295006 39.12000015377998 314.31000347435474 927.2899980694056 633.129998922348 294.15999914705753 57.570001408457756 58.079999923706055 306.3200006335974 527.6699999421835 520.0799999684095 175.53999876976013 106.90999847650528 162.61000026762486 294.15999914705753 71.65000054240227 39.12000015377998 58.079999923706055 0.7500000149011612 71.20000004768372 222.95999909937382 2.5799999684095383 113.04999895393848 161.81000244617462 333.42999908328056 36.84999969601631 70.9000005275011 42.42000037431717 120.18999989330769 186.65000088512897 70.85999843478203 36.05000004172325 0 0 36.540000185370445 167.2400008738041 1512.809998959303 1797.4299997538328 2.000000435858965 -11.51999994367361 2.5400002114474773 1.6500004976987839 -8.029999881982803 3.990000292658806 104 28 33 14 10 22 19 10 9 6 6 15 19 8 2 4 7 9 4 10 1 1 1 8 7 2 4 3 6 3 5 2 5 3 1 5 0 3 1293.9900064468384 2561.100001513958 666.5499996542931 292.33000364899635 827.7900035381317 1894.550001859665 1008.0899986475706 886.4600032120943 187.67000131309032 269.8699985742569 538.4000035226345 1571.610004812479 885.279999807477 175.53999876976013 167.39999985694885 453.5899998396635 886.4600032120943 232.31000177562237 292.33000364899635 58.079999923706055 0.7500000149011612 71.20000004768372 815.2600031644106 246.77000369131565 122.80999884009361 217.8000022917986 333.42999908328056 152.4500013589859 231.5600017607212 333.2599999457598 120.32999989390373 551.8500007241964 131.3499998152256 36.05000004172325 211.78999865055084 0 45.5599999576807 474.84000051021576 3304.2400081008673 4043.510009288788 1.000000935047865 -27.479999884963036 1.9000004194676876 -5.719999074935913 -18.009999748319387 1.1700004898011684 104 52 58 26 15 38 32 17 15 8 13 27 31 14 8 9 12 15 5 15 2 1 4 11 10 3 4 7 13 4 6 6 7 6 3 11 0 5 2115.240008622408 4617.350003510714 1377.2500002980232 336.36000372469425 1246.2000053972006 3240.1000032126904 1865.7000006735325 1374.4000025391579 246.25000135600567 347.4599981456995 1189.6500066518784 2493.110005632043 1655.4900021851063 501.05999732017517 536.4100007414818 789.449999794364 1374.4000025391579 330.0100033134222 336.36000372469425 81.60999965667725 0.7500000149011612 300.37999871373177 1074.020003825426 284.9700039625168 210.2099984884262 217.8000022917986 833.5300012081861 434.6900036036968 329.26000329852104 339.8200000375509 449.62999975681305 821.9600009769201 398.3300014436245 138.07999929785728 265.84999848902225 0 51.38999976217747 776.5099999606609 5727.870012655854 6979.590013504028 2.00000162050128 -47.279999770224094 4.160000700503588 -11.929998371750116 -34.37999952584505 6.020000848919153 104 75 92 34 21 59 58 28 30 12 24 38 49 20 8 14 14 30 6 21 6 1 12 18 15 8 7 10 16 5 7 7 10 11 3 18 0 6 2909.530008673668 7809.0700080394745 1827.700000450015 598.6500044465065 1860.8400065898895 5981.370007589459 3037.580006286502 2943.7900013029575 325.0300021469593 696.1299955248833 1659.0800099521875 4226.850003197789 2449.2000032663345 501.05999732017517 818.6500010192394 850.259999319911 2943.7900013029575 433.5500025898218 598.6500044465065 293.24000023305416 0.7500000149011612 1003.7599936723709 1940.0300076305866 439.86000433564186 588.3800030201674 267.8500025123358 1165.7700019180775 571.8300064057112 432.80000257492065 382.4899992197752 467.7700001001358 1283.430001348257 680.5700017213821 138.07999929785728 402.8899952918291 0 158.79000011086464 1223.9400012493134 9098.590016186237 11044.380018875003 -1.9999973513185978 -72.03999967873096 0.5200012736022472 -18.46999752894044 -46.23999943584204 2.220001447945833
105 0 1 0 0 0 1 0 1 0 0 0 1 0 0 0 0 1 0 0 0 0 0 1 0 0 0 0 0 0 0 0 0 0 0 0 0 0 0 47.510000079870224 0 0 0 47.510000079870224 0 47.510000079870224 0 0 0 47.510000079870224 0 0 0 0 47.510000079870224 0 0 0 0 0 47.510000079870224 0 0 0 0 0 0 0 0 0 0 0 0 0 0 14.540000066161156 27.02999995648861 47.510000079870224 -0.999999962747097 -0.3999999985098839 -0.9999999701976776 -1.0699999630451202 -0.4699999988079071 -0.9099999666213989 105 4 8 2 0 2 6 5 1 0 0 3 2 4 2 1 1 1 0 0 0 0 0 1 0 1 0 2 2 0 0 1 2 1 0 0 0 0 212.38999846577644 710.5499987006187 128.12999986112118 0 36.84999969601631 582.4199988394976 534.9099987596273 47.510000079870224 0 0 44.7899996638298 167.6999999731779 421.85999980568886 175.53999876976013 7.939999967813492 120.18999989330769 47.510000079870224 0 0 0 0 0 47.510000079870224 0 113.04999895393848 0 235.20999892055988 36.84999969601631 0 0 120.18999989330769 186.65000088512897 7.939999967813492 0 0 0 0 31.749999582767487 851.8299973011017 922.9399971663952 4.000000216066837 -4.539999969303608 4.360000118613243 4.040000274777412 -3.0699999444186687 5.240000184625387 105 11 21 9 3 8 12 7 5 2 1 9 11 6 2 3 5 5 2 3 0 1 1 4 2 1 2 3 3 1 4 1 3 2 1 1 0 1 401.9099981635809 1726.8599966466427 480.5999995023012 39.12000015377998 210.46000030636787 1246.2599971443415 805.7899976968765 440.46999944746494 57.570001408457756 37.979999497532845 222.56999789178371 848.5200008153915 692.739998742938 175.53999876976013 106.90999847650528 337.1500008404255 440.46999944746494 71.65000054240227 39.12000015377998 0 0.7500000149011612 71.20000004768372 369.2699993997812 2.5799999684095383 113.04999895393848 68.15999956429005 333.42999908328056 46.74999983608723 70.9000005275011 216.9600009471178 120.18999989330769 359.3099996596575 70.85999843478203 36.05000004172325 37.979999497532845 0 36.540000185370445 228.37999890744686 1835.6699973195791 2187.0899962335825 2.000000525265932 -13.919999934732914 2.540000256150961 -0.5699994415044785 -9.989999860525131 2.9300003200769424 105 32 35 15 9 26 20 11 9 7 8 17 19 8 4 5 7 9 4 9 1 1 1 8 6 3 4 4 7 3 5 2 4 3 2 7 0 3 1271.1300072968006 2752.0600017756224 723.4899995923042 217.33000180125237 780.9000051915646 2028.5700021833181 1142.1099989712238 886.4600032120943 191.2900011986494 214.36000043153763 600.3400033712387 1571.610004812479 931.9000004827976 278.1899996995926 224.33999979496002 453.5899998396635 886.4600032120943 232.31000177562237 217.33000180125237 58.079999923706055 0.7500000149011612 71.20000004768372 815.2600031644106 171.77000184357166 210.2099984884262 217.8000022917986 509.0300005674362 157.45000126957893 231.5600017607212 333.2599999457598 120.32999989390373 422.8699999153614 131.3499998152256 92.98999997973442 156.28000050783157 0 45.5599999576807 494.6500017940998 3432.4000073373318 4215.230010285974 2.0000010170042515 -30.109999861568213 3.3500004410743713 -5.579999007284641 -19.2799997292459 2.4000005312263966 105 58 62 25 18 43 37 20 17 10 14 28 33 16 8 8 12 17 5 18 2 1 5 12 13 4 5 7 14 4 6 6 9 5 3 12 0 5 2351.660011559725 5159.780004262924 1274.2299989461899 440.3000037819147 1382.3600090891123 3885.5500053167343 2342.4200032949448 1543.1300020217896 249.93000216782093 347.4599981456995 1219.1100081801414 2661.8400051146746 2016.9000029563904 501.05999732017517 433.38999938964844 789.449999794364 1543.1300020217896 330.0100033134222 440.3000037819147 81.60999965667725 0.7500000149011612 383.65999805927277 1159.4700039625168 388.91000401973724 325.5200003385544 235.46000216901302 892.6800021976233 549.5100066065788 329.26000329852104 339.8200000375509 449.62999975681305 1124.2200007587671 295.31000009179115 138.07999929785728 265.84999848902225 0 51.38999976217747 853.6099995076656 6418.120016619563 7762.120018005371 3.0000018291175365 -52.25999975204468 5.340000819414854 -10.089998226612806 -34.259999550879 6.450000997632742 105 82 102 38 21 68 64 34 30 15 28 43 50 25 9 17 15 30 6 21 6 1 10 20 15 9 7 11 18 5 8 7 14 11 6 22 0 6 3310.20000757277 9007.27000553906 2052.610000476241 598.6500044465065 2374.4900036752224 6954.6600050628185 4075.4500040709972 2879.2100009918213 482.3400005251169 881.0699945986271 2017.7200094163418 4199.940003082156 3355.6700014322996 545.3899975121021 1005.8900008499622 887.9299995154142 2879.2100009918213 433.5500025898218 598.6500044465065 293.24000023305416 0.7500000149011612 780.6999956071377 2098.5100053846836 439.86000433564186 719.7800026386976 267.8500025123358 1322.6800040602684 743.2300060391426 432.80000257492065 420.15999941527843 467.7700001001358 2032.9899973720312 598.940002322197 406.9499985277653 587.8299943655729 0 158.79000011086464 1358.9599995166063 10598.720012903214 12800.560013651848 4.00000286847353 -80.17999964207411 6.9700013399124146 -11.3399972692132 -51.00999940559268 10.690001610666513
106 0 1 0 0 0 1 1 0 0 0 0 0 1 0 0 0 0 0 0 0 0 0 0 0 0 0 0 0 0 0 0 1 0 0 0 0 0 0 90.24000054597855 0 0 0 90.24000054597855 90.24000054597855 0 0 0 0 0 90.24000054597855 0 0 0 0 0 0 0 0 0 0 0 0 0 0 0 0 0 0 90.24000054597855 0 0 0 0 0 0.0 83.58000069856644 90.24000054597855 1.0000000223517418 -0.3999999985098839 1.0000000149011612 0.1900000125169754 0.0 0.10000000894069672 106 4 9 3 2 4 6 2 4 2 0 3 5 2 1 1 1 4 0 2 0 0 1 3 1 0 0 1 2 0 0 1 1 1 0 0 0 1 134.02999906241894 617.650000423193 164.67000004649162 39.12000015377998 67.65999974310398 452.98000037670135 220.21999952197075 232.7600008547306 30.81000004708767 0 44.7899996638298 352.9500007480383 220.21999952197075 94.59999939799309 7.939999967813492 120.18999989330769 232.7600008547306 0 39.12000015377998 0 0 71.20000004768372 161.5600008070469 2.5799999684095383 0 0 129.9799989759922 36.84999969601631 0 0 120.18999989330769 90.24000054597855 7.939999967813492 0 0 0 36.540000185370445 60.530000388622284 663.6199987977743 782.4899995326996 -1.999999739229679 -6.049999970942736 -1.6399998553097248 -1.0799997709691525 -3.1699999757111073 -0.17999983578920364 106 17 22 9 6 13 13 9 4 5 3 9 10 7 3 3 4 4 3 6 0 1 1 3 4 2 1 3 4 2 1 3 4 2 1 3 0 2 864.7900003790855 1435.3799976557493 381.7599987089634 173.33000154793262 446.95000071823597 1053.619998946786 820.8599980920553 232.7600008547306 133.3500016182661 169.80999913811684 251.44999845325947 624.1300023347139 698.0499992519617 261.33999848365784 106.90999847650528 230.71000024676323 232.7600008547306 161.41000124812126 173.33000154793262 0 0.7500000149011612 71.20000004768372 161.5600008070469 129.19000156223774 122.80999884009361 55.98999984562397 275.1799993366003 87.80000011622906 160.6600012332201 42.42000037431717 188.28999987244606 422.8699999153614 70.85999843478203 36.05000004172325 169.80999913811684 0 44.139999985694885 304.5900013446808 1983.0699978619814 2434.269999668002 5.0000006183981895 -18.05999991297722 5.990000270307064 -0.029999341815710068 -13.989999808371067 6.49000034853816 106 34 44 21 9 27 23 12 11 6 10 21 23 9 4 9 8 11 5 9 3 1 4 7 5 3 3 5 8 4 4 4 4 6 3 7 0 4 1651.7100083380938 3292.2299958765507 1103.9499990791082 175.63000151515007 1089.9600070267916 2188.2799967974424 1144.2499974519014 1044.029999345541 188.31000177562237 440.5300000458956 974.9600045233965 1917.7100024670362 934.0399989634752 291.60999822616577 513.0899993032217 544.4199998229742 1044.029999345541 330.0100033134222 175.63000151515007 220.33000096678734 0.7500000149011612 300.37999871373177 743.6500006318092 129.19000156223774 210.2099984884262 217.8000022917986 511.1699990481138 243.32000291347504 329.26000329852104 273.29000006616116 271.12999975681305 422.8699999153614 375.0100000053644 138.07999929785728 220.19999907910824 0 46.43999995291233 644.6500016450882 4117.080004781485 5133.000006005168 1.0000011213123798 -34.01999984681606 2.2600004710257053 -5.869998812675476 -25.379999663680792 6.030000623315573 106 56 66 28 16 45 38 20 18 9 20 27 34 14 6 10 12 18 5 16 5 1 6 12 10 6 5 7 11 4 6 6 7 7 3 15 0 6 2393.790005579591 5263.629999235272 1558.7899976968765 493.6100023239851 1539.7300032526255 3704.840001538396 2090.930001154542 1613.910000383854 246.25000135600567 643.8499958962202 1186.7000058442354 2768.730002567172 1656.8400004804134 474.3499970436096 536.3199998289347 825.5599988847971 1613.910000383854 330.0100033134222 493.6100023239851 249.59000059962273 0.7500000149011612 428.2499983459711 1185.6600020378828 296.70000334084034 434.09000067412853 217.8000022917986 833.5300012081861 431.830003708601 329.26000329852104 375.92999912798405 449.62999975681305 823.3099992722273 398.2400005310774 138.07999929785728 394.2599952965975 0 196.90999898314476 821.1500000357628 6587.36000739038 7904.42000618577 2.000001795589924 -52.82999976351857 3.8900007866322994 -12.179998207837343 -36.87999950349331 6.050000961869955 106 77 91 40 23 62 51 28 23 13 26 39 44 19 9 15 17 23 5 23 7 1 7 16 15 9 6 9 17 4 9 8 10 10 5 19 0 8 3018.4900076389313 7765.250006988645 2333.679999753833 797.9400041997433 2068.170004889369 5431.570007234812 3120.870005533099 2310.7000017017126 367.4700018912554 740.9699945747852 1808.7700088322163 3770.550003990531 2374.380003809929 545.3899975121021 848.2900003939867 1130.5899989902973 2310.7000017017126 330.0100033134222 797.9400041997433 315.4099997729063 0.7500000149011612 545.2799957692623 1765.4200059324503 443.1400038301945 746.4900017231703 235.46000216901302 1090.9500024616718 724.2700062543154 329.26000329852104 603.4300009161234 527.1599980741739 1283.430001348257 541.7700011581182 306.51999923586845 425.55999480187893 0 354.8000003695488 1197.390000000596 9218.070015281439 11151.960016533732 5.000002395361662 -72.79999966919422 7.790001001209021 -6.269997868686914 -40.689999498426914 9.000001166015863
107 0 1 0 0 0 1 1 0 0 0 0 0 1 0 0 0 0 0 0 0 0 0 0 0 0 0 1 0 0 0 0 0 0 0 0 0 0 0 129.9799989759922 0 0 0 129.9799989759922 129.9799989759922 0 0 0 0 0 129.9799989759922 0 0 0 0 0 0 0 0 0 0 0 0 0 129.9799989759922 0 0 0 0 0 0 0 0 0 0 0.0 124.32999888062477 129.9799989759922 1.0000000298023224 -0.3999999985098839 1.0000000223517418 1.4000000283122063 0.0 1.0900000259280205 107 4 7 1 2 3 6 3 3 1 0 2 4 3 0 0 0 3 1 2 0 0 1 2 1 0 0 1 2 1 0 0 2 0 0 0 0 1 111.03999911248684 493.6000002473593 36.540000185370445 39.12000015377998 41.23999960720539 457.06000006198883 283.7799997776747 173.28000028431416 4.389999911189079 0 36.84999969601631 244.88999973237514 283.7799997776747 0 0 0 173.28000028431416 71.60999944806099 39.12000015377998 0 0 71.20000004768372 102.08000023663044 2.5799999684095383 0 0 129.9799989759922 36.84999969601631 71.60999944806099 0 0 153.80000080168247 0 0 0 0 36.540000185370445 37.199999928474426 545.329999268055 609.0299992710352 2.3469328880310059e-7 -4.889999981969595 0.09000014513731003 -0.5499997958540916 -2.429999977350235 -0.24999984353780746 107 11 21 8 5 9 13 8 5 4 2 6 10 5 1 3 3 5 2 5 0 0 1 4 3 3 1 2 2 2 1 2 3 2 1 2 0 2 530.8000014871359 1476.2999990135431 333.510000616312 145.47000078856945 254.38000017404556 1142.789998397231 771.8799969851971 370.91000141203403 80.17000012099743 81.37000051140785 219.45999990403652 694.320002913475 561.6699984967709 94.59999939799309 126.62000036239624 162.7500002682209 370.91000141203403 160.6600012332201 145.47000078856945 0 0 71.20000004768372 299.7100013643503 101.33000080287457 210.2099984884262 55.98999984562397 235.20999892055988 36.84999969601631 160.6600012332201 42.42000037431717 120.32999989390373 326.459999576211 90.57000032067299 36.05000004172325 81.37000051140785 0 44.139999985694885 223.21000078320503 1740.4499987959862 2087.2700006216764 3.0000005289912224 -14.629999939352274 3.540000256150961 -0.15999947488307953 -9.189999885857105 3.160000316798687 107 31 41 16 9 24 25 12 13 5 9 16 23 9 4 5 7 13 4 9 1 1 4 9 5 3 3 5 7 3 3 4 4 3 2 8 0 4 1540.5000042170286 3030.609998717904 709.1899989247322 175.63000151515007 925.2900049686432 2321.419999793172 1153.2399985790253 1168.1800012141466 133.3500016182661 280.3199990838766 747.0000024288893 1854.6600048094988 943.0300000905991 361.00999653339386 234.62999814748764 428.12000082433224 1168.1800012141466 259.1100027859211 175.63000151515007 58.079999923706055 0.7500000149011612 291.4699990749359 876.7100021392107 129.19000156223774 210.2099984884262 217.8000022917986 520.1600001752377 293.8200019747019 258.36000277101994 156.9900010675192 271.12999975681305 422.8699999153614 153.48999878764153 81.13999935984612 222.23999916017056 0 46.43999995291233 564.1800000220537 3836.7700043171644 4705.2100045681 -0.9999988414347172 -31.129999857395887 0.1700005605816841 -8.089998744428158 -24.199999667704105 3.3900007158517838 107 59 71 28 14 50 43 23 20 10 22 30 36 19 6 11 12 20 5 14 6 1 6 14 9 4 5 8 13 4 6 6 11 7 4 16 0 5 2457.130004271865 6287.649991616607 1517.3499997109175 285.5100013911724 1773.200003132224 4770.299991905689 2829.3999955505133 1940.899996355176 353.8000008314848 690.7399954199791 1369.8100079596043 3095.719998538494 2487.789997443557 474.3499970436096 640.4000010639429 825.5599988847971 1940.899996355176 330.0100033134222 285.5100013911724 293.24000023305416 0.7500000149011612 471.9899963885546 1468.9099999666214 234.12000162899494 341.6099981069565 217.8000022917986 894.0300019234419 510.8600045889616 329.26000329852104 375.92999912798405 449.62999975681305 1593.759995520115 398.2400005310774 242.16000053286552 397.49999518692493 0 51.38999976217747 1004.869997009635 7495.890000984073 9099.329996734858 3.000001985579729 -56.519999749958515 4.980000909417868 -9.549997996538877 -38.49999949708581 8.25000112503767 107 79 103 43 24 67 60 33 27 17 28 41 48 23 9 18 17 27 5 24 9 1 10 17 16 10 5 9 17 4 9 8 14 12 6 19 0 8 3196.860008507967 9173.739994585514 2500.2999972105026 848.8900045156479 2398.3900042772293 6673.439997375011 3990.500000551343 2682.9399968236685 570.2700007259846 886.0499950051308 1957.7300064116716 4142.789999112487 3205.029998332262 545.3899975121021 1014.9099978506565 1130.5899989902973 2682.9399968236685 330.0100033134222 848.8900045156479 460.49000020325184 0.7500000149011612 844.8599923551083 1838.0800044685602 494.0900041460991 785.4700022190809 217.8000022917986 1090.9500024616718 724.2700062543154 329.26000329852104 603.4300009161234 527.1599980741739 2114.07999587059 635.3500000834465 379.55999776721 425.55999480187893 0 354.8000003695488 1393.4899979531765 10680.060006439686 12941.620003834367 6.000002697110176 -80.35999964177608 9.150001168251038 -5.00999753549695 -46.89999944716692 10.87000136449933
108 1 0 0 1 0 0 0 0 0 0 0 0 0 0 0 0 0 0 1 0 0 0 0 1 0 0 0 0 0 0 0 0 0 0 0 0 0 2.5799999684095383 0 0 2.5799999684095383 0 0 0 0 0 0 0 0 0 0 0 0 0 0 2.5799999684095383 0 0 0 0 2.5799999684095383 0 0 0 0 0 0 0 0 0 0 0 0 0 2.439999967813492 0.0 2.5799999684095383 7.450580596923828e-9 -0.3999999985098839 0.0 0.3100000023841858 0.0 0.0 108 9 9 4 5 5 5 4 1 1 1 4 4 4 0 1 1 1 2 5 0 0 0 1 3 0 1 2 2 2 0 1 2 0 1 1 0 2 256.8100007623434 523.9099999070168 80.33000002801418 46.71999995410442 97.95999947190285 443.57999987900257 389.00999972224236 54.570000156760216 4.389999911189079 0.7300000190734863 128.88999958336353 215.37000139057636 389.00999972224236 0 36.05000004172325 0.14000000059604645 54.570000156760216 160.6600012332201 46.71999995410442 0 0 0 54.570000156760216 2.5799999684095383 0 55.98999984562397 235.20999892055988 36.84999969601631 160.6600012332201 0 0.14000000059604645 153.80000080168247 0 36.05000004172325 0.7300000190734863 0 44.139999985694885 57.57999961078167 699.3100007176399 785.1100005805492 3.000000234693289 -7.689999971538782 3.090000092983246 1.3800002187490463 -3.9599999487400055 2.5900001376867294 108 20 26 11 9 13 15 9 6 3 6 9 13 6 1 4 4 6 4 9 0 1 3 3 6 3 1 2 3 3 2 2 4 1 3 6 0 3 726.4500040113926 1551.6499967128038 364.7799995839596 193.97000178694725 256.07000006735325 1186.8699971288443 898.7999960035086 288.0700011253357 30.990000054240227 129.8000005185604 242.04999877512455 719.6300042569637 688.5899975150824 94.59999939799309 146.01999926567078 173.2000003606081 288.0700011253357 259.1100027859211 193.97000178694725 0 0.7500000149011612 126.5100003182888 161.5600008070469 148.41000182926655 210.2099984884262 55.98999984562397 235.20999892055988 39.28999964892864 258.36000277101994 90.22000047564507 82.97999988496304 453.3799985945225 7.939999967813492 138.07999929785728 129.8000005185604 0 45.5599999576807 214.05000039935112 1967.099999666214 2309.840000793338 3.0000006556510925 -20.13999991863966 3.4500002786517143 -4.82999936491251 -15.59999980404973 3.8800003342330456 108 40 48 22 12 32 26 15 11 6 16 19 23 10 4 8 9 11 4 12 3 1 4 7 7 5 2 4 8 3 4 5 6 5 3 13 0 5 1413.9999980479479 3500.2899938821793 1024.5199986994267 242.93000110983849 805.8399973213673 2475.7699951827526 1552.409996971488 923.3599982112646 133.3500016182661 402.52999468147755 646.0000010281801 1779.5599999278784 1145.1099992841482 291.60999822616577 375.28999999165535 597.8399989455938 923.3599982112646 259.1100027859211 242.93000110983849 64.2199989259243 0.7500000149011612 291.4699990749359 631.8899991363287 191.54000134766102 407.2999976873398 55.98999984562397 450.78000082075596 213.97000117599964 258.36000277101994 249.1899986565113 348.6500002890825 694.3299984633923 237.21000069379807 138.07999929785728 338.30999575555325 0 51.38999976217747 469.30000054836273 4287.15999288857 5048.389993563294 4.000001206994057 -38.0199998319149 5.260000482201576 -7.379998825490475 -26.37999964505434 6.540000602602959 108 59 74 34 16 49 40 22 18 10 23 30 35 14 8 13 13 18 5 16 7 1 6 12 8 8 4 7 12 4 7 6 7 9 4 16 0 8 2576.3600027263165 5896.009997934103 1918.1499961167574 600.570001527667 1662.1400031149387 3977.8600018173456 2318.2500001341105 1659.6100016832352 221.90000212192535 760.5799959748983 1338.8900032788515 2893.7400024831295 1687.0700002610683 561.0899972766638 658.4799982458353 904.8699975013733 1659.6100016832352 330.0100033134222 600.570001527667 339.7000010609627 0.7500000149011612 428.2499983459711 1231.360003337264 245.77000115811825 631.1799998730421 217.8000022917986 833.5300012081861 461.86000272631645 329.26000329852104 496.82999923825264 408.03999826312065 853.5399990528822 456.0400002449751 202.43999800086021 420.87999491393566 0 354.8000003695488 896.4599998891354 7245.610004752874 8695.020002797246 4.0000018663704395 -57.45999973267317 6.340000759810209 -7.47999819368124 -36.71999951079488 8.94000094756484 108 76 95 40 20 65 55 33 22 17 26 38 44 24 11 15 17 22 6 20 8 1 8 14 12 9 5 10 17 5 10 7 14 10 5 18 0 8 3528.6800066381693 8590.95999674499 2426.42999792099 747.3200037926435 2548.680006444454 6164.529998824 4153.860002249479 2010.669996574521 643.4700012207031 807.8999955058098 1971.5300088226795 3695.4699981957674 3407.370000526309 744.3099948316813 873.4699990898371 1198.1599984616041 2010.669996574521 487.3900031745434 747.3200037926435 383.3500006943941 0.7500000149011612 632.969994187355 1377.700002387166 392.52000342309475 746.4900017231703 217.8000022917986 1286.340003669262 879.5100074261427 486.6400031596422 689.140000730753 509.0199977308512 2121.029996857047 566.9499998539686 306.51999923586845 424.5499948114157 0 354.8000003695488 1408.1599980145693 10466.350005760789 12763.860004618764 11.000002551823854 -75.69999964535236 14.510001096874475 -3.3599975034594536 -50.809999380260706 17.140001337975264
109 1 0 0 0 0 0 0 0 0 0 0 1 0 0 0 0 0 1 0 0 0 0 0 0 0 0 0 0 1 0 0 0 0 0 0 0 0 71.60999944806099 0 0 0 0 0 0 0 0 0 0 71.60999944806099 0 0 0 0 0 71.60999944806099 0 0 0 0 0 0 0 0 0 0 71.60999944806099 0 0 0 0 0 0 0 0 2.649999976158142 68.23999944329262 71.60999944806099 2.2351741790771484e-8 -0.3999999985098839 1.4901161193847656e-8 0.310000017285347 0.0 1.4901161193847656e-8 109 8 7 4 4 3 3 2 1 1 2 1 6 2 0 1 2 1 3 4 0 0 0 1 3 0 0 1 0 3 0 2 1 0 1 2 0 1 441.06000408530235 412.7199987769127 164.60999938845634 137.870000988245 85.76000042259693 248.10999938845634 193.53999923169613 54.570000156760216 4.389999911189079 81.37000051140785 45.089999318122864 395.9100028127432 193.53999923169613 0 45.089999318122864 82.97999988496304 54.570000156760216 258.36000277101994 137.870000988245 0 0 0 54.570000156760216 101.33000080287457 0 0 129.9799989759922 0 258.36000277101994 0 82.97999988496304 63.560000255703926 0 45.089999318122864 81.37000051140785 0 36.540000185370445 50.7900003939867 786.1100023090839 858.1700027734041 1.0000002048909664 -6.4899999760091305 1.0900000855326653 0.6600001752376556 -2.4699999690055847 1.0000001192092896 109 17 19 7 7 14 12 7 5 4 7 5 10 5 0 2 2 5 3 7 0 0 3 2 4 2 1 2 2 3 0 2 3 1 1 7 0 3 630.6700018495321 1155.6499985903502 256.2599995136261 146.89000076055527 351.14999839663506 899.389999076724 658.8299980312586 240.56000104546547 80.17000012099743 178.13999873399734 220.55999921262264 581.9000037014484 561.6699984967709 0 127.71999967098236 82.97999988496304 240.56000104546547 258.36000277101994 146.89000076055527 0 0 126.5100003182888 114.05000072717667 101.33000080287457 97.15999953448772 55.98999984562397 235.20999892055988 36.84999969601631 258.36000277101994 0 82.97999988496304 326.459999576211 82.6300003528595 45.089999318122864 178.13999873399734 0 45.5599999576807 186.78000056743622 1568.0999991446733 1866.4900005608797 2.000000547617674 -16.35999993979931 2.3600002489984035 -0.9399995245039463 -9.449999876320362 3.220000270754099 109 35 40 17 11 30 23 14 9 6 15 16 18 9 2 6 6 9 4 11 2 1 4 5 6 5 2 4 7 3 2 4 5 3 3 13 0 5 1209.3799994587898 2829.1799914836884 666.909997984767 199.80000159144402 757.3399960249662 2162.2699934989214 1418.1699946969748 744.0999988019466 135.1300002783537 396.0299948900938 486.2299997806549 1358.680000886321 1010.869997009635 180.3999991118908 259.299998909235 356.2199993133545 744.0999988019466 259.1100027859211 199.80000159144402 40.68999919295311 0.7500000149011612 291.4699990749359 452.6299997270107 148.41000182926655 407.2999976873398 55.98999984562397 412.94999888539314 170.19000101089478 258.36000277101994 85.08999955654144 271.12999975681305 597.9199981242418 113.80000084638596 145.49999806284904 355.3399956971407 0 51.38999976217747 411.21999864280224 3531.349992349744 4174.439991235733 5.000001035630703 -33.07999986410141 5.900000415742397 -2.9499990232288837 -21.559999730437994 7.270000524818897 109 51 71 33 16 45 38 22 16 11 20 28 31 14 6 13 12 16 4 16 6 1 6 10 8 8 2 6 12 3 6 6 8 9 4 14 0 8 2351.29000005126 5695.759994566441 1858.1799962371588 600.570001527667 1725.5900021195412 3837.579998329282 2402.4999975413084 1435.0800007879734 314.0400024652481 660.5199965387583 1410.2600013762712 2538.340001180768 1771.3199976682663 435.60999646782875 658.4799982458353 844.8999976217747 1435.0800007879734 259.1100027859211 600.570001527667 281.6200011372566 0.7500000149011612 428.2499983459711 1006.8300024420023 245.77000115811825 631.1799998730421 55.98999984562397 686.7700005322695 695.0400032699108 258.36000277101994 436.859999358654 408.03999826312065 1084.5499971359968 456.0400002449751 202.43999800086021 378.89999540150166 0 354.8000003695488 877.4400000870228 6961.54999884963 8361.83999709785 6.0000016912817955 -53.809999760240316 8.070000667124987 -3.8199983797967434 -33.789999574422836 10.430000845342875 109 65 91 38 17 57 53 29 24 14 24 35 43 21 9 15 15 24 5 17 8 1 10 14 9 8 5 9 14 4 9 6 12 10 5 16 0 8 3005.1700032949448 8145.139990136027 2318.8899983614683 638.7700017988682 2239.030002474785 5826.249991774559 3569.459997817874 2256.789993956685 457.31000006198883 804.2299956083298 1851.7100059092045 3676.6699961572886 2938.279997944832 610.2199961543083 873.4699990898371 1090.6199989020824 2256.789993956685 330.0100033134222 638.7700017988682 383.3500006943941 0.7500000149011612 879.089991569519 1377.700002387166 283.9700014293194 631.1799998730421 217.8000022917986 1089.420003131032 759.6900045126677 329.26000329852104 682.5800006389618 408.03999826312065 1848.8599948137999 566.9499998539686 306.51999923586845 420.87999491393566 0 354.8000003695488 1240.8099973648787 9580.379998341203 11608.369993507862 5.0000023655593395 -68.48999968543649 7.880001053214073 -7.49999763071537 -46.64999942481518 11.690001308918
110 0 1 1 0 0 0 0 0 0 0 0 1 0 0 0 1 0 0 0 0 0 0 0 0 0 0 0 0 0 0 1 0 0 0 0 0 0 0 0.14000000059604645 0.14000000059604645 0 0 0 0 0 0 0 0 0.14000000059604645 0 0 0 0.14000000059604645 0 0 0 0 0 0 0 0 0 0 0 0 0 0 0.14000000059604645 0 0 0 0 0 0 0.0 0.0 0.14000000059604645 7.450580596923828e-9 -0.3999999985098839 0.0 0.3100000023841858 0.0 0.0 110 10 9 6 6 4 3 2 1 0 3 2 6 1 0 1 2 1 3 6 0 0 1 0 3 1 0 0 1 3 0 2 1 0 1 3 0 3 280.0400022417307 212.01999913156033 137.96999897062778 12.479999735951424 19.099999502301216 74.05000016093254 73.32000014185905 0.7300000190734863 0 16.659999549388885 47.529999271035194 342.07000267505646 63.560000255703926 0 45.089999318122864 82.97999988496304 0.7300000190734863 258.36000277101994 12.479999735951424 0 0 0.7300000190734863 0 2.5799999684095383 9.759999886155128 0 0 2.4399999529123306 258.36000277101994 0 82.97999988496304 63.560000255703926 0 45.089999318122864 16.659999549388885 0 9.899999767541885 24.019999742507935 461.68000146746635 492.060001373291 1.0000001825392246 -7.599999971687794 1.0000000409781933 -1.3599998727440834 -4.509999930858612 1.510000042617321 110 30 26 13 12 23 13 10 3 3 11 15 9 7 0 5 3 3 4 12 1 1 2 1 7 3 2 3 7 3 1 2 4 2 3 10 0 5 869.3800016641617 1339.6399961262941 338.349998652935 242.93000110983849 424.04999746382236 1001.2899974733591 891.4099970459938 109.8800004273653 4.569999918341637 228.54999740421772 352.9899999797344 493.89000226557255 728.5599979311228 0 161.30999982357025 125.64999906718731 109.8800004273653 259.1100027859211 242.93000110983849 5.729999899864197 0.7500000149011612 55.31000027060509 54.570000156760216 191.54000134766102 162.84999911487103 55.98999984562397 275.1799993366003 134.94000029563904 258.36000277101994 42.669999182224274 82.97999988496304 453.3799985945225 23.230000525712967 138.07999929785728 222.81999750435352 0 51.38999976217747 174.07000033557415 1945.0199968516827 2214.3399977236986 7.000000610947609 -24.269999910145998 7.270000163465738 -2.0399994663894176 -14.819999814033508 6.690000254660845 110 46 57 28 16 39 29 18 11 8 19 23 24 10 4 10 10 11 4 16 5 1 4 7 8 8 2 4 10 3 5 5 6 6 4 14 0 8 1745.5599990934134 4061.789994433522 1451.0899957716465 600.570001527667 1100.18999658525 2610.6999986618757 1839.0899994075298 771.6099992543459 113.76000046730042 533.2299947887659 892.2999996095896 1687.9099991619587 1207.9099995344877 254.99999904632568 438.34999826550484 657.9399971365929 771.6099992543459 259.1100027859211 600.570001527667 154.32999938726425 0.7500000149011612 199.79999969899654 571.8099995553493 245.77000115811825 631.1799998730421 55.98999984562397 450.78000082075596 397.2100014835596 258.36000277101994 370.0899987667799 287.84999836981297 757.1299987137318 235.91000026464462 202.43999800086021 378.89999540150166 0 354.8000003695488 510.4599998444319 5097.009994089603 5921.859994009137 7.0000013038516045 -44.999999806284904 8.44000045210123 -3.089998796582222 -26.45999965071678 9.66000060737133 110 49 72 34 16 42 38 22 16 10 19 27 32 14 6 13 13 16 4 16 5 1 7 9 8 8 2 6 11 3 7 6 8 9 4 14 0 8 1993.5599991828203 5705.139993831515 2008.369996741414 600.570001527667 1364.78999941051 3696.7699970901012 2405.560000151396 1291.2099969387054 221.90000212192535 533.2299947887659 1300.1000004559755 2513.449998140335 1774.3800002783537 346.5399979650974 689.6899979412556 963.8799984306097 1291.2099969387054 259.1100027859211 600.570001527667 154.32999938726425 0.7500000149011612 515.9399967640638 775.2700001746416 245.77000115811825 631.1799998730421 55.98999984562397 695.9700017124414 553.6700026541948 258.36000277101994 555.840000167489 408.03999826312065 1078.4099985659122 487.24999994039536 202.43999800086021 378.89999540150166 0 354.8000003695488 705.6300001740456 6725.449995949864 7921.349995151162 6.000001672655344 -52.91999976336956 7.980000663548708 -4.179998409003019 -33.78999958187342 10.250000830739737 110 61 87 39 16 50 48 27 21 12 23 32 41 19 10 16 15 21 6 16 6 1 7 14 8 8 3 9 12 5 9 6 10 11 5 17 0 8 2876.089996472001 7596.009996533394 2437.2899978607893 600.570001527667 1808.3500004410744 5158.719998672605 3187.7399999052286 1970.979998767376 389.4000029563904 787.2199951261282 1624.350000962615 3548.2400008291006 2556.5600000321865 724.7299946695566 991.8699985891581 1090.6199989020824 1970.979998767376 487.3900031745434 600.570001527667 281.6200011372566 0.7500000149011612 515.9399967640638 1455.040002003312 245.77000115811825 631.1799998730421 68.15999956429005 1089.420003131032 563.5700027942657 486.6400031596422 682.5800006389618 408.03999826312065 1467.1399969011545 685.3499993532896 306.51999923586845 505.5999939888716 0 354.8000003695488 1119.9200001358986 8994.959996789694 10862.249995976686 6.000002179294825 -64.17999969422817 8.880000937730074 -6.839997798204422 -45.209999430924654 12.290001172572374
111 0 1 1 0 0 0 0 0 0 0 1 0 0 0 1 0 0 0 0 0 0 0 0 0 0 0 0 0 0 0 0 0 0 1 0 0 0 0 45.089999318122864 45.089999318122864 0 0 0 0 0 0 0 45.089999318122864 0 0 0 45.089999318122864 0 0 0 0 0 0 0 0 0 0 0 0 0 0 0 0 0 0 45.089999318122864 0 0 0 0.9900000095367432 44.09999930858612 45.089999318122864 -7.450580596923828e-9 -0.3999999985098839 -1.4901161193847656e-8 -0.7000000178813934 -0.4699999988079071 -0.23000001907348633 111 8 5 4 2 4 1 0 1 0 4 1 6 0 0 1 3 1 2 2 0 0 1 0 2 0 0 0 0 2 1 2 0 0 1 4 0 0 260.5199980735779 171.46999840438366 170.73999838531017 0.0 91.20999708771706 0.7300000190734863 0 0.7300000190734863 0 91.20999708771706 45.089999318122864 295.6900000721216 0 0 45.089999318122864 125.64999906718731 0.7300000190734863 169.31000098586082 0.0 0 0 0.7300000190734863 0 0.0 0 0 0 0 169.31000098586082 42.669999182224274 82.97999988496304 0 0 45.089999318122864 91.20999708771706 0 0 11.879999876022339 417.079996496439 431.98999647796154 -0.9999998584389687 -5.1999999806284904 -0.9999999552965164 -1.6099999397993088 -2.5099999606609344 -0.0299999862909317 111 21 19 12 9 17 7 5 2 3 12 6 8 1 0 4 3 2 3 9 2 0 2 0 4 4 1 0 1 3 1 2 1 2 2 10 0 5 604.5499995499849 722.8399966359138 309.71999737620354 73.18999999761581 328.9599964618683 413.1199992597103 357.8099989891052 55.31000027060509 4.569999918341637 265.03999668359756 192.02999840676785 439.32000210881233 63.560000255703926 0 132.67999854683876 125.64999906718731 55.31000027060509 258.36000277101994 73.18999999761581 40.68999919295311 0 55.31000027060509 0 21.800000235438347 294.2499987334013 55.98999984562397 0 3.3600000143051147 258.36000277101994 42.669999182224274 82.97999988496304 63.560000255703926 23.230000525712967 109.4499980211258 224.34999749064445 0 51.38999976217747 119.29999887943268 1157.3599967211485 1331.9599961042404 3.0000003688037395 -17.469999935477972 3.270000047981739 -1.909999769181013 -9.369999885559082 3.4200000651180744 111 42 42 21 15 35 21 13 8 7 17 19 18 8 3 7 7 8 4 15 4 1 4 4 8 5 2 3 9 3 2 5 5 3 4 13 0 7 1579.659999921918 2786.8399905264378 1035.3999958187342 493.1700011789799 960.8499976098537 1751.4399947077036 1211.8899963349104 539.5499983727932 64.58000040054321 421.25999642908573 812.3399989306927 1249.329998806119 873.0999974608421 179.2599987834692 336.5799981355667 451.41999766230583 539.5499983727932 259.1100027859211 493.1700011789799 130.79999965429306 0.7500000149011612 214.19999873638153 325.34999963641167 245.77000115811825 338.78999887406826 55.98999984562397 275.1799993366003 419.02000093460083 258.36000277101994 163.56999929249287 287.84999836981297 597.9199981242418 134.1400001347065 202.43999800086021 290.45999677479267 0 247.40000002086163 348.1799989938736 3822.939991861582 4431.8299908638 5.000001028180122 -37.03999984264374 6.170000329613686 -3.77999909222126 -22.10999972745776 6.410000439733267 111 49 71 33 16 42 38 23 15 10 19 26 31 15 6 12 13 15 4 16 5 1 7 8 8 8 2 7 11 3 7 6 8 8 4 14 0 8 1993.5599991828203 5787.139993131161 1945.4499982744455 600.570001527667 1386.9699984043837 3841.689994856715 2688.629998475313 1153.059996381402 244.08000111579895 533.2299947887659 1237.180001989007 2375.2999975830317 2057.449998602271 346.5399979650974 626.769999474287 963.8799984306097 1153.059996381402 259.1100027859211 600.570001527667 154.32999938726425 0.7500000149011612 515.9399967640638 637.1199996173382 245.77000115811825 631.1799998730421 55.98999984562397 844.4400022923946 553.6700026541948 258.36000277101994 555.840000167489 408.03999826312065 1213.0099963098764 424.3300014734268 202.43999800086021 378.89999540150166 0 354.8000003695488 719.5799991041422 6794.829994022846 8025.529993444681 8.000001668930054 -52.519999764859676 9.980000667273998 -3.169998377561569 -35.169999569654465 12.640000849962234 111 55 77 36 16 46 41 24 17 12 21 29 34 16 9 15 13 17 5 16 6 1 7 10 8 8 2 7 11 4 7 6 9 11 4 15 0 8 2658.069995805621 6441.089990511537 2206.4699961543083 600.570001527667 1744.3000010699034 4234.619994357228 2785.0399988144636 1449.5799955427647 389.4000029563904 745.2399956136942 1498.1999998688698 2829.1999966055155 2153.8599989414215 641.6599939018488 887.7899973541498 963.8799984306097 1449.5799955427647 416.4900026470423 600.570001527667 281.6200011372566 0.7500000149011612 515.9399967640638 933.6399987787008 245.77000115811825 631.1799998730421 55.98999984562397 844.4400022923946 553.6700026541948 415.7400026321411 555.840000167489 408.03999826312065 1309.4199966490269 685.3499993532896 202.43999800086021 463.61999447643757 0 354.8000003695488 963.2500010579824 7863.529989272356 9489.30998928845 7.00000187009573 -57.90999972447753 9.700000751763582 -4.829998128116131 -40.9599994905293 12.810000952333212
112 1 0 0 1 0 0 0 0 0 0 0 0 0 0 0 0 0 0 1 0 0 0 0 1 0 0 0 0 0 0 0 0 0 0 0 0 0 0.0 0 0 0.0 0 0 0 0 0 0 0 0 0 0 0 0 0 0 0.0 0 0 0 0 0.0 0 0 0 0 0 0 0 0 0 0 0 0 0 0.0 0.0 0.0 7.450580596923828e-9 -0.3999999985098839 0.0 0.0 0.0 0.0 112 12 9 8 7 8 1 0 1 0 7 2 5 0 0 1 3 1 1 7 0 0 1 0 3 0 0 0 1 1 1 2 0 0 1 7 0 4 223.92999874055386 186.31999798119068 185.5899979621172 36.64999981224537 104.42999696731567 0.7300000190734863 0 0.7300000190734863 0 101.06999695301056 48.44999933242798 224.08000062406063 0 0 45.089999318122864 125.64999906718731 0.7300000190734863 97.70000153779984 36.64999981224537 0 0 0.7300000190734863 0 21.800000235438347 0 0 0 3.3600000143051147 97.70000153779984 42.669999182224274 82.97999988496304 0 0 45.089999318122864 101.06999695301056 0 14.849999576807022 21.289999783039093 383.8999969661236 410.24999672174454 -0.9999998733401299 -8.399999968707561 -1.0000000298023224 -2.959999941289425 -4.469999939203262 0.4899999871850014 112 32 27 15 12 25 12 9 3 4 14 14 10 4 1 6 4 3 4 12 3 1 2 1 7 5 2 0 5 3 1 3 4 2 4 11 0 5 822.9400002509356 1454.339996010065 494.17999874055386 212.3600009381771 401.65999703109264 960.1599972695112 846.4699964523315 113.69000081717968 28.430000066757202 265.06999699771404 334.57999850809574 575.2200031876564 507.6799975782633 44.330000191926956 225.66999852657318 203.1699995994568 113.69000081717968 259.1100027859211 212.3600009381771 95.84000036120415 0.7500000149011612 55.31000027060509 58.38000054657459 147.02000032365322 338.78999887406826 55.98999984562397 0 52.17000012099743 258.36000277101994 42.669999182224274 160.5000004172325 507.6799975782633 23.230000525712967 202.43999800086021 169.2299966365099 0 65.34000061452389 196.21999886631966 2001.6699972301722 2306.459996342659 6.000000596046448 -25.829999897629023 6.54000011458993 -3.7199995554983616 -14.319999814033508 4.3300001583993435 112 46 61 30 16 39 31 21 10 8 18 25 24 13 4 11 11 10 4 16 5 1 4 6 8 8 2 6 11 3 6 5 7 7 4 13 0 8 1724.7200014442205 4631.199998617172 1626.3299990296364 600.570001527667 1194.3899995535612 3004.869999587536 2319.8500008434057 685.0199987441301 139.9400008916855 444.7899961620569 1154.5500016361475 1670.7700010538101 1688.6700009703636 166.13999885320663 544.1399991214275 727.38999953866 685.0199987441301 259.1100027859211 600.570001527667 154.32999938726425 0.7500000149011612 216.28999806940556 468.7300006747246 245.77000115811825 631.1799998730421 55.98999984562397 706.6700027436018 553.6700026541948 258.36000277101994 439.5400011688471 287.84999836981297 981.9999982267618 341.7000011205673 202.43999800086021 290.45999677479267 0 354.8000003695488 527.8900008648634 5568.919999271631 6496.610000967979 11.000001352280378 -46.59999980032444 12.440000470727682 -1.459998693317175 -30.479999631643295 13.310000661760569 112 52 71 34 16 42 37 23 14 9 20 27 31 15 7 13 13 14 5 16 5 1 5 9 8 8 2 7 11 4 7 6 8 9 4 15 0 8 2350.1699966341257 5681.149992957711 2044.1399958878756 600.570001527667 1420.7299987524748 3637.0099970698357 2554.030000731349 1082.9799963384867 193.12000238895416 617.9499938637018 1335.869999602437 2462.5999974012375 1922.8500008583069 461.0499964803457 725.459997087717 963.8799984306097 1082.9799963384867 416.4900026470423 600.570001527667 154.32999938726425 0.7500000149011612 287.48999811708927 795.4899982213974 245.77000115811825 631.1799998730421 55.98999984562397 844.4400022923946 553.6700026541948 415.7400026321411 555.840000167489 408.03999826312065 1078.4099985659122 523.0199990868568 202.43999800086021 463.61999447643757 0 354.8000003695488 693.8000008761883 7011.159990698099 8225.189991995692 9.000001665204763 -53.099999755620956 11.070000644773245 -2.839998349547386 -36.01999955251813 13.420000854879618 112 58 80 39 16 48 41 24 17 11 23 31 37 16 8 16 15 17 6 16 6 1 7 10 8 8 2 7 12 5 9 6 9 11 5 17 0 8 3102.6800006181 6692.709990680218 2458.0899963229895 600.570001527667 2125.5400030612946 4234.619994357228 2785.0399988144636 1449.5799955427647 297.2600026130676 1036.879994764924 1804.8200027495623 3026.8399976044893 2153.8599989414215 541.9899958521128 1012.6699970513582 1090.6199989020824 1449.5799955427647 487.3900031745434 600.570001527667 281.6200011372566 0.7500000149011612 515.9399967640638 933.6399987787008 245.77000115811825 631.1799998730421 55.98999984562397 844.4400022923946 735.4100058376789 486.6400031596422 682.5800006389618 408.03999826312065 1309.4199966490269 685.3499993532896 327.3199976980686 755.2599936276674 0 354.8000003695488 1013.1600027233362 8390.219991758466 10093.399993926287 7.000001892447472 -59.94999972358346 9.430000741034746 -6.229998130351305 -43.07999947667122 11.800000917166471
113 1 0 0 0 1 0 0 0 0 1 0 0 0 0 0 0 0 0 0 0 0 0 0 0 0 0 0 0 0 0 0 0 0 0 1 0 0 42.139998853206635 0 0 0 42.139998853206635 0 0 0 0 42.139998853206635 0 0 0 0 0 0 0 0 0 0 0 0 0 0 0 0 0 0 0 0 0 0 0 0 42.139998853206635 0 0 0.0 42.139998853206635 42.139998853206635 7.450580596923828e-9 -0.3999999985098839 0.0 0.0 0.0 0.0 113 9 6 4 2 8 2 1 1 1 6 3 3 0 0 2 1 1 1 2 1 0 1 0 1 1 0 0 1 1 1 0 0 0 2 5 0 1 217.77999806404114 269.0299978405237 202.60999824106693 50.490001037716866 126.74999667704105 66.41999959945679 65.6899995803833 0.7300000190734863 6.670000150799751 116.71999651193619 112.80999803543091 141.1000007390976 0 0 109.4499980211258 42.669999182224274 0.7300000190734863 97.70000153779984 50.490001037716866 22.169999539852142 0 0.7300000190734863 0 0.0 65.6899995803833 0 0 3.3600000143051147 97.70000153779984 42.669999182224274 0 0 0 109.4499980211258 94.54999697208405 0 50.490001037716866 23.039999455213547 457.5499969124794 493.4799960553646 1.341104507446289e-7 -6.4899999760091305 0.09000001475214958 -1.9299999885261059 -2.4599999599158764 0.25999996066093445 113 23 20 14 10 18 6 2 4 3 12 8 9 0 2 5 4 4 1 10 3 0 3 1 5 2 1 0 2 1 2 2 0 3 2 9 0 5 703.9599979370832 1098.7999953180552 693.3999973684549 319.83999963104725 420.25999788939953 405.3999979496002 197.08999919891357 208.30999875068665 24.040000155568123 236.39999654889107 403.40999934077263 552.5599994659424 0 93.4599990695715 243.5899981558323 246.5499991774559 208.30999875068665 97.70000153779984 319.83999963104725 95.84000036120415 0 142.99999868869781 65.31000006198883 116.57999959588051 197.08999919891357 0.0 0 159.82000118494034 97.70000153779984 163.56999929249287 82.97999988496304 0 134.1400001347065 109.4499980211258 140.55999618768692 0 203.26000003516674 128.48999869823456 1579.5899955928326 1826.7999934107065 -1.9999996051192284 -18.409999918192625 -1.3699999563395977 -2.44999972730875 -7.779999904334545 0.1700000911951065 113 39 38 19 13 32 19 13 6 6 17 15 16 8 3 6 7 6 3 13 4 0 3 3 7 5 2 3 7 3 3 4 5 4 2 13 0 6 1400.019997999072 2754.779992982745 981.4199952036142 357.8800001591444 967.899996638298 1773.359997779131 1353.7500001192093 419.60999765992165 109.13000084459782 425.3399950116873 734.8199986517429 1147.1399979293346 1014.960001245141 135.8699991106987 301.38999786973 469.16999749839306 419.60999765992165 258.36000277101994 357.8800001591444 130.79999965429306 0 142.99999868869781 276.60999897122383 147.02000032365322 338.78999887406826 55.98999984562397 295.86000233888626 377.44000093638897 258.36000277101994 249.27999910712242 219.88999839127064 719.0999989062548 191.9399998486042 109.4499980211258 294.5399953573942 0 210.85999983549118 341.3799999207258 3646.3499916493893 4263.929991826415 7.000000931322575 -33.349999856203794 8.080000299960375 -2.049999166280031 -21.519999753683805 7.730000399053097 113 50 59 28 16 40 31 20 11 8 19 24 25 13 6 10 10 11 5 16 5 1 4 7 8 7 2 6 11 4 5 5 7 6 4 14 0 8 2167.1299986094236 4684.06999604404 1633.8799968063831 600.570001527667 1279.1099986284971 3050.1899992376566 2206.8000018894672 843.3899973481894 139.9400008916855 529.5099952369928 1204.5199997872114 1944.0999991446733 1688.6700009703636 366.44999708235264 594.1099972724915 684.9699991643429 843.3899973481894 416.4900026470423 600.570001527667 154.32999938726425 0.7500000149011612 216.28999806940556 627.0999992787838 245.77000115811825 518.1300009191036 55.98999984562397 706.6700027436018 553.6700026541948 415.7400026321411 397.1200007945299 287.84999836981297 981.9999982267618 391.66999927163124 202.43999800086021 375.1799958497286 0 354.8000003695488 599.07000041008 5952.77999432385 6991.88999556005 9.000001434236765 -47.13999978452921 10.80000052973628 -3.829998604953289 -32.259999603033066 11.830000706017017 113 54 75 36 16 45 39 23 16 10 22 29 33 15 7 15 13 16 5 16 6 1 7 9 8 8 2 7 11 4 7 6 8 11 4 16 0 8 2627.939998522401 6206.529989615083 2206.4699961543083 600.570001527667 1749.4599993675947 4000.0599934607744 2688.629998475313 1311.4299949854612 244.08000111579895 895.719995751977 1498.1999998688698 2691.049996048212 2057.449998602271 461.0499964803457 887.7899973541498 963.8799984306097 1311.4299949854612 416.4900026470423 600.570001527667 281.6200011372566 0.7500000149011612 515.9399967640638 795.4899982213974 245.77000115811825 631.1799998730421 55.98999984562397 844.4400022923946 553.6700026541948 415.7400026321411 555.840000167489 408.03999826312065 1213.0099963098764 685.3499993532896 202.43999800086021 614.0999946147203 0 354.8000003695488 872.2800009995699 7589.209988698363 9079.299989268184 7.000001758337021 -55.98999974504113 9.160000685602427 -5.03999825194478 -39.33999952673912 12.270000886172056
114 1 0 0 0 1 0 0 0 0 0 1 0 0 0 0 0 0 0 0 0 0 0 0 0 0 0 0 1 0 0 0 0 0 0 0 0 0 3.3600000143051147 0 0 0 3.3600000143051147 0 0 0 0 0 3.3600000143051147 0 0 0 0 0 0 0 0 0 0 0 0 0 0 0 0 3.3600000143051147 0 0 0 0 0 0 0 0 0 0.18000000715255737 3.1800000071525574 3.3600000143051147 7.450580596923828e-9 -0.3999999985098839 0.0 -0.32999998331069946 -0.5099999904632568 0.18000000715255737 114 13 4 3 4 11 1 1 0 2 8 2 1 0 1 1 1 0 0 4 1 0 0 0 3 1 0 0 1 0 1 0 0 0 1 7 0 1 272.00999514758587 223.20999850332737 157.51999892294407 123.9400011152029 156.09999634325504 65.6899995803833 65.6899995803833 0 6.670000150799751 146.06999617815018 67.71999871730804 42.669999182224274 0 49.12999887764454 64.35999870300293 42.669999182224274 0 0 123.9400011152029 22.169999539852142 0 0 0 73.45000007748604 65.6899995803833 0 0 3.3600000143051147 0 42.669999182224274 0 0 0 64.35999870300293 123.89999663829803 0 50.490001037716866 46.43999907374382 427.649995431304 501.889993801713 1.0000001415610313 -7.649999964982271 1.3599999956786633 -0.5999999530613422 -2.4599999599158764 1.099999986588955 114 26 29 17 9 22 12 7 5 4 12 12 12 5 3 6 6 5 1 9 3 0 3 2 4 2 1 2 5 1 3 3 3 4 2 9 0 5 928.5499985963106 1926.8499975651503 776.5099980086088 181.9200002104044 677.799998998642 1150.3399995565414 883.6500002592802 266.68999929726124 99.4000006467104 247.1799975335598 632.6099986881018 774.170000359416 686.5600010603666 135.8699991106987 301.38999786973 409.77999952435493 266.68999929726124 97.70000153779984 181.9200002104044 95.84000036120415 0 142.99999868869781 123.69000060856342 116.57999959588051 197.08999919891357 0.0 255.89000192284584 331.2200008183718 97.70000153779984 249.27999910712242 160.5000004172325 430.6699991375208 191.9399998486042 109.4499980211258 151.33999717235565 0 65.34000061452389 234.56000052392483 2502.5199965387583 2954.7999968081713 2.0000006146728992 -23.569999892264605 2.900000162422657 -2.7699994817376137 -14.149999838322401 3.770000223070383 114 43 42 24 14 33 18 12 6 6 17 19 18 7 5 9 8 6 4 14 4 0 3 3 7 5 2 2 8 4 4 4 5 5 4 13 0 7 1704.7699961066246 3086.849992737174 1348.0099951326847 465.2800005078316 974.6999965310097 1738.8399976044893 1313.7799997031689 425.05999790132046 113.34000074863434 425.3399950116873 948.7999981194735 1357.7699981331825 974.9900008291006 280.64999736845493 512.7799973487854 516.969997599721 425.05999790132046 415.7400026321411 465.2800005078316 130.79999965429306 0 142.99999868869781 282.05999921262264 147.02000032365322 338.78999887406826 55.98999984562397 255.89000192284584 380.0300009250641 415.7400026321411 297.0799992084503 219.88999839127064 719.0999989062548 310.3399993479252 202.43999800086021 294.5399953573942 0 318.26000018417835 420.3999992609024 4159.149989649653 4904.959989592433 6.000000949949026 -36.28999983146787 7.4400002509355545 -5.529999140650034 -25.72999970242381 6.95000035315752 114 49 61 30 15 41 31 21 10 8 20 25 25 13 5 11 11 10 5 15 5 1 4 6 7 8 2 6 11 4 6 5 7 7 4 15 0 8 2133.0599981993437 4787.999994769692 1684.2399971485138 501.820000693202 1429.58999876678 3103.7599976211786 2319.8500008434057 783.9099967777729 139.9400008916855 679.9899953752756 1212.459999755025 1927.039998948574 1688.6700009703636 280.64999736845493 602.049997240305 727.38999953866 783.9099967777729 416.4900026470423 501.820000693202 154.32999938726425 0.7500000149011612 216.28999806940556 567.6199987083673 147.02000032365322 631.1799998730421 55.98999984562397 706.6700027436018 553.6700026541948 415.7400026321411 439.5400011688471 287.84999836981297 981.9999982267618 399.60999923944473 202.43999800086021 525.6599959880114 0 354.8000003695488 578.8300003558397 6040.70999224484 7061.749993875623 11.000001400709152 -47.66999978944659 12.6200004927814 -2.189998585730791 -33.23999959230423 13.830000709742308 114 58 76 38 17 46 38 23 15 9 23 31 34 15 7 16 14 15 6 17 6 1 6 9 8 8 2 8 12 5 8 6 7 11 5 17 1 8 3416.809997752309 6363.440000548959 2551.4099999815226 862.6500009745359 1992.2700010538101 3812.030000567436 2665.560004338622 1146.4699962288141 193.12000238895416 1007.7499929815531 1877.7300058454275 2906.2599976956844 2034.38000446558 461.0499964803457 1085.5800001472235 1111.0299994647503 1146.4699962288141 649.5100020170212 862.6500009745359 252.48999935388565 0.7500000149011612 350.9799980074167 795.4899982213974 245.77000115811825 631.1799998730421 55.98999984562397 1052.3800062388182 735.4100058376789 648.76000200212 702.9900012016296 408.03999826312065 981.9999982267618 758.2600024491549 327.3199976980686 755.2599936276674 262.0799994468689 354.8000003695488 947.9000052511692 8291.449996501207 9974.120000705123 9.000001763924956 -57.189999759197235 10.07000064663589 -2.649998238310218 -40.58999954536557 13.400000860914588
115 1 0 0 0 1 0 0 0 0 1 0 0 0 0 0 0 0 0 0 1 0 0 0 0 0 0 0 0 0 0 0 0 0 0 0 0 0 22.169999539852142 0 0 0 22.169999539852142 0 0 0 0 22.169999539852142 0 0 0 0 0 0 0 0 0 22.169999539852142 0 0 0 0 0 0 0 0 0 0 0 0 0 0 0 0 0 0.0 21.589999556541443 22.169999539852142 7.450580596923828e-9 -0.3999999985098839 0.0 0.0 0.0 -0.09000000357627869 115 7 6 2 2 6 4 2 2 1 4 2 2 1 1 1 0 2 0 2 1 0 1 1 1 1 0 1 1 0 0 0 0 1 0 3 0 1 175.09999699890614 487.5100000500679 161.4000006467104 104.7200008481741 78.40999846160412 326.1099994033575 173.11000092327595 152.99999848008156 6.670000150799751 68.37999829649925 114.26999962329865 152.99999848008156 107.42000134289265 49.12999887764454 110.90999960899353 0 152.99999848008156 0 104.7200008481741 22.169999539852142 0 87.68999841809273 65.31000006198883 54.22999981045723 65.6899995803833 0 107.42000134289265 3.3600000143051147 0 0 0 0 110.90999960899353 0 46.20999875664711 0 50.490001037716866 42.9999994635582 571.6899978667498 669.2799971997738 1.862645149230957e-7 -5.559999972581863 0.27000007778406143 -1.4999998584389687 -3.3999999575316906 0.12000006809830666 115 18 18 10 6 15 8 5 3 4 9 7 6 3 3 5 3 3 0 6 2 0 2 1 4 2 0 2 2 0 3 0 1 4 1 7 0 2 777.3099945783615 1453.1999974250793 621.6199982911348 172.0200004428625 552.1599980443716 831.5799991339445 677.8500006347895 153.72999849915504 99.4000006467104 292.93999621272087 476.71999952197075 403.00999760627747 480.7600014358759 207.9699975848198 316.8999983370304 249.27999910712242 153.72999849915504 0 172.0200004428625 90.11000046133995 0 88.41999843716621 65.31000006198883 116.57999959588051 197.08999919891357 0 255.89000192284584 159.82000118494034 0 249.27999910712242 0 224.86999951303005 252.53999963402748 64.35999870300293 202.82999575138092 0 55.440000846982 231.30000011622906 1886.8199921995401 2329.9099926501513 2.0000004284083843 -15.96999992057681 2.9000001177191734 -0.4199996441602707 -9.969999890774488 3.850000139325857 115 33 36 22 12 28 14 9 5 5 16 14 14 6 4 7 8 5 1 12 4 0 3 2 5 3 1 2 6 1 4 4 4 5 2 12 0 7 1263.0399948209524 2727.0099958479404 1307.259996637702 434.83999978005886 907.3299968987703 1419.7499992102385 1153.0599999129772 266.68999929726124 108.95000083744526 423.37999507784843 794.7899983525276 933.5999999195337 911.4300005733967 250.379997625947 419.789997369051 569.2099990844727 266.68999929726124 97.70000153779984 434.83999978005886 130.79999965429306 0 142.99999868869781 123.69000060856342 116.57999959588051 241.62999933958054 0.0 255.89000192284584 375.00000098347664 97.70000153779984 349.320000693202 219.88999839127064 655.5399986505508 310.3399993479252 109.4499980211258 292.5799954235554 0 318.26000018417835 312.1899994760752 3504.239991545677 4098.999991506338 4.000000726431608 -29.529999863356352 5.170000158250332 -1.2199993766844273 -17.8099998049438 6.090000249445438 115 46 49 25 14 36 24 15 9 6 19 20 22 8 5 9 9 9 4 14 5 0 4 5 7 7 2 3 9 4 5 4 5 5 4 14 0 7 1927.289996445179 3710.4799955040216 1448.0499967187643 465.2800005078316 1193.0099969655275 2262.4299987852573 1533.0900021642447 729.3399966210127 109.13000084459782 599.3499948829412 997.3099985867739 1762.0899984389544 1014.960001245141 280.64999736845493 512.7799973487854 617.0099991858006 729.3399966210127 415.7400026321411 465.2800005078316 154.32999938726425 0 216.28999806940556 513.0499985516071 147.02000032365322 518.1300009191036 55.98999984562397 295.86000233888626 428.5400013923645 415.7400026321411 397.1200007945299 219.88999839127064 719.0999989062548 310.3399993479252 202.43999800086021 445.019995495677 0 318.26000018417835 457.0799997448921 4920.6999919861555 5746.899992793798 6.000001158565283 -40.289999816566706 7.440000385046005 -6.579998917877674 -28.749999653548002 7.58000049367547 115 55 67 34 16 43 33 22 11 8 21 28 29 14 7 13 13 11 6 16 5 1 4 7 8 8 2 7 12 5 8 5 7 8 5 16 0 8 3000.0700012892485 5565.88000062108 2194.699998483062 600.570001527667 1752.490000963211 3371.1800021380186 2527.7900047898293 843.3899973481894 139.9400008916855 821.1499943882227 1641.2100042402744 2482.989998921752 1896.6100049167871 492.9899980574846 849.0599985420704 990.8399995714426 843.3899973481894 649.5100020170212 600.570001527667 154.32999938726425 0.7500000149011612 216.28999806940556 627.0999992787838 245.77000115811825 631.1799998730421 55.98999984562397 914.6100066900253 735.4100058376789 648.76000200212 702.9900012016296 287.84999836981297 981.9999982267618 521.7400008440018 327.3199976980686 666.8199950009584 0 354.8000003695488 814.5400028973818 7272.5699999034405 8706.640002816916 12.000001568347216 -51.899999778717756 12.980000548064709 -2.0799984112381935 -37.669999569654465 14.520000770688057
116 1 0 0 0 0 0 0 0 0 0 0 0 0 1 0 0 0 0 0 0 0 0 0 0 0 0 0 0 0 0 0 0 0 0 0 0 0 49.12999887764454 0 0 0 0 0 0 0 0 0 0 0 0 49.12999887764454 0 0 0 0 0 0 0 0 0 0 0 0 0 0 0 0 0 0 0 0 0 0 0 7.699999809265137 41.4299990683794 49.12999887764454 1.862645149230957e-8 -0.26999999210238457 0.18000000715255737 -0.41999998688697815 -0.5099999904632568 0.09000000357627869 116 5 5 2 2 5 3 1 2 2 2 2 2 1 1 1 0 2 0 2 1 0 1 1 1 0 0 1 1 0 0 0 0 1 0 1 0 1 132.3799981623888 421.8200004696846 161.4000006467104 104.7200008481741 111.05000011622906 260.4199998229742 107.42000134289265 152.99999848008156 82.03000064194202 25.65999945998192 114.26999962329865 152.99999848008156 107.42000134289265 49.12999887764454 110.90999960899353 0 152.99999848008156 0 104.7200008481741 22.169999539852142 0 87.68999841809273 65.31000006198883 54.22999981045723 0 0 107.42000134289265 3.3600000143051147 0 0 0 0 110.90999960899353 0 3.489999920129776 0 50.490001037716866 74.20999938249588 477.31999941170216 636.2299992740154 -0.9999998360872269 -4.849999975413084 -0.6399999298155308 -2.5299998484551907 -3.889999955892563 -0.8199999295175076 116 18 15 8 4 14 7 5 2 3 9 6 5 3 4 4 3 2 0 4 2 0 1 1 3 2 0 2 2 0 3 0 1 3 1 7 0 1 819.7199946194887 1424.2899970710278 593.4399979561567 167.07000063359737 552.1599980443716 830.849999114871 677.8500006347895 152.99999848008156 99.4000006467104 292.93999621272087 453.4899989962578 402.279997587204 480.7600014358759 250.379997625947 293.66999781131744 249.27999910712242 152.99999848008156 0 167.07000063359737 90.11000046133995 0 87.68999841809273 65.31000006198883 116.57999959588051 197.08999919891357 0 255.89000192284584 159.82000118494034 0 249.27999910712242 0 224.86999951303005 229.3099991083145 64.35999870300293 202.82999575138092 0 50.490001037716866 231.62000013887882 1892.4699916541576 2343.409992337227 3.0000004023313522 -14.149999920278788 3.990000117570162 0.5500003844499588 -9.499999891966581 4.260000165551901 116 27 30 16 7 22 14 8 6 5 12 12 14 5 4 7 6 6 2 7 3 0 3 3 4 3 1 2 4 2 3 3 3 5 2 9 0 3 1408.1999956518412 2396.879994481802 945.6799956858158 173.44000041484833 895.1099978685379 1451.1999987959862 1026.1400008946657 425.05999790132046 108.95000083744526 454.93999621272087 751.0099981874228 1149.1699967980385 784.5100015550852 250.379997625947 419.789997369051 469.029997497797 425.05999790132046 255.080001398921 173.44000041484833 95.84000036120415 0 142.99999868869781 282.05999921262264 116.57999959588051 241.62999933958054 0.0 255.89000192284584 331.2200008183718 255.080001398921 249.27999910712242 219.7499983906746 528.6199996322393 310.3399993479252 109.4499980211258 359.0999958515167 0 56.86000081896782 313.2300002127886 3320.839990720153 3914.0299909710884 2.000000726431608 -24.729999881237745 3.170000247657299 -3.0199993439018726 -16.35999981686473 3.9500003084540367 116 38 42 23 12 31 19 12 7 5 18 16 18 6 4 8 8 7 3 12 4 0 4 3 5 6 1 2 7 3 4 4 4 5 3 14 0 7 1808.3199940770864 3163.5399936139584 1364.1999965757132 434.83999978005886 1062.2099969238043 1799.3399970382452 1300.989999756217 498.3499972820282 108.95000083744526 575.81999514997 854.1699982434511 1555.6599971354008 911.4300005733967 250.379997625947 476.72999730706215 569.2099990844727 498.3499972820282 488.1000007688999 434.83999978005886 130.79999965429306 0 216.28999806940556 282.05999921262264 116.57999959588051 389.5599991828203 0.0 255.89000192284584 377.44000093638897 488.1000007688999 349.320000693202 219.88999839127064 655.5399986505508 310.3399993479252 166.38999795913696 445.019995495677 0 318.26000018417835 377.49999909102917 4309.559989482164 5080.80998852849 6.000000931322575 -33.61999986693263 6.1700002662837505 -2.6999991685152054 -22.57999975606799 6.510000336915255 116 52 57 29 14 40 28 19 9 7 20 25 25 12 7 11 11 9 6 14 5 1 4 5 7 7 2 6 11 5 6 5 6 6 5 15 0 7 2830.5500013530254 4912.08000074327 1910.1699990332127 465.2800005078316 1611.170000627637 3001.9100017100573 2272.5700050890446 729.3399966210127 113.5200007557869 740.5099938958883 1517.6800046414137 2210.219998821616 1754.440004169941 537.1199991554022 759.7899986505508 832.1200001984835 729.3399966210127 649.5100020170212 465.2800005078316 154.32999938726425 0.7500000149011612 216.28999806940556 513.0499985516071 147.02000032365322 518.1300009191036 55.98999984562397 862.6800064891577 701.1500061303377 648.76000200212 544.2700018286705 287.84999836981297 891.7599976807833 432.4700009524822 327.3199976980686 586.1799945086241 0 318.26000018417835 765.9500012099743 6523.800000861287 7856.900002866983 11.000001389533281 -46.209999799728394 11.890000473707914 -3.429998617619276 -35.39999959245324 12.42000062763691
117 0 1 0 0 0 1 0 1 0 0 0 1 0 0 0 0 1 0 0 0 0 0 1 0 0 0 0 0 0 0 0 0 0 0 0 0 0 0 65.31000006198883 0 0 0 65.31000006198883 0 65.31000006198883 0 0 0 65.31000006198883 0 0 0 0 65.31000006198883 0 0 0 0 0 65.31000006198883 0 0 0 0 0 0 0 0 0 0 0 0 0 0 1.7200000137090683 61.71000003814697 65.31000006198883 -0.999999962747097 -0.3999999985098839 -0.9999999701976776 -1.0699999630451202 -0.4699999988079071 -0.9999999701976776 117 4 4 2 2 3 2 1 1 1 2 1 1 1 1 1 0 1 0 2 1 0 0 1 1 0 0 1 0 0 0 0 0 1 0 1 0 1 210.24999730288982 341.6200019419193 168.89000053703785 104.7200008481741 182.24999910593033 172.73000140488148 107.42000134289265 65.31000006198883 75.36000049114227 106.88999861478806 118.39999949932098 65.31000006198883 107.42000134289265 49.12999887764454 118.39999949932098 0 65.31000006198883 0 104.7200008481741 22.169999539852142 0 0 65.31000006198883 54.22999981045723 0 0 107.42000134289265 0 0 0 0 0 118.39999949932098 0 84.71999907493591 0 50.490001037716866 92.71999897062778 470.2300001233816 627.2299997359514 1.0803341865539551e-7 -3.559999980032444 0.27000003680586815 -0.9799999073147774 -2.849999975413084 3.3527612686157227e-8 117 12 16 8 5 10 8 6 2 3 6 4 5 4 2 3 3 2 0 5 1 0 1 1 3 2 0 2 1 0 2 1 2 3 0 5 0 2 460.2399940788746 1453.9499980807304 550.7499978542328 172.0200004428625 279.41999773681164 903.2000002264977 750.2000017464161 152.99999848008156 99.4000006467104 176.65999707579613 232.66999912261963 418.99999637901783 639.9700020253658 163.63999739289284 229.3099991083145 265.9999978989363 152.99999848008156 0 172.0200004428625 22.169999539852142 0 87.68999841809273 65.31000006198883 116.57999959588051 110.22999972105026 0 255.89000192284584 3.3600000143051147 0 206.60999992489815 59.389997974038124 384.08000010252 229.3099991083145 0 154.48999753594398 0 55.440000846982 212.56000067293644 1611.8299915641546 2013.5899928063154 4.000000357627869 -12.409999940544367 4.630000118166208 0.24000037088990211 -8.989999901503325 4.110000178217888 117 27 31 18 10 23 13 8 5 5 11 13 12 4 4 6 6 5 1 10 3 0 2 3 4 4 1 2 6 1 4 2 2 5 1 8 0 6 1306.509996443987 2474.439996957779 1171.5899976342916 427.2399999797344 891.1200001984835 1302.8499993234873 932.3700016736984 370.47999764978886 108.95000083744526 304.4599960744381 852.4100013375282 1014.0899967104197 639.9700020253658 250.379997625947 374.6999980509281 486.2299991995096 370.47999764978886 157.37999986112118 427.2399999797344 95.84000036120415 0 88.41999843716621 282.05999921262264 116.57999959588051 292.3999996483326 0.0 255.89000192284584 477.7100032866001 157.37999986112118 349.320000693202 136.9099985063076 384.08000010252 310.3399993479252 64.35999870300293 208.61999571323395 0 310.6600003838539 320.75000052154064 3287.8799935132265 3889.899994239211 3.0000006556510925 -25.12999987974763 4.170000169426203 -0.6599994674324989 -14.829999845474958 5.090000215917826 117 45 51 28 13 35 23 15 8 5 20 21 21 9 6 11 10 8 3 13 5 0 4 4 6 6 1 5 9 3 6 4 4 7 4 15 0 7 2430.289999037981 4271.210005745292 1929.1199997961521 462.70000053942204 1499.5100004076958 2342.0900059491396 1765.6700076907873 576.4199982583523 108.95000083744526 740.5099938958883 1496.7500050663948 1828.6799992471933 1334.9400064200163 407.1899983435869 846.6999993920326 764.1600002199411 576.4199982583523 488.1000007688999 462.70000053942204 154.32999938726425 0 216.28999806940556 360.1300001889467 144.44000035524368 430.730001270771 0.0 679.4000077694654 650.0500056743622 488.1000007688999 544.2700018286705 219.88999839127064 655.5399986505508 555.4300017356873 291.26999765634537 586.1799945086241 0 318.26000018417835 654.2800022214651 5635.920004025102 6810.450005620718 8.00000113248825 -39.759999830275774 8.53000034019351 -1.8599989488720894 -28.669999700039625 9.970000442117453 117 55 59 33 15 42 26 17 9 8 21 28 26 10 8 14 12 9 6 15 6 1 4 5 7 7 2 5 11 5 7 5 5 9 5 15 1 7 3332.739999741316 4989.840004712343 2343.8700004965067 727.3599999547005 1780.870001271367 2645.9700042158365 1916.6300075948238 729.3399966210127 185.06000143289566 838.6699938625097 1835.0800071060658 2326.519997820258 1398.5000066757202 679.0699981302023 1077.190001115203 948.4199991971254 729.3399966210127 649.5100020170212 727.3599999547005 252.48999935388565 0.7500000149011612 216.28999806940556 513.0499985516071 147.02000032365322 518.1300009191036 55.98999984562397 679.4000077694654 701.1500061303377 648.76000200212 660.5700008273125 287.84999836981297 719.0999989062548 749.8700034171343 327.3199976980686 586.1799945086241 262.0799994468689 318.26000018417835 882.4000041931868 6953.45000295341 8508.390005901456 9.000001365318894 -48.569999784231186 10.160000400617719 -4.319998638704419 -37.1899995803833 11.54000056348741
118 0 0 0 0 1 0 0 0 1 0 0 0 0 0 0 0 0 0 0 0 0 0 0 0 0 0 0 0 0 0 0 0 0 0 0 0 0 0 0 0 0 75.36000049114227 0 0 0 75.36000049114227 0 0 0 0 0 0 0 0 0 0 0 0 0 0 0 0 0 0 0 0 0 0 0 0 0 0 0 0 31.209999918937683 14.039999961853027 75.36000049114227 1.1175870895385742e-8 -0.48999999836087227 0.09000000357627869 1.1175870895385742e-8 -0.48999999836087227 0.09000000357627869 118 2 3 2 1 2 1 0 1 1 1 1 1 0 1 1 0 1 0 1 0 0 0 1 0 0 0 0 0 0 0 0 0 1 0 1 0 1 133.84999795258045 234.20000059902668 168.89000053703785 50.490001037716866 160.0799995660782 65.31000006198883 0 65.31000006198883 75.36000049114227 84.71999907493591 118.39999949932098 65.31000006198883 0 49.12999887764454 118.39999949932098 0 65.31000006198883 0 50.490001037716866 0 0 0 65.31000006198883 0 0 0 0 0 0 0 0 0 118.39999949932098 0 84.71999907493591 0 50.490001037716866 71.73999923467636 319.11999924480915 443.4099990427494 -0.9999999366700649 -2.3599999845027924 -0.7299999855458736 -1.5499999448657036 -1.86999998614192 -1.0599999837577343 118 7 11 5 2 7 6 4 2 3 3 3 4 3 2 2 2 2 0 2 1 0 1 1 1 1 0 2 1 0 2 0 1 2 0 2 0 1 328.69999581575394 1185.8599995672703 486.4100000709295 104.7200008481741 210.22999925911427 699.4499994963408 546.4500010162592 152.99999848008156 99.4000006467104 107.46999859809875 232.66999912261963 359.6099984049797 480.7600014358759 163.63999739289284 229.3099991083145 206.60999992489815 152.99999848008156 0 104.7200008481741 22.169999539852142 0 87.68999841809273 65.31000006198883 54.22999981045723 65.6899995803833 0 255.89000192284584 3.3600000143051147 0 206.60999992489815 0 224.86999951303005 229.3099991083145 0 85.29999905824661 0 50.490001037716866 181.16000045835972 1256.339994624257 1613.9599960297346 2.0000002831220627 -8.409999955445528 2.6300001181662083 0.2800002880394459 -7.029999922960997 2.8600001335144043 118 19 19 11 6 15 8 6 2 4 8 8 7 4 3 5 4 2 1 6 2 0 1 1 4 2 1 2 2 1 3 1 2 4 1 6 0 2 932.7699942886829 1584.2099964916706 681.009996265173 172.0200004428625 561.7099982351065 903.2000002264977 750.2000017464161 152.99999848008156 108.95000083744526 292.93999621272087 476.71999952197075 619.0499954223633 639.9700020253658 206.04999743402004 316.8999983370304 308.66999708116055 152.99999848008156 157.37999986112118 172.0200004428625 90.11000046133995 0 87.68999841809273 65.31000006198883 116.57999959588051 110.22999972105026 0.0 255.89000192284584 159.82000118494034 157.37999986112118 249.27999910712242 59.389997974038124 384.08000010252 252.53999963402748 64.35999870300293 202.82999575138092 0 55.440000846982 270.24999991059303 2129.849991083145 2625.929991617799 4.0000004433095455 -16.76999991759658 4.900000117719173 0.400000412017107 -10.439999889582396 4.430000185966492 118 34 35 20 10 27 15 9 6 5 14 15 16 5 5 7 7 6 3 10 4 0 3 3 4 4 1 2 7 3 5 2 3 5 2 10 0 6 2068.8299982845783 2884.5099962204695 1363.829997986555 427.2399999797344 1196.1800001561642 1520.6799982339144 1076.9100012034178 443.7699970304966 108.95000083744526 530.4899951517582 976.5300015360117 1565.2499980330467 784.5100015550852 376.919998601079 419.789997369051 633.3800002336502 443.7699970304966 488.1000007688999 427.2399999797344 130.79999965429306 0 161.70999781787395 282.05999921262264 116.57999959588051 292.3999996483326 0.0 255.89000192284584 556.7400041669607 488.1000007688999 496.4700017273426 136.9099985063076 528.6199996322393 310.3399993479252 109.4499980211258 399.68999549746513 0 310.6600003838539 421.6800004988909 4246.14999511838 5062.289995342493 4.000000823289156 -29.08999987691641 4.350000236183405 -1.2299992889165878 -18.829999815672636 5.340000290423632 118 52 54 28 14 39 26 16 10 5 22 23 23 10 8 11 10 10 3 14 5 0 5 5 7 6 2 5 10 3 5 5 5 7 4 17 0 7 3083.470001012087 4935.250002503395 2049.3799985945225 465.2800005078316 1878.2300026267767 2885.8700039088726 2017.0900065153837 868.7799973934889 108.95000083744526 1014.7299958020449 1601.2500053793192 2241.2999971807003 1586.3600052446127 679.0699981302023 846.6999993920326 884.4199990183115 868.7799973934889 488.1000007688999 465.2800005078316 154.32999938726425 0 355.72999884188175 513.0499985516071 147.02000032365322 430.730001270771 55.98999984562397 687.080005005002 698.5600061416626 488.1000007688999 496.4700017273426 387.9499972909689 899.2800002396107 555.4300017356873 291.26999765634537 860.3999964147806 0 318.26000018417835 833.6700006574392 6660.53000433743 8127.670004352927 7.0000013038516045 -43.499999802559614 7.890000429004431 -1.9699987322092056 -32.54999965801835 10.140000563114882
119 0 1 1 0 0 0 0 0 0 0 1 0 0 0 1 0 0 0 0 0 0 0 0 0 0 0 0 0 0 0 0 0 1 0 0 0 0 0 118.39999949932098 118.39999949932098 0 0 0 0 0 0 0 118.39999949932098 0 0 0 118.39999949932098 0 0 0 0 0 0 0 0 0 0 0 0 0 0 0 0 0 118.39999949932098 0 0 0 0 20.28999936580658 81.90000009536743 118.39999949932098 -3.725290298461914e-9 -0.3999999985098839 -1.1175870895385742e-8 -0.07000000402331352 -0.4699999988079071 -1.1175870895385742e-8 119 2 2 1 0 2 1 0 1 1 1 1 1 0 1 1 0 1 0 0 0 0 0 1 0 0 0 0 0 0 0 0 0 1 0 1 0 0 199.2299975901842 183.70999956130981 118.39999949932098 0 160.0799995660782 65.31000006198883 0 65.31000006198883 75.36000049114227 84.71999907493591 118.39999949932098 65.31000006198883 0 114.5099985152483 118.39999949932098 0 65.31000006198883 0 0 0 0 0 65.31000006198883 0 0 0 0 0 0 0 0 0 118.39999949932098 0 84.71999907493591 0 0 74.2899996638298 321.1899971961975 458.2999976426363 -0.9999999292194843 -1.9599999859929085 -0.7299999706447124 -1.5799999237060547 -2.229999978095293 -0.7299999706447124 119 5 6 3 2 3 3 1 2 1 2 1 3 1 2 1 1 2 0 2 1 0 1 1 1 0 0 1 0 0 1 0 0 1 0 1 0 1 324.7599958181381 515.0200001746416 254.6000003516674 104.7200008481741 182.24999910593033 260.4199998229742 107.42000134289265 152.99999848008156 75.36000049114227 106.88999861478806 118.39999949932098 238.7099982947111 107.42000134289265 163.63999739289284 118.39999949932098 85.70999981462955 152.99999848008156 0 104.7200008481741 22.169999539852142 0 87.68999841809273 65.31000006198883 54.22999981045723 0 0 107.42000134289265 0 0 85.70999981462955 0 0 118.39999949932098 0 84.71999907493591 0 50.490001037716866 127.33999961614609 680.5299964547157 915.139996483922 -0.9999998286366463 -4.629999969154596 -0.5499999262392521 -3.1999998465180397 -4.589999955147505 -1.3699999414384365 119 15 16 8 4 11 8 5 3 3 6 5 8 4 3 3 3 3 2 4 1 0 1 2 2 1 0 2 2 2 2 1 2 3 0 5 0 2 1138.6299955397844 1567.7799965441227 550.7499978542328 152.8000001758337 544.220000192523 1017.0299986898899 705.6600016057491 311.3699970841408 99.4000006467104 284.99999836087227 389.13000029325485 967.7699942141771 639.9700020253658 206.04999743402004 229.3099991083145 265.9999978989363 311.3699970841408 390.3999992311001 152.8000001758337 22.169999539852142 0 87.68999841809273 223.67999866604805 97.3599993288517 65.6899995803833 0 255.89000192284584 159.82000118494034 390.3999992311001 206.60999992489815 59.389997974038124 384.08000010252 229.3099991083145 0 262.8299988210201 0 55.440000846982 281.5900001972914 2229.6299928724766 2805.8099927306175 3.0000004544854164 -13.169999949634075 2.8100001737475395 -0.7199994511902332 -12.269999872893095 3.7400002628564835 119 32 31 18 8 25 13 9 4 5 13 14 13 6 6 7 7 4 2 8 3 0 1 3 4 3 1 4 6 2 5 2 2 5 2 10 0 4 2251.9399961978197 2939.790000811219 1297.2199991494417 280.8400007635355 1347.0599987953901 1642.5700016617775 1272.8200040310621 369.74999763071537 108.95000083744526 725.149993956089 1012.5400017499924 1393.5299970954657 1031.1900046914816 506.84999941289425 499.5799977481365 633.3800002336502 369.74999763071537 390.3999992311001 280.8400007635355 95.84000036120415 0 87.68999841809273 282.05999921262264 116.57999959588051 241.62999933958054 0.0 647.1100045889616 512.9600040018559 390.3999992311001 496.4700017273426 136.9099985063076 384.08000010252 310.3399993479252 189.23999840021133 629.3099935948849 0 164.260001167655 528.9300018250942 4322.259996086359 5300.679997846484 6.000000763684511 -26.559999879449606 6.53000021725893 1.0700007490813732 -18.539999816566706 6.640000320971012 119 49 54 30 11 38 24 14 10 5 24 22 23 9 9 13 10 10 3 11 7 0 5 5 4 5 1 4 8 3 5 5 5 9 4 17 0 7 3175.4599952995777 5100.630004137754 2282.8999978750944 434.83999978005886 1882.289997190237 2817.73000626266 1967.3600062131882 850.3700000494719 108.95000083744526 1214.1599922329187 1639.4000027924776 2222.8899998366833 1546.3900048285723 797.4399985820055 1080.2199986726046 884.4199990183115 850.3700000494719 488.1000007688999 434.83999978005886 353.7599958181381 0 355.72999884188175 494.6400012075901 116.57999959588051 420.9700013846159 0.0 647.1100045889616 559.180004119873 488.1000007688999 496.4700017273426 387.9499972909689 899.2800002396107 788.9500010162592 291.26999765634537 860.3999964147806 0 318.26000018417835 889.3099989145994 6796.210003376007 8385.040000274777 5.000001236796379 -42.16999980062246 6.070000380277634 -3.6099988035857677 -32.249999675899744 8.020000502467155
120 1 0 0 0 1 0 0 0 0 1 0 0 0 0 0 0 0 0 0 0 0 0 0 0 0 0 0 0 0 0 0 0 0 0 1 0 0 84.71999907493591 0 0 0 84.71999907493591 0 0 0 0 84.71999907493591 0 0 0 0 0 0 0 0 0 0 0 0 0 0 0 0 0 0 0 0 0 0 0 0 84.71999907493591 0 0 10.610000133514404 71.78999900817871 84.71999907493591 7.450580596923828e-9 -0.3999999985098839 0.0 0.09000000357627869 0.0 0.0 120 2 4 2 0 2 2 1 1 1 1 1 2 1 1 1 1 1 0 0 0 0 0 1 0 0 0 1 0 0 1 0 0 1 0 1 0 0 199.2299975901842 376.840000718832 204.10999931395054 0 160.0799995660782 172.73000140488148 107.42000134289265 65.31000006198883 75.36000049114227 84.71999907493591 118.39999949932098 151.01999987661839 107.42000134289265 114.5099985152483 118.39999949932098 85.70999981462955 65.31000006198883 0 0 0 0 0 65.31000006198883 0 0 0 107.42000134289265 0 0 85.70999981462955 0 0 118.39999949932098 0 84.71999907493591 0 0 95.95000012218952 469.9299978762865 651.4299988001585 1.0803341865539551e-7 -2.7599999830126762 0.27000005170702934 -2.1499998942017555 -3.679999966174364 -0.3399999625980854 120 8 7 3 2 4 4 2 2 1 3 1 4 2 3 1 1 2 1 2 1 0 1 1 1 0 0 2 0 1 1 0 0 1 0 2 0 1 548.1099954247475 663.4900007545948 254.6000003516674 104.7200008481741 205.8099988102913 408.8900004029274 255.89000192284584 152.99999848008156 75.36000049114227 130.44999831914902 118.39999949932098 396.0899981558323 255.89000192284584 206.04999743402004 118.39999949932098 85.70999981462955 152.99999848008156 157.37999986112118 104.7200008481741 22.169999539852142 0 87.68999841809273 65.31000006198883 54.22999981045723 0 0 255.89000192284584 0 157.37999986112118 85.70999981462955 0 0 118.39999949932098 0 108.27999877929688 0 50.490001037716866 167.06999982893467 979.9199960231781 1286.9599966704845 2.4959444999694824e-7 -6.0999999567866325 0.6300001181662083 -1.9299997091293335 -6.589999925345182 0.920000147074461 120 22 24 13 5 17 11 7 4 4 9 10 11 5 4 6 5 4 2 5 2 0 1 3 3 2 0 3 4 2 3 2 2 4 2 7 0 2 1727.5299967229366 2350.350000858307 1022.4599975347519 172.0200004428625 1069.5700009167194 1327.890003323555 958.1400056928396 369.74999763071537 99.4000006467104 536.2399971485138 910.2800003439188 1250.8199963271618 847.9100059717894 250.379997625947 476.34999722242355 490.66999946534634 369.74999763071537 390.3999992311001 172.0200004428625 90.11000046133995 0 87.68999841809273 282.05999921262264 116.57999959588051 110.22999972105026 0 463.83000586926937 433.93000312149525 390.3999992311001 353.76000095903873 136.9099985063076 384.08000010252 287.1099988222122 189.23999840021133 446.12999668717384 0 55.440000846982 450.9300027489662 3329.849996447563 4177.279998227954 4.000000610947609 -19.529999919235706 4.080000206828117 -1.3699993267655373 -16.57999984547496 4.330000307410955 120 33 41 24 10 27 17 11 6 5 14 19 15 7 5 11 7 6 2 10 3 0 2 4 4 4 1 3 7 2 5 2 4 8 3 11 0 6 2063.4499973356724 3581.1600058227777 1720.840003028512 289.32000055909157 1288.500000745058 1860.3200027942657 1411.7700041681528 448.54999862611294 108.95000083744526 622.8099957406521 1471.4600059986115 1472.3299980908632 1119.3700045198202 376.919998601079 914.7200018316507 633.3800002336502 448.54999862611294 390.3999992311001 289.32000055909157 95.84000036120415 0 88.41999843716621 360.1300001889467 116.57999959588051 292.3999996483326 0.0 463.83000586926937 556.7400041669607 390.3999992311001 496.4700017273426 136.9099985063076 655.5399986505508 668.5400034934282 246.1799983382225 526.9699953794479 0 172.74000096321106 561.9300022125244 4698.290002599359 5753.560003995895 6.000000834465027 -31.089999869465828 6.350000210106373 -0.8999992422759533 -22.159999798983335 7.310000292956829 120 51 56 30 14 39 26 17 9 6 22 24 22 10 8 13 10 9 3 14 6 0 5 4 6 7 2 6 9 3 6 4 4 8 5 16 1 7 3253.2399967759848 4830.490006685257 2078.2800015956163 724.7799999862909 1860.039999589324 2752.2100050896406 2036.3500060588121 715.8599990308285 180.49000151455402 973.5099925547838 1701.900006711483 1968.1200000196695 1518.2200051397085 679.0699981302023 995.8600011914968 764.1600002199411 715.8599990308285 488.1000007688999 724.7799999862909 252.48999935388565 0 355.72999884188175 360.1300001889467 144.44000035524368 518.1300009191036 55.98999984562397 862.6800064891577 650.0500056743622 488.1000007688999 544.2700018286705 219.88999839127064 655.5399986505508 668.5400034934282 327.3199976980686 721.0199932008982 262.0799994468689 318.26000018417835 886.8400035202503 6706.250002145767 8264.220004975796 9.000001272186637 -44.38999979943037 9.98000038228929 -2.149998774752021 -34.01999964565039 11.340000504627824
121 1 0 0 0 0 0 0 0 0 0 0 0 0 1 0 0 0 0 0 0 0 0 0 0 0 0 0 0 0 0 0 0 0 0 0 0 0 114.5099985152483 0 0 0 0 0 0 0 0 0 0 0 0 114.5099985152483 0 0 0 0 0 0 0 0 0 0 0 0 0 0 0 0 0 0 0 0 0 0 0 10.460000231862068 91.74999809265137 114.5099985152483 1.862645149230957e-8 -0.26999999210238457 0.18000000715255737 -0.5299999713897705 -0.7999999821186066 0.18000000715255737 121 2 3 2 0 1 1 1 0 0 1 1 1 1 1 1 1 0 0 0 0 0 0 0 0 0 0 1 0 0 1 0 0 1 0 1 0 0 199.2299975901842 311.5300006568432 204.10999931395054 0 84.71999907493591 107.42000134289265 107.42000134289265 0 0 84.71999907493591 118.39999949932098 85.70999981462955 107.42000134289265 114.5099985152483 118.39999949932098 85.70999981462955 0 0 0 0 0 0 0 0 0 0 107.42000134289265 0 0 85.70999981462955 0 0 118.39999949932098 0 84.71999907493591 0 0 63.02000018954277 394.1799978762865 510.7599982470274 1.0000000596046448 -1.86999998614192 1.1800000183284283 -1.0799999423325062 -2.7199999690055847 0.5700000040233135 121 10 8 3 2 5 5 2 3 1 4 1 6 2 3 1 1 3 2 2 1 0 1 2 1 0 0 2 0 2 1 0 0 1 0 3 0 1 931.6099949330091 821.859999358654 254.6000003516674 104.7200008481741 356.28999894857407 567.2599990069866 255.89000192284584 311.3699970841408 75.36000049114227 280.9299984574318 118.39999949932098 787.4799961298704 255.89000192284584 206.04999743402004 118.39999949932098 85.70999981462955 311.3699970841408 390.3999992311001 104.7200008481741 22.169999539852142 0 87.68999841809273 223.67999866604805 54.22999981045723 0 0 255.89000192284584 0 390.3999992311001 85.70999981462955 0 0 118.39999949932098 0 258.75999891757965 0 50.490001037716866 213.6300000846386 1388.5099950432777 1828.8299947828054 3.3155083656311035e-7 -6.98999997228384 -0.36999983713030815 -3.02999959141016 -8.84999991580844 0.19000020250678062 121 21 17 8 4 15 9 5 4 3 8 9 8 4 4 5 2 4 2 4 2 0 1 3 3 1 0 2 4 2 1 1 2 3 2 6 0 1 1582.6799955666065 1667.5299973487854 690.0699986070395 167.07000063359737 907.349999755621 977.459998741746 607.7100011110306 369.74999763071537 82.03000064194202 494.09999829530716 807.5699980407953 923.3799972087145 542.0200015306473 250.379997625947 476.34999722242355 163.23000034689903 369.74999763071537 390.3999992311001 167.07000063359737 90.11000046133995 0 87.68999841809273 282.05999921262264 116.57999959588051 65.6899995803833 0 255.89000192284584 331.2200008183718 390.3999992311001 85.70999981462955 77.52000053226948 286.12999960780144 287.1099988222122 189.23999840021133 403.9899978339672 0 50.490001037716866 348.4900009781122 2653.8299942463636 3332.239993557334 2.0000005327165127 -15.839999932795763 1.990000195801258 -3.669999409466982 -14.749999850988388 2.200000260025263 121 33 37 20 10 25 17 11 6 4 14 16 14 8 5 9 6 6 2 10 3 0 3 3 4 3 0 4 7 2 4 2 4 6 3 11 1 5 2325.5299967825413 3443.070000618696 1473.7300001382828 550.5200000107288 1278.9500005543232 1969.3400004804134 1544.280002579093 425.05999790132046 99.4000006467104 622.8099957406521 1325.2700046896935 1348.7999957799911 1302.6500032395124 376.919998601079 768.5300005227327 533.3399986475706 425.05999790132046 390.3999992311001 550.5200000107288 95.84000036120415 0 142.99999868869781 282.05999921262264 116.57999959588051 241.62999933958054 0 647.1100045889616 556.7400041669607 390.3999992311001 396.430000141263 136.9099985063076 655.5399986505508 522.3500021845102 246.1799983382225 526.9699953794479 262.0799994468689 171.86000096797943 571.5100029706955 4792.719995692372 5867.999998047948 6.000000828877091 -28.99999987706542 6.260000241920352 -0.8499991837888956 -22.16999978199601 6.9700003284960985 121 51 55 31 13 38 24 15 9 5 23 24 22 10 9 14 10 9 3 13 6 0 4 5 5 5 2 5 8 3 6 4 5 9 5 17 1 7 3455.569992721081 5074.96000944078 2196.0900031626225 699.4999991953373 1897.7399951964617 2878.8700062781572 2101.790005609393 777.0800006687641 108.95000083744526 1173.6199903935194 1728.840006724 2029.3400016576052 1721.990006312728 797.4399985820055 1113.670002758503 764.1600002199411 777.0800006687641 488.1000007688999 699.4999991953373 321.9099983870983 0 282.439999461174 494.6400012075901 119.15999956429005 379.7999992966652 55.98999984562397 822.7100060731173 559.180004119873 488.1000007688999 544.2700018286705 219.88999839127064 899.2800002396107 786.3500050604343 327.3199976980686 851.7099920064211 262.0799994468689 318.26000018417835 940.4000023305416 6990.590002417564 8639.480002999306 7.000001223757863 -43.369999796152115 8.070000344887376 -3.339998794719577 -34.24999964609742 9.670000476762652
122 0 1 1 0 0 0 0 0 0 0 0 1 0 0 0 1 0 0 0 0 0 0 0 0 0 0 0 0 0 1 0 0 0 0 0 0 0 0 85.70999981462955 85.70999981462955 0 0 0 0 0 0 0 0 85.70999981462955 0 0 0 85.70999981462955 0 0 0 0 0 0 0 0 0 0 0 0 0 85.70999981462955 0 0 0 0 0 0 0 19.630000412464142 48.4199995547533 85.70999981462955 7.450580596923828e-9 -0.3999999985098839 0.0 -0.6200000047683716 -0.4699999988079071 -0.550000011920929 122 6 4 1 1 2 3 2 1 0 2 0 3 2 2 0 1 1 1 1 0 0 0 1 1 0 0 2 0 1 1 0 0 0 0 2 0 0 476.8099970072508 499.9700003415346 85.70999981462955 54.22999981045723 108.27999877929688 414.26000052690506 255.89000192284584 158.36999860405922 0 108.27999877929688 0 401.45999827980995 255.89000192284584 156.9199985563755 0 85.70999981462955 158.36999860405922 157.37999986112118 54.22999981045723 0 0 0 158.36999860405922 54.22999981045723 0 0 255.89000192284584 0 157.37999986112118 85.70999981462955 0 0 0 0 108.27999877929688 0 0 109.67000114917755 776.4999961853027 976.7799973487854 1.000000186264515 -3.73999997228384 1.360000103712082 -0.6199997439980507 -5.229999929666519 2.2500001415610313 122 16 11 5 4 10 6 2 4 3 5 4 8 2 4 2 2 4 2 4 1 0 1 3 3 0 0 2 2 2 1 1 0 2 0 4 0 1 1137.509993597865 1015.5600001513958 389.9200005978346 167.07000063359737 462.17999778687954 625.6399995535612 255.89000192284584 369.74999763071537 82.03000064194202 284.41999837756157 271.92999798059464 923.3799972087145 255.89000192284584 250.379997625947 176.1999992132187 163.23000034689903 369.74999763071537 390.3999992311001 167.07000063359737 22.169999539852142 0 87.68999841809273 282.05999921262264 116.57999959588051 0 0 255.89000192284584 95.72999876737595 390.3999992311001 85.70999981462955 77.52000053226948 0 176.1999992132187 0 262.2499988377094 0 50.490001037716866 222.00000013411045 1764.8399951457977 2235.099994391203 -0.9999995492398739 -11.43999994918704 -1.009999804198742 -5.959999494254589 -11.809999883174896 -0.6299997568130493 122 29 24 13 7 23 11 7 4 4 14 11 10 5 4 6 4 4 2 7 3 0 1 3 4 2 0 2 5 2 2 2 3 4 2 11 0 3 1755.1699931770563 2051.8999934345484 798.4999955445528 173.44000041484833 1097.2099973708391 1253.3999978899956 883.6500002592802 369.74999763071537 99.4000006467104 622.8099957406521 851.3499982059002 1025.4399943649769 686.5600010603666 250.379997625947 476.34999722242355 265.28999750316143 369.74999763071537 390.3999992311001 173.44000041484833 95.84000036120415 0 87.68999841809273 282.05999921262264 116.57999959588051 197.08999919891357 0 255.89000192284584 375.00000098347664 390.3999992311001 128.37999899685383 136.9099985063076 430.6699991375208 287.1099988222122 189.23999840021133 526.9699953794479 0 56.86000081896782 371.24000076949596 3181.2799881249666 3906.469987258315 4.000000640749931 -22.329999908804893 4.080000184476376 -3.509999368339777 -17.199999827891588 3.5200002565979958 122 39 42 25 11 32 17 11 6 5 17 21 17 8 4 11 8 6 3 11 5 0 3 3 4 3 2 4 8 3 4 4 4 7 4 12 1 6 2477.5399968624115 3587.57000310719 1625.9099998623133 551.4000000059605 1469.3500002622604 1961.6600032448769 1536.6000053435564 425.05999790132046 108.95000083744526 745.2299954593182 1452.0200043320656 1529.479997202754 1294.9700060039759 250.379997625947 836.8500003665686 616.3199985325336 425.05999790132046 488.1000007688999 551.4000000059605 217.53000006079674 0 142.99999868869781 282.05999921262264 116.57999959588051 241.62999933958054 55.98999984562397 639.430007353425 559.180004119873 488.1000007688999 396.430000141263 219.88999839127064 655.5399986505508 545.5800027102232 291.26999765634537 527.6999953985214 262.0799994468689 172.74000096321106 612.7800047546625 5048.549997210503 6174.060000807047 6.000000884756446 -34.019999865442514 6.170000212267041 -3.6899991650134325 -25.86999974772334 6.810000302270055 122 54 60 31 15 40 29 20 9 6 21 28 24 13 7 14 10 9 6 15 6 1 4 5 7 7 2 7 11 5 6 4 6 9 5 15 1 7 3200.4599989652634 5278.310005366802 2189.5800010561943 727.3599999547005 1709.1500005871058 3088.730004310608 2377.8000050336123 710.9299992769957 113.34000074863434 838.6699938625097 1865.0500066429377 2123.850001499057 1859.6700041145086 546.7899973541498 1107.1600006520748 764.1600002199411 710.9299992769957 649.5100020170212 727.3599999547005 252.48999935388565 0.7500000149011612 216.28999806940556 494.6400012075901 147.02000032365322 518.1300009191036 55.98999984562397 967.9100064337254 701.1500061303377 648.76000200212 544.2700018286705 219.88999839127064 891.7599976807833 779.8400029540062 327.3199976980686 586.1799945086241 262.0799994468689 318.26000018417835 852.250003606081 7074.440000846982 8592.860005095601 12.000001391395926 -47.71999979391694 12.800000445917249 -2.289998596534133 -37.74999958649278 13.60000061057508
123 0 1 0 0 0 1 1 0 0 0 0 0 1 0 0 0 0 0 0 0 0 0 0 0 0 0 1 0 0 0 0 0 0 0 0 0 0 0 107.42000134289265 0 0 0 107.42000134289265 107.42000134289265 0 0 0 0 0 107.42000134289265 0 0 0 0 0 0 0 0 0 0 0 0 0 107.42000134289265 0 0 0 0 0 0 0 0 0 0 2.0300000458955765 100.3200011253357 107.42000134289265 1.0000000298023224 -0.3999999985098839 1.0000000223517418 0.050000034272670746 -0.9799999892711639 0.940000019967556 123 5 4 2 2 2 2 1 1 0 2 0 2 1 2 0 1 1 0 2 1 0 0 1 1 0 0 1 0 0 1 0 0 0 0 1 0 1 324.7599958181381 308.9300022572279 136.20000085234642 104.7200008481741 106.88999861478806 172.73000140488148 107.42000134289265 65.31000006198883 0 106.88999861478806 0 151.01999987661839 107.42000134289265 163.63999739289284 0 85.70999981462955 65.31000006198883 0 104.7200008481741 22.169999539852142 0 0 65.31000006198883 54.22999981045723 0 0 107.42000134289265 0 0 85.70999981462955 0 0 0 0 84.71999907493591 0 50.490001037716866 71.31000033020973 514.4599977135658 633.689998075366 1.2665987014770508e-7 -3.3399999737739563 0.36000005155801773 -2.059999890625477 -3.1599999591708183 -0.4599999636411667 123 13 17 7 5 9 10 6 4 3 5 3 8 4 3 2 3 4 1 5 1 0 1 3 3 2 0 2 1 1 1 2 2 2 0 4 0 2 617.8899951279163 1627.3199976533651 507.3699982762337 172.0200004428625 237.279998883605 1119.9499993771315 750.2000017464161 369.74999763071537 99.4000006467104 134.5199982225895 232.66999912261963 749.7499958127737 639.9700020253658 206.04999743402004 229.3099991083145 222.61999832093716 369.74999763071537 157.37999986112118 172.0200004428625 22.169999539852142 0 87.68999841809273 282.05999921262264 116.57999959588051 110.22999972105026 0 255.89000192284584 3.3600000143051147 157.37999986112118 85.70999981462955 136.9099985063076 384.08000010252 229.3099991083145 0 112.34999868273735 0 55.440000846982 230.6600005030632 1903.1799925416708 2344.609993427992 2.0000004693865776 -13.079999931156635 2.8100002110004425 -2.8299994952976704 -11.059999871999025 2.5300002694129944 123 32 35 18 8 26 17 11 6 5 13 15 15 7 5 7 7 6 2 8 3 0 2 4 4 4 1 3 7 2 5 2 4 5 2 10 0 4 2036.7399968206882 3256.4400030225515 1396.1200002282858 280.8400007635355 1261.790000230074 1860.3200027942657 1411.7700041681528 448.54999862611294 108.95000083744526 596.099995225668 1155.2200029939413 1472.3299980908632 1119.3700045198202 376.919998601079 598.4799988269806 633.3800002336502 448.54999862611294 390.3999992311001 280.8400007635355 95.84000036120415 0 88.41999843716621 360.1300001889467 116.57999959588051 292.3999996483326 0.0 463.83000586926937 556.7400041669607 390.3999992311001 496.4700017273426 136.9099985063076 655.5399986505508 409.24000042676926 189.23999840021133 500.2599948644638 0 164.260001167655 506.16000251471996 4449.969999134541 5402.130000680685 6.000000860542059 -28.28999987989664 6.350000288337469 0.33000078424811363 -19.339999806135893 6.920000344514847 123 46 52 29 12 36 23 15 8 5 20 23 21 9 7 12 10 8 3 12 5 0 4 4 5 6 2 5 9 3 6 4 4 8 4 15 0 7 2691.4299985319376 4384.320007503033 2042.230001553893 462.70000053942204 1618.7000009268522 2342.0900059491396 1765.6700076907873 576.4199982583523 108.95000083744526 803.7099945694208 1665.8500066697598 1828.6799992471933 1334.9400064200163 549.139997318387 959.8100011497736 764.1600002199411 576.4199982583523 488.1000007688999 462.70000053942204 217.53000006079674 0 216.28999806940556 360.1300001889467 144.44000035524368 430.730001270771 55.98999984562397 679.4000077694654 650.0500056743622 488.1000007688999 544.2700018286705 219.88999839127064 655.5399986505508 668.5400034934282 291.26999765634537 586.1799945086241 0 318.26000018417835 727.8000026196241 5896.840005174279 7184.7000068724155 8.000001147389412 -40.42999982088804 8.710000336170197 -2.4399989135563374 -30.409999679774046 10.240000441670418 123 54 64 33 15 42 31 21 10 8 21 29 26 13 7 15 11 10 6 15 6 1 4 6 7 8 2 7 11 5 7 4 6 10 5 15 1 7 3202.8099989295006 5677.470001369715 2336.400001898408 727.3599999547005 1780.870001271367 3341.069999471307 2490.8500039875507 850.2199954837561 185.06000143289566 838.6699938625097 1895.5700084865093 2379.439996704459 1859.6700041145086 549.139997318387 1137.6800024956465 880.4599992185831 850.2199954837561 649.5100020170212 727.3599999547005 252.48999935388565 0.7500000149011612 216.28999806940556 633.9299974143505 147.02000032365322 631.1799998730421 55.98999984562397 967.9100064337254 701.1500061303377 648.76000200212 660.5700008273125 219.88999839127064 891.7599976807833 810.3600047975779 327.3199976980686 586.1799945086241 262.0799994468689 318.26000018417835 900.6900025755167 7457.679999873042 9066.090001747012 12.000001473352313 -50.29999978467822 12.980000482872128 -1.1699984911829233 -38.31999956816435 14.530000677332282
124 1 0 0 1 0 0 0 0 0 0 0 0 0 0 0 0 0 0 1 0 0 0 0 1 0 0 0 0 0 0 0 0 0 0 0 0 0 54.22999981045723 0 0 54.22999981045723 0 0 0 0 0 0 0 0 0 0 0 0 0 0 54.22999981045723 0 0 0 0 54.22999981045723 0 0 0 0 0 0 0 0 0 0 0 0 0 18.949999690055847 29.200000196695328 54.22999981045723 7.450580596923828e-9 -0.3999999985098839 0.0 0.5200000032782555 0.0 0.21000000089406967 124 10 6 2 4 6 4 2 2 1 4 1 3 2 2 0 1 2 0 4 1 0 1 1 3 0 0 2 1 0 1 0 0 0 0 3 0 1 261.27999767661095 545.0900012552738 136.20000085234642 167.07000063359737 59.829999312758446 408.8900004029274 255.89000192284584 152.99999848008156 6.670000150799751 49.79999914765358 3.3600000143051147 238.7099982947111 255.89000192284584 91.53999891877174 0 85.70999981462955 152.99999848008156 0 167.07000063359737 22.169999539852142 0 87.68999841809273 65.31000006198883 116.57999959588051 0 0 255.89000192284584 3.3600000143051147 0 85.70999981462955 0 0 0 0 27.629999607801437 0 50.490001037716866 87.33000072836876 649.9999985992908 813.0399990826845 2.421438694000244e-7 -6.629999961704016 0.4500001072883606 -3.209999728947878 -6.339999925345182 0.59000014513731 124 25 23 12 7 20 11 7 4 4 11 10 9 4 4 5 4 4 1 7 3 0 1 3 4 3 0 2 5 1 2 2 2 4 1 8 0 3 1160.0199939757586 1844.6399948596954 673.6199958473444 173.44000041484833 735.0799975395203 1171.019999012351 801.2700013816357 369.74999763071537 99.4000006467104 304.4599960744381 682.6899983435869 792.419994994998 559.6400020420551 250.379997625947 351.46999752521515 265.28999750316143 369.74999763071537 157.37999986112118 173.44000041484833 95.84000036120415 0 87.68999841809273 282.05999921262264 116.57999959588051 241.62999933958054 0 255.89000192284584 331.2200008183718 157.37999986112118 128.37999899685383 136.9099985063076 303.7500001192093 287.1099988222122 64.35999870300293 208.61999571323395 0 56.86000081896782 265.51000013947487 2597.669989839196 3104.0599894821644 3.000000584870577 -20.639999896287918 4.080000180751085 -1.8399994783103466 -12.509999860078096 3.190000243484974 124 33 37 21 10 28 16 10 6 5 15 16 15 6 4 8 7 6 2 10 3 0 3 3 4 4 1 2 7 2 3 4 4 5 3 12 0 6 1483.8199962377548 2747.529993891716 1118.6399957686663 289.32000055909157 970.7299984544516 1628.8899981230497 1203.8300002217293 425.05999790132046 108.95000083744526 484.33999668061733 854.1699982434511 1149.3099967986345 911.4300005733967 250.379997625947 476.72999730706215 469.16999749839306 425.05999790132046 255.080001398921 289.32000055909157 95.84000036120415 0 142.99999868869781 282.05999921262264 116.57999959588051 292.3999996483326 0.0 255.89000192284584 377.44000093638897 255.080001398921 249.27999910712242 219.88999839127064 655.5399986505508 310.3399993479252 166.38999795913696 388.4999963194132 0 172.74000096321106 325.54000037908554 3711.6399904489517 4340.299990966916 4.000000789761543 -29.929999861866236 5.170000214129686 -4.59999930113554 -20.78999976441264 5.910000283271074 124 50 53 28 14 39 25 17 8 6 20 25 23 10 5 11 10 8 6 14 5 1 4 4 7 7 2 5 11 5 6 4 5 6 5 15 0 7 2574.079999566078 4335.260004907846 1842.2099990546703 465.2800005078316 1610.9900006204844 2493.050005853176 1916.6300075948238 576.4199982583523 113.34000074863434 740.5099938958883 1517.6800046414137 1989.3400004804134 1398.5000066757202 280.64999736845493 759.7899986505508 764.1600002199411 576.4199982583523 649.5100020170212 465.2800005078316 154.32999938726425 0.7500000149011612 216.28999806940556 360.1300001889467 147.02000032365322 518.1300009191036 55.98999984562397 679.4000077694654 701.1500061303377 648.76000200212 544.2700018286705 219.88999839127064 719.0999989062548 432.4700009524822 327.3199976980686 586.1799945086241 0 318.26000018417835 669.920002758503 5836.600002199411 7023.43000523746 10.00000124424696 -43.57999982312322 10.440000388771296 -3.099998813122511 -32.37999964877963 10.890000514686108 124 55 69 36 16 44 33 22 11 8 22 30 29 14 6 15 13 11 6 16 6 1 4 7 7 8 2 7 12 5 8 5 7 10 5 16 1 8 3175.760000154376 5805.790002465248 2368.3000016212463 763.9000001400709 1850.6500009298325 3437.4900008440018 2527.7900047898293 909.6999960541725 139.9400008916855 919.3099943548441 1814.810007378459 2549.299997627735 1896.6100049167871 407.1899983435869 1022.6600016802549 990.8399995714426 909.6999960541725 649.5100020170212 763.9000001400709 252.48999935388565 0.7500000149011612 216.28999806940556 693.409997984767 147.02000032365322 631.1799998730421 55.98999984562397 914.6100066900253 735.4100058376789 648.76000200212 702.9900012016296 287.84999836981297 981.9999982267618 695.3400039821863 327.3199976980686 666.8199950009584 262.0799994468689 354.8000003695488 858.6200049072504 7580.389999061823 9122.24000352621 12.000001536682248 -52.82999978214502 12.800000505521894 -2.1699984278529882 -39.119999557733536 14.460000725463033
125 0 1 1 1 0 0 0 0 0 0 0 0 0 0 0 0 0 0 1 0 0 0 0 0 0 0 0 0 0 0 0 0 0 0 0 0 1 0 50.490001037716866 50.490001037716866 50.490001037716866 0 0 0 0 0 0 0 0 0 0 0 0 0 0 50.490001037716866 0 0 0 0 0 0 0 0 0 0 0 0 0 0 0 0 0 50.490001037716866 0.20999999344348907 48.250001072883606 50.490001037716866 -7.450580596923828e-9 -0.3999999985098839 -1.4901161193847656e-8 -0.08000000566244125 0.07000000029802322 -0.24000000953674316 125 7 7 4 4 6 3 2 1 2 3 2 2 1 1 1 1 1 0 4 1 0 0 1 2 1 0 1 1 0 1 0 0 1 0 2 0 2 214.73999659717083 414.7600019425154 176.3400009572506 152.8000001758337 160.97999888658524 238.42000098526478 173.11000092327595 65.31000006198883 92.73000049591064 64.88999837636948 3.3600000143051147 186.21000017225742 107.42000134289265 49.12999887764454 0.0 120.90000011026859 65.31000006198883 0 152.8000001758337 22.169999539852142 0 0 65.31000006198883 97.3599993288517 65.6899995803833 0 107.42000134289265 3.3600000143051147 0 120.90000011026859 0 0 0.0 0 42.719998836517334 0 55.440000846982 80.57999935746193 569.1199990361929 722.2299990355968 1.0000001601874828 -6.4499999694526196 1.3600000366568565 0.18000013381242752 -2.8399999663233757 1.0600000619888306 125 18 23 15 9 17 8 5 3 5 8 9 8 3 2 5 5 3 0 9 1 0 2 1 4 2 1 1 3 0 3 2 2 4 1 7 0 5 665.0399934649467 1661.8099956512451 906.3499959856272 319.83999963104725 493.76999731361866 755.4599996656179 601.7300011664629 153.72999849915504 108.95000083744526 224.99999529123306 476.71999952197075 539.9199961125851 491.50000144541264 163.63999739289284 316.8999983370304 386.18999761343 153.72999849915504 0 319.83999963104725 22.169999539852142 0 88.41999843716621 65.31000006198883 116.57999959588051 110.22999972105026 0.0 107.42000134289265 159.82000118494034 0 249.27999910712242 136.9099985063076 384.08000010252 252.53999963402748 64.35999870300293 202.82999575138092 0 203.26000003516674 227.4199990928173 2009.0299910902977 2435.799989953637 2.000000413507223 -18.589999917894602 2.8100000619888306 -2.7099997214972973 -10.439999889582396 2.1200000643730164 125 37 43 23 12 31 20 13 7 5 18 16 16 7 5 8 8 7 1 12 5 0 4 3 5 6 1 3 7 1 4 4 4 5 3 13 0 7 1321.2399941831827 3164.3799984902143 1364.1999965757132 434.83999978005886 935.2599965184927 1800.1800019145012 1382.1300022602081 418.04999965429306 108.95000083744526 448.86999474465847 854.1699982434511 1084.9600002765656 951.4000009894371 280.64999736845493 476.72999730706215 569.2099990844727 418.04999965429306 97.70000153779984 434.83999978005886 154.32999938726425 0 216.28999806940556 201.7600015848875 116.57999959588051 430.730001270771 0.0 295.86000233888626 377.44000093638897 97.70000153779984 349.320000693202 219.88999839127064 655.5399986505508 310.3399993479252 166.38999795913696 294.5399953573942 0 318.26000018417835 328.9699992239475 3967.1099935919046 4594.569993510842 6.000000920146704 -33.799999840557575 7.350000265985727 -2.1899992302060127 -21.2999997548759 7.850000325590372 125 49 53 28 14 40 25 16 9 7 20 25 23 9 5 11 10 9 5 14 5 1 4 5 7 7 2 4 11 4 5 5 5 6 5 15 0 7 2341.0600001960993 4160.249996587634 1722.219996318221 465.2800005078316 1611.170000627637 2438.030000269413 1708.6900036484003 729.3399966210127 113.5200007557869 740.5099938958883 1476.8800029605627 1830.0499984174967 1190.5600027292967 280.64999736845493 718.9899969696999 684.9699991643429 729.3399966210127 416.4900026470423 465.2800005078316 154.32999938726425 0.7500000149011612 216.28999806940556 513.0499985516071 147.02000032365322 518.1300009191036 55.98999984562397 471.4600038230419 701.1500061303377 415.7400026321411 397.1200007945299 287.84999836981297 719.0999989062548 391.66999927163124 327.3199976980686 586.1799945086241 0 318.26000018417835 604.700001552701 5581.119995072484 6615.579997554421 7.000001225620508 -43.97999980300665 8.530000384896994 -6.299998786300421 -32.70999960228801 9.730000540614128 125 59 74 38 17 45 36 23 13 8 23 32 31 15 8 17 13 13 6 17 6 1 5 8 8 8 2 8 12 5 8 5 7 12 5 17 1 8 3590.699998304248 6247.500001311302 2554.18000087142 862.6500009745359 1939.0899995565414 3693.3200004398823 2665.560004338622 1027.7599961012602 139.9400008916855 1007.7499929815531 2000.6900066286325 2667.359997674823 2034.38000446558 634.9399970322847 1208.5400009304285 990.8399995714426 1027.7599961012602 649.5100020170212 862.6500009745359 252.48999935388565 0.7500000149011612 279.779997959733 747.9799981415272 245.77000115811825 631.1799998730421 55.98999984562397 1052.3800062388182 735.4100058376789 648.76000200212 702.9900012016296 287.84999836981297 981.9999982267618 881.2200032323599 327.3199976980686 755.2599936276674 262.0799994468689 354.8000003695488 968.1700030267239 8274.499999448657 9978.890000522137 11.00000168569386 -56.16999975591898 12.160000579431653 -2.009998304769397 -40.38999953866005 14.550000796094537
126 1 0 0 0 1 0 0 0 0 1 0 0 0 0 0 0 0 0 0 0 0 0 0 0 0 0 0 0 0 0 0 0 0 0 1 0 0 0.5799999833106995 0 0 0 0.5799999833106995 0 0 0 0 0.5799999833106995 0 0 0 0 0 0 0 0 0 0 0 0 0 0 0 0 0 0 0 0 0 0 0 0 0.5799999833106995 0 0 0.0 0.5799999833106995 0.5799999833106995 7.450580596923828e-9 -0.3999999985098839 0.0 0.09000000357627869 0.0 0.09000000357627869 126 8 9 7 8 5 2 1 1 1 3 3 2 0 0 2 1 1 0 8 1 0 1 0 4 1 0 0 1 0 1 0 0 2 0 2 0 4 184.8299979865551 190.06000012159348 123.64000052213669 174.32000041007996 85.61999839544296 66.41999959945679 65.6899995803833 0.7300000190734863 17.37000000476837 64.88999837636948 26.59000054001808 43.39999920129776 0 0 23.230000525712967 42.669999182224274 0.7300000190734863 0 174.32000041007996 22.169999539852142 0 0.7300000190734863 0 116.57999959588051 65.6899995803833 0 0 3.3600000143051147 0 42.669999182224274 0 0 23.230000525712967 0 42.719998836517334 0 57.74000081419945 30.889999613165855 335.44999884068966 392.25999811291695 9.685754776000977e-8 -7.289999973028898 0.0899999625980854 -0.5100000016391277 -1.86999998614192 0.5999999642372131 126 25 26 17 12 23 9 6 3 5 13 9 10 3 1 4 6 3 1 12 2 0 1 2 5 3 1 1 4 1 2 4 2 2 2 11 0 7 553.2299947440624 1570.3099980950356 834.3999964147806 434.83999978005886 398.7699955701828 735.9100016802549 611.490001052618 124.42000062763691 108.95000083744526 240.23999460041523 182.25999867916107 605.5799998492002 491.50000144541264 49.12999887764454 132.67999854683876 383.4599976837635 124.42000062763691 97.70000153779984 434.83999978005886 57.129998832941055 0 0.7300000190734863 123.69000060856342 116.57999959588051 119.98999960720539 0.0 107.42000134289265 49.58000013232231 97.70000153779984 163.56999929249287 219.88999839127064 384.08000010252 23.230000525712967 109.4499980211258 183.10999576747417 0 318.26000018417835 177.06999841332436 1929.9099947959185 2232.4899936765432 3.0000004805624485 -22.71999990940094 3.6300000585615635 -3.0199997015297413 -11.719999860972166 3.4500000700354576 126 45 50 26 14 36 24 16 8 6 18 22 21 9 5 9 10 8 4 14 5 1 4 4 7 7 2 4 10 3 5 5 5 5 4 13 0 7 1710.2999980002642 3795.6699983626604 1516.0099966973066 465.2800005078316 1133.399998381734 2279.660001665354 1708.6900036484003 570.9699980169535 109.13000084459782 448.86999474465847 1088.9300001561642 1514.2999999523163 1190.5600027292967 280.64999736845493 512.7799973487854 684.9699991643429 570.9699980169535 259.1100027859211 465.2800005078316 154.32999938726425 0.7500000149011612 216.28999806940556 354.6799999475479 147.02000032365322 518.1300009191036 55.98999984562397 471.4600038230419 519.4100029468536 258.36000277101994 397.1200007945299 287.84999836981297 719.0999989062548 310.3399993479252 202.43999800086021 294.5399953573942 0 318.26000018417835 463.98000022768974 4806.499995604157 5615.849997222424 8.000001143664122 -40.68999981507659 9.440000362694263 -4.76999893784523 -28.319999646395445 9.580000471323729 126 52 66 33 16 42 33 21 12 8 20 28 28 13 6 13 12 12 5 16 5 1 4 8 8 8 2 6 12 4 7 5 7 9 4 15 0 8 2437.3100004196167 5208.069993048906 1923.9499959945679 600.570001527667 1549.2900004386902 3284.1199970543385 2319.8500008434057 964.2699962109327 139.9400008916855 617.9499938637018 1517.610002785921 2223.699997380376 1688.6700009703636 366.44999708235264 725.459997087717 843.689998537302 964.2699962109327 416.4900026470423 600.570001527667 154.32999938726425 0.7500000149011612 216.28999806940556 747.9799981415272 245.77000115811825 631.1799998730421 55.98999984562397 706.6700027436018 735.4100058376789 415.7400026321411 555.840000167489 287.84999836981297 981.9999982267618 523.0199990868568 202.43999800086021 463.61999447643757 0 354.8000003695488 667.0200004279613 6625.609993368387 7786.06999437511 9.00000150874257 -50.739999771118164 10.800000537186861 -3.5799984969198704 -34.25999957323074 12.21000074967742 126 60 77 38 17 49 39 24 15 11 24 31 34 16 8 16 14 15 6 17 7 1 6 9 8 8 2 8 12 5 8 6 8 11 5 17 1 8 3670.640000477433 6426.4399990439415 2517.999998137355 862.6500009745359 2223.700003027916 3908.4400009065866 2761.9700046777725 1146.4699962288141 297.2600026130676 1135.0399947315454 1844.3200040012598 2906.2599976956844 2130.7900048047304 587.5899974554777 1052.1699983030558 1111.0299994647503 1146.4699962288141 649.5100020170212 862.6500009745359 379.780001103878 0.7500000149011612 350.9799980074167 795.4899982213974 245.77000115811825 631.1799998730421 55.98999984562397 1052.3800062388182 735.4100058376789 648.76000200212 702.9900012016296 408.03999826312065 1078.4099985659122 724.8500006049871 327.3199976980686 755.2599936276674 262.0799994468689 354.8000003695488 1061.7300067842007 8547.779997512698 10395.090002149343 10.000001834705472 -59.23999974504113 11.430000675842166 -1.3799981605261564 -42.36999952420592 14.850000893697143
127 0 1 0 0 0 1 1 0 0 0 0 0 0 0 0 0 0 0 0 0 0 0 0 0 1 0 0 0 0 0 0 0 0 0 0 0 0 0 65.6899995803833 0 0 0 65.6899995803833 65.6899995803833 0 0 0 0 0 0 0 0 0 0 0 0 0 0 0 0 0 65.6899995803833 0 0 0 0 0 0 0 0 0 0 0 0 0.0 65.6899995803833 65.6899995803833 1.0000000186264515 -0.3999999985098839 1.000000011175871 0.9399999976158142 0.0 0.9399999976158142 127 4 8 6 2 5 2 1 1 1 3 3 3 0 0 2 2 1 0 2 1 0 1 0 0 1 0 0 1 0 2 0 0 2 0 2 0 2 68.24999839067459 308.6600002646446 242.24000066518784 55.440000846982 85.61999839544296 66.41999959945679 65.6899995803833 0.7300000190734863 17.37000000476837 64.88999837636948 26.59000054001808 164.29999931156635 0 0 23.230000525712967 163.56999929249287 0.7300000190734863 0 55.440000846982 22.169999539852142 0 0.7300000190734863 0 0 65.6899995803833 0 0 3.3600000143051147 0 163.56999929249287 0 0 23.230000525712967 0 42.719998836517334 0 55.440000846982 19.139999896287918 348.78999879956245 394.2799986600876 8.940696716308594e-8 -5.289999980479479 0.08999999240040779 0.3399999998509884 -0.8599999882280827 0.5299999713897705 127 19 22 14 9 17 8 5 3 4 10 8 8 3 1 5 4 3 1 9 2 0 2 1 4 2 1 1 2 1 2 2 2 3 2 8 0 5 654.9899958819151 1425.409995123744 669.9499954581261 319.83999963104725 500.52999670803547 755.4599996656179 601.7300011664629 153.72999849915504 108.95000083744526 231.75999468564987 403.40999934077263 474.5299973040819 491.50000144541264 49.12999887764454 243.5899981558323 223.09999726712704 153.72999849915504 97.70000153779984 319.83999963104725 57.129998832941055 0 88.41999843716621 65.31000006198883 116.57999959588051 110.22999972105026 0.0 107.42000134289265 159.82000118494034 97.70000153779984 163.56999929249287 59.52999797463417 384.08000010252 134.1400001347065 109.4499980211258 174.62999585270882 0 203.26000003516674 181.2599982470274 1846.3799936175346 2189.3499918431044 2.0000004023313522 -18.22999992594123 2.5400000624358654 -0.8399997055530548 -9.639999907463789 3.1500001065433025 127 38 44 23 13 32 21 14 7 6 17 16 18 8 4 7 9 7 2 13 4 0 4 3 6 6 1 3 8 2 4 5 5 5 2 13 0 7 1390.1399945914745 3313.8099961727858 1375.2199966162443 437.4199997484684 960.4199972599745 1938.5899995565414 1445.690002515912 492.8999970406294 109.13000084459782 425.3399950116873 845.7399987727404 1299.3799970895052 1014.960001245141 250.379997625947 419.789997369051 637.169999063015 492.8999970406294 169.31000098586082 437.4199997484684 130.79999965429306 0 216.28999806940556 276.60999897122383 119.15999956429005 430.730001270771 0.0 295.86000233888626 425.9500014036894 169.31000098586082 349.320000693202 287.84999836981297 719.0999989062548 310.3399993479252 109.4499980211258 294.5399953573942 0 318.26000018417835 350.329999551177 4157.179991513491 4813.079991608858 7.0000009797513485 -35.219999842345715 8.260000307112932 -2.28999911993742 -22.86999971792102 8.300000388175249 127 48 57 28 15 40 29 18 11 8 20 23 24 11 6 10 10 11 4 15 5 1 5 6 7 7 2 5 10 3 5 5 6 6 4 15 0 8 1965.1799968332052 4505.309995859861 1633.8799968063831 501.820000693202 1333.289997547865 2871.4299990534782 2019.1200019717216 852.3099970817566 139.9400008916855 617.9499938637018 1170.2600000798702 1795.6399990171194 1500.990001052618 366.44999708235264 594.1099972724915 684.9699991643429 852.3099970817566 259.1100027859211 501.820000693202 154.32999938726425 0.7500000149011612 279.779997959733 572.5299991220236 147.02000032365322 518.1300009191036 55.98999984562397 609.2300033718348 519.4100029468536 258.36000277101994 397.1200007945299 287.84999836981297 891.7599976807833 391.66999927163124 202.43999800086021 463.61999447643757 0 354.8000003695488 612.2900002300739 5575.349992707372 6611.179993599653 7.000001352280378 -45.539999790489674 8.800000477582216 -6.52999871224165 -32.76999959349632 10.530000604689121 127 54 69 33 16 45 36 22 14 9 22 28 30 14 6 13 12 14 5 16 6 1 6 8 8 8 2 7 12 4 7 5 7 9 4 16 0 8 2715.080002307892 5497.309993982315 1940.7299974411726 600.570001527667 1882.0200024843216 3556.5799965411425 2457.6200003921986 1098.959996148944 194.90000104904175 895.719995751977 1534.3900042325258 2358.389997318387 1826.4400005191565 366.44999708235264 742.2399985343218 843.689998537302 1098.959996148944 416.4900026470423 600.570001527667 281.6200011372566 0.7500000149011612 350.9799980074167 747.9799981415272 245.77000115811825 631.1799998730421 55.98999984562397 844.4400022923946 735.4100058376789 415.7400026321411 555.840000167489 287.84999836981297 981.9999982267618 539.8000005334616 202.43999800086021 614.0999946147203 0 354.8000003695488 765.5300019234419 7074.789995923638 8408.03999735415 8.000001639127731 -53.229999762028456 9.890000622719526 -3.669998377561569 -37.1399995572865 12.910000819712877
128 0 1 1 0 0 0 0 0 0 0 0 1 0 0 0 1 0 0 0 0 0 0 0 0 0 0 0 0 0 1 0 0 0 0 0 0 0 0 42.669999182224274 42.669999182224274 0 0 0 0 0 0 0 0 42.669999182224274 0 0 0 42.669999182224274 0 0 0 0 0 0 0 0 0 0 0 0 0 42.669999182224274 0 0 0 0 0 0 0 0.0 42.669999182224274 42.669999182224274 7.450580596923828e-9 -0.3999999985098839 0.0 -0.39000001549720764 0.0 -0.39000001549720764 128 5 9 7 4 3 2 1 1 0 2 4 3 0 0 3 1 1 1 4 0 0 1 0 1 1 0 0 1 1 1 0 0 2 1 2 0 3 143.78000038862228 328.75999765098095 262.33999805152416 151.34999902546406 46.07999885082245 66.41999959945679 65.6899995803833 0.7300000190734863 0 42.719998836517334 71.67999985814095 141.1000007390976 0 0 68.31999984383583 42.669999182224274 0.7300000190734863 97.70000153779984 151.34999902546406 0 0 0.7300000190734863 0 0.0 65.6899995803833 0 0 3.3600000143051147 97.70000153779984 42.669999182224274 0 0 23.230000525712967 45.089999318122864 42.719998836517334 0 151.34999902546406 24.7299994379282 445.48999866843224 472.53999803960323 7.82310962677002e-8 -5.599999979138374 -2.60770320892334e-8 -1.5199999958276749 -2.939999967813492 1.1099999696016312 128 21 19 15 10 17 4 3 1 3 11 8 7 1 1 5 5 1 1 10 2 0 1 0 5 2 1 0 2 1 2 3 1 3 2 9 0 5 637.9499961584806 1053.839994341135 752.7899953424931 319.83999963104725 408.12999649345875 301.04999899864197 300.3199989795685 0.7300000190734863 33.590000346302986 214.71999496221542 403.40999934077263 404.36999870836735 224.86999951303005 49.12999887764454 243.5899981558323 305.939997151494 0.7300000190734863 97.70000153779984 319.83999963104725 57.129998832941055 0 0.7300000190734863 0 116.57999959588051 75.44999946653843 0.0 0 159.82000118494034 97.70000153779984 163.56999929249287 142.36999785900116 224.86999951303005 134.1400001347065 109.4499980211258 157.58999612927437 0 203.26000003516674 125.03999774158001 1491.6099933087826 1725.3799908459187 2.000000286847353 -17.339999929070473 2.449999962002039 0.23000016435980797 -8.249999903142452 3.6799999959766865 128 40 44 23 15 33 21 14 7 6 17 16 19 7 3 6 9 7 3 15 4 0 4 3 7 7 2 2 8 3 4 5 5 3 3 13 0 8 1398.0600007921457 3149.12999625504 1271.6099976301193 501.820000693202 922.5499997586012 1877.5199986249208 1384.6200015842915 492.8999970406294 109.13000084459782 421.25999642908573 671.8000006824732 1388.4299988746643 866.4900006651878 179.2599987834692 279.63999819755554 637.169999063015 492.8999970406294 258.36000277101994 501.820000693202 130.79999965429306 0 216.28999806940556 276.60999897122383 147.02000032365322 518.1300009191036 55.98999984562397 147.39000175893307 336.17000263929367 258.36000277101994 349.320000693202 287.84999836981297 719.0999989062548 134.1400001347065 145.49999806284904 290.45999677479267 0 354.8000003695488 381.08000011742115 4004.979996815324 4656.319997891784 7.0000009797513485 -36.14999984577298 8.080000296235085 -3.0499991551041603 -22.61999971792102 7.650000367313623 128 50 65 31 16 41 34 22 12 8 20 25 27 14 6 11 12 12 4 16 5 1 6 6 8 8 2 7 11 3 7 5 7 7 4 15 0 8 2098.1899973750114 5077.869995221496 1800.5399961471558 600.570001527667 1367.549997255206 3277.32999907434 2457.6200003921986 819.7099986821413 139.9400008916855 617.9499938637018 1212.459999755025 1921.7599999904633 1826.4400005191565 366.44999708235264 602.049997240305 843.689998537302 819.7099986821413 259.1100027859211 600.570001527667 154.32999938726425 0.7500000149011612 350.9799980074167 468.7300006747246 245.77000115811825 631.1799998730421 55.98999984562397 844.4400022923946 553.6700026541948 258.36000277101994 555.840000167489 287.84999836981297 981.9999982267618 399.60999923944473 202.43999800086021 463.61999447643757 0 354.8000003695488 621.8499997854233 6242.119992867112 7316.749993503094 10.000001516193151 -49.53999977558851 11.800000566989183 -1.7799985446035862 -33.23999959230423 14.190000738948584 128 53 74 36 16 45 38 22 16 11 21 29 33 14 7 15 13 16 5 16 6 1 7 9 8 8 2 7 11 4 7 6 7 11 4 15 0 8 2477.459998384118 5975.519991531968 2206.4699961543083 600.570001527667 1652.1600007265806 3769.04999537766 2457.6200003921986 1311.4299949854612 297.2600026130676 745.2399956136942 1498.1999998688698 2691.049996048212 1826.4400005191565 461.0499964803457 887.7899973541498 963.8799984306097 1311.4299949854612 416.4900026470423 600.570001527667 281.6200011372566 0.7500000149011612 515.9399967640638 795.4899982213974 245.77000115811825 631.1799998730421 55.98999984562397 844.4400022923946 553.6700026541948 415.7400026321411 555.840000167489 408.03999826312065 981.9999982267618 685.3499993532896 202.43999800086021 463.61999447643757 0 354.8000003695488 858.970002412796 7275.949991077185 8750.989992544055 6.000001739710569 -55.67999974638224 8.250000674277544 -5.039998292922974 -37.93999954685569 11.270000871270895
129 0 1 0 0 0 1 0 1 0 0 0 1 0 0 0 0 1 0 0 0 0 1 0 0 0 0 0 0 0 0 0 0 0 0 0 0 0 0 0.7300000190734863 0 0 0 0.7300000190734863 0 0.7300000190734863 0 0 0 0.7300000190734863 0 0 0 0 0.7300000190734863 0 0 0 0 0.7300000190734863 0 0 0 0 0 0 0 0 0 0 0 0 0 0 0 0.7300000190734863 0.0 0.7300000190734863 -0.999999962747097 -0.3999999985098839 -0.9999999701976776 -0.5099999904632568 -0.5099999904632568 0.0 129 6 11 8 5 3 3 2 1 0 3 3 4 0 0 3 2 1 1 5 0 0 1 0 2 2 0 0 0 1 1 1 0 2 1 3 0 3 156.34999990463257 194.55999828875065 118.37999880313873 7.249999776482582 58.64999836683273 76.17999948561192 75.44999946653843 0.7300000190734863 0 58.64999836683273 68.31999984383583 141.24000073969364 0 0 68.31999984383583 42.80999918282032 0.7300000190734863 97.70000153779984 7.249999776482582 0 0 0.7300000190734863 0 0.0 75.44999946653843 0 0 0 97.70000153779984 42.669999182224274 0.14000000059604645 0 23.230000525712967 45.089999318122864 58.64999836683273 0 7.249999776482582 18.299999475479126 329.2799986600876 350.9099981933832 1.000000111758709 -6.799999974668026 0.9999999850988388 -0.6399999931454659 -2.939999967813492 1.5899999663233757 129 26 23 15 12 21 8 6 2 3 12 9 10 2 0 3 6 2 2 12 2 0 1 1 6 4 1 1 5 2 2 4 1 2 1 10 0 6 535.6799968183041 1081.019995778799 653.0799968093634 303.6500003486872 300.67999552190304 427.9399989694357 274.2900005877018 153.6499983817339 27.100000202655792 216.67999489605427 125.22000026702881 696.8599964976311 103.53000067174435 0 68.31999984383583 373.89999713003635 153.6499983817339 169.31000098586082 303.6500003486872 57.129998832941055 0 0.7300000190734863 152.9199983626604 92.79000051319599 170.75999991595745 0.0 39.97000041604042 56.90000042319298 169.31000098586082 163.56999929249287 210.3299978375435 63.560000255703926 23.230000525712967 45.089999318122864 159.5499960631132 0 210.85999983549118 106.36999993026257 1462.889992788434 1643.799992799759 4.0000004433095455 -21.069999922066927 4.27000005543232 -1.1299996934831142 -10.269999865442514 4.3400001004338264 129 44 60 29 15 37 31 21 10 7 19 22 24 13 4 10 11 10 4 15 5 1 4 6 7 8 2 6 9 3 6 5 7 6 4 14 0 8 1586.3999992758036 4569.089998528361 1599.119998499751 501.820000693202 1036.0699980556965 2969.9700000286102 2309.1499998122454 660.8200002163649 64.58000040054321 533.2299947887659 925.3500022888184 1677.1600017100573 1677.9699999392033 209.52999852597713 486.33999940752983 757.9799987226725 660.8200002163649 259.1100027859211 501.820000693202 154.32999938726425 0.7500000149011612 192.08999954164028 468.7300006747246 147.02000032365322 631.1799998730421 55.98999984562397 695.9700017124414 382.2700030207634 258.36000277101994 470.1300003528595 287.84999836981297 981.9999982267618 283.9000014066696 202.43999800086021 378.89999540150166 0 354.8000003695488 485.8799990564585 5407.369998589158 6220.819998219609 11.000001329928637 -44.909999806433916 12.350000478327274 -0.29999876394867897 -27.639999639242887 13.5400006249547 129 52 70 34 16 45 36 22 14 11 21 27 30 14 7 13 13 14 4 16 6 1 6 8 8 8 2 7 11 3 7 6 7 9 4 15 0 8 2320.079998522997 5451.159994319081 2005.4399963021278 600.570001527667 1652.1600007265806 3445.7199980169535 2457.6200003921986 988.0999976247549 297.2600026130676 745.2399956136942 1297.1700000166893 2210.3399988263845 1826.4400005191565 461.0499964803457 686.7599975019693 963.8799984306097 988.0999976247549 259.1100027859211 600.570001527667 281.6200011372566 0.7500000149011612 350.9799980074167 637.1199996173382 245.77000115811825 631.1799998730421 55.98999984562397 844.4400022923946 553.6700026541948 258.36000277101994 555.840000167489 408.03999826312065 981.9999982267618 484.3199995011091 202.43999800086021 463.61999447643757 0 354.8000003695488 766.7900033146143 6754.709992676973 8069.249995470047 8.000001650303602 -53.67999975383282 10.25000062212348 -2.659998409450054 -35.50999956950545 12.910000804811716 129 54 76 36 16 45 40 23 17 11 21 29 34 15 8 15 13 17 5 16 6 1 7 10 8 8 2 7 11 4 7 6 8 11 4 15 0 8 2558.399997755885 6210.079992428422 2206.4699961543083 600.570001527667 1652.1600007265806 4003.6099962741137 2554.030000731349 1449.5799955427647 297.2600026130676 745.2399956136942 1498.1999998688698 2829.1999966055155 1922.8500008583069 541.9899958521128 887.7899973541498 963.8799984306097 1449.5799955427647 416.4900026470423 600.570001527667 281.6200011372566 0.7500000149011612 515.9399967640638 933.6399987787008 245.77000115811825 631.1799998730421 55.98999984562397 844.4400022923946 553.6700026541948 415.7400026321411 555.840000167489 408.03999826312065 1078.4099985659122 685.3499993532896 202.43999800086021 463.61999447643757 0 354.8000003695488 886.1700021326542 7556.449991598725 9066.489992812276 6.000001817941666 -56.74999973550439 8.430000726133585 -5.259998198598623 -39.229999519884586 11.540000926703215
130 1 0 0 0 0 0 0 0 0 0 0 1 0 0 0 0 0 1 0 0 0 0 0 0 0 0 0 0 1 0 0 0 0 0 0 0 0 97.70000153779984 0 0 0 0 0 0 0 0 0 0 97.70000153779984 0 0 0 0 0 97.70000153779984 0 0 0 0 0 0 0 0 0 0 97.70000153779984 0 0 0 0 0 0 0 0 5.679999828338623 92.02000170946121 97.70000153779984 2.2351741790771484e-8 -0.3999999985098839 1.4901161193847656e-8 -0.3699999749660492 -0.5099999904632568 0.14000001549720764 130 7 7 5 3 3 2 1 1 0 3 2 5 1 0 2 2 1 2 3 1 0 1 0 2 0 0 0 0 2 1 1 1 1 1 2 0 1 262.33999866247177 176.2999992966652 112.00999902188778 0.8799999952316284 93.02999767661095 64.29000027477741 63.560000255703926 0.7300000190734863 0 93.02999767661095 68.31999984383583 212.85000018775463 63.560000255703926 0 68.31999984383583 42.80999918282032 0.7300000190734863 169.31000098586082 0.8799999952316284 34.95999929308891 0 0.7300000190734863 0 0.0 0 0 0 0 169.31000098586082 42.669999182224274 0.14000000059604645 63.560000255703926 23.230000525712967 45.089999318122864 58.069998383522034 0 0.8799999952316284 22.509999364614487 405.7099983841181 438.63999795913696 1.3783574104309082e-7 -5.599999979138374 3.3527612686157227e-8 -1.5799999386072159 -2.899999976158142 0.30000002682209015 130 24 21 14 10 18 7 4 3 2 11 9 10 2 1 4 4 3 3 10 1 0 1 2 4 2 1 1 4 3 1 3 1 2 2 10 0 6 693.6099991053343 915.3099956661463 523.1999965757132 218.7099992185831 354.24999652802944 392.1099990904331 178.98000013828278 213.12999895215034 26.600000143051147 273.18999591469765 187.1399990171194 665.1000007688999 103.53000067174435 85.7999997138977 132.67999854683876 193.60999904572964 213.12999895215034 258.36000277101994 218.7099992185831 34.95999929308891 0 0.7300000190734863 212.39999893307686 21.800000235438347 75.44999946653843 0.0 39.97000041604042 54.46000047028065 258.36000277101994 42.669999182224274 150.93999986350536 63.560000255703926 23.230000525712967 109.4499980211258 238.22999662160873 0 196.90999898314476 150.62999968230724 1400.949995175004 1635.5199949145317 1.0000004209578037 -18.84999992325902 1.360000066459179 -3.799999676644802 -10.919999856501818 3.2500001154839993 130 42 49 22 15 35 27 18 9 7 18 18 20 11 3 7 8 9 4 15 4 1 6 3 8 7 2 4 8 3 3 5 7 4 3 14 0 7 1540.4799990803003 3633.2399913072586 1102.2099961787462 493.1700011789799 921.6699967682362 2531.0299951285124 1913.0799980312586 617.9499970972538 64.58000040054321 509.6999950557947 709.109999448061 1370.1499979048967 1394.949997112155 179.2599987834692 360.9699981212616 493.839998036623 617.9499970972538 259.1100027859211 493.1700011789799 130.79999965429306 0.7500000149011612 350.9799980074167 266.9699990898371 245.77000115811825 518.1300009191036 55.98999984562397 412.94999888539314 291.40000146627426 258.36000277101994 205.98999966681004 287.84999836981297 981.9999982267618 215.47000005841255 145.49999806284904 378.89999540150166 0 247.40000002086163 441.4999988079071 4500.7899927049875 5239.049990803003 9.000001188367605 -39.839999832212925 10.170000437647104 -0.4599989019334316 -25.129999678581953 11.590000554919243 130 50 72 35 16 43 37 22 15 10 20 28 31 14 6 14 13 15 4 16 6 1 7 8 8 8 2 7 11 3 7 6 7 10 4 14 0 8 2120.8500009328127 5698.749993428588 2088.0699966549873 600.570001527667 1514.260000154376 3610.6799967736006 2457.6200003921986 1153.059996381402 244.08000111579895 660.5199965387583 1379.8000003695488 2375.2999975830317 1826.4400005191565 346.5399979650974 769.3899978548288 963.8799984306097 1153.059996381402 259.1100027859211 600.570001527667 281.6200011372566 0.7500000149011612 515.9399967640638 637.1199996173382 245.77000115811825 631.1799998730421 55.98999984562397 844.4400022923946 553.6700026541948 258.36000277101994 555.840000167489 408.03999826312065 981.9999982267618 566.9499998539686 202.43999800086021 378.89999540150166 0 354.8000003695488 776.2200017124414 6740.4599943012 8064.429995492101 7.000001646578312 -53.319999761879444 8.980000630021095 -4.17999841272831 -35.669999577105045 11.640000812709332 130 54 77 36 16 45 41 24 17 11 21 29 33 16 9 15 13 17 4 16 6 1 7 10 8 8 2 7 11 3 7 6 9 11 4 15 0 8 2500.6899959445 6452.8599939495325 2206.4699961543083 600.570001527667 1652.1600007265806 4246.389997795224 2785.0399988144636 1461.3499989807606 297.2600026130676 745.2399956136942 1498.1999998688698 2683.59000018239 2153.8599989414215 641.6599939018488 887.7899973541498 963.8799984306097 1461.3499989807606 259.1100027859211 600.570001527667 281.6200011372566 0.7500000149011612 515.9399967640638 945.4100022166967 245.77000115811825 631.1799998730421 55.98999984562397 844.4400022923946 553.6700026541948 258.36000277101994 555.840000167489 408.03999826312065 1309.4199966490269 685.3499993532896 202.43999800086021 463.61999447643757 0 354.8000003695488 914.3900011628866 7711.2699923962355 9251.559992522001 7.000001836568117 -57.01999972760677 9.610000733286142 -4.429998178035021 -39.48999950289726 12.540000926703215
131 1 0 0 1 0 0 0 0 0 0 0 0 0 0 0 0 0 0 1 0 0 0 0 1 0 0 0 0 0 0 0 0 0 0 0 0 0 0.0 0 0 0.0 0 0 0 0 0 0 0 0 0 0 0 0 0 0 0.0 0 0 0 0 0.0 0 0 0 0 0 0 0 0 0 0 0 0 0 0.0 0.0 0.0 7.450580596923828e-9 -0.3999999985098839 0.0 0.0 0.0 0.0 131 6 8 4 4 3 4 2 2 1 1 2 5 1 0 1 1 2 2 4 0 0 1 1 2 1 0 0 1 2 0 1 1 0 1 1 0 2 190.41000047326088 222.9000000357628 89.3699993044138 46.71999995410442 18.699999526143074 133.530000731349 73.32000014185905 60.21000058948994 0.18000000715255737 15.9299995303154 47.67999930679798 229.6600015759468 63.560000255703926 0 45.089999318122864 0.14000000059604645 60.21000058948994 169.31000098586082 46.71999995410442 0 0 0.7300000190734863 59.48000057041645 2.5799999684095383 9.759999886155128 0 0 2.5899999886751175 169.31000098586082 0 0.14000000059604645 63.560000255703926 0 45.089999318122864 15.9299995303154 0 44.139999985694885 44.79000008106232 352.350000500679 413.4900005161762 1.862645149230957e-7 -6.089999977499247 0.09000007435679436 -1.859999880194664 -3.9999999403953552 0.7200000435113907 131 29 29 15 11 21 14 8 6 3 11 12 15 6 2 4 6 6 4 11 1 1 2 4 6 2 2 3 5 3 2 4 3 2 2 10 0 5 1042.720000013709 1630.779995918274 519.9199989289045 199.80000159144402 486.539996355772 1110.8599969893694 724.4499977529049 386.4099992364645 30.990000054240227 311.75999633967876 256.84999983012676 1000.9900013208389 601.6399989128113 180.3999991118908 112.30999985337257 356.2199993133545 386.4099992364645 259.1100027859211 199.80000159144402 34.95999929308891 0.7500000149011612 71.9300000667572 314.4799991697073 148.41000182926655 122.80999884009361 55.98999984562397 275.1799993366003 87.80000011622906 258.36000277101994 85.08999955654144 271.12999975681305 326.459999576211 31.17000049352646 81.13999935984612 276.79999704658985 0 51.38999976217747 264.6499993801117 2302.3699958473444 2705.2399960011244 2.000000726431608 -24.809999894350767 2.6300002560019493 -4.999999303370714 -17.559999782592058 4.7800003588199615 131 40 59 28 15 36 31 19 12 9 17 20 26 12 3 9 11 12 4 15 4 1 6 6 7 7 2 5 8 3 5 6 7 6 3 13 0 8 1384.099998831749 4370.7799935638905 1506.9199969619513 546.3400017172098 938.7599978297949 2863.859996601939 1941.8699996769428 921.9899969249964 215.2300019711256 441.72999416291714 656.5400012731552 1958.4799967259169 1442.089999422431 210.66999885439873 373.9899995625019 778.1299970299006 921.9899969249964 259.1100027859211 546.3400017172098 86.38999846577644 0.7500000149011612 428.2499983459711 493.73999857902527 191.54000134766102 499.78000025451183 55.98999984562397 588.5500003695488 225.81000185012817 258.36000277101994 370.0899987667799 408.03999826312065 853.5399990528822 235.91000026464462 138.07999929785728 355.3399956971407 0 354.8000003695488 539.7700002938509 5088.179994747043 5970.859994381666 7.000001344829798 -44.01999981701374 8.350000519305468 -2.0999987721443176 -25.92999966815114 9.720000643283129 131 51 71 33 16 43 38 22 16 10 20 26 33 14 6 12 13 16 5 16 6 1 6 10 8 8 2 6 11 4 7 6 8 8 4 14 0 8 2230.2800007909536 5670.439997643232 1900.4199981093407 600.570001527667 1492.0800011605024 3770.0199995338917 2396.359998971224 1373.6600005626678 221.90000212192535 660.5199965387583 1211.0900010466576 2647.860003069043 1765.1799990981817 385.06999729573727 600.6799985319376 944.9399992078543 1373.6600005626678 330.0100033134222 600.570001527667 281.6200011372566 0.7500000149011612 428.2499983459711 945.4100022166967 245.77000115811825 631.1799998730421 55.98999984562397 686.7700005322695 553.6700026541948 329.26000329852104 536.9000009447336 408.03999826312065 1078.4099985659122 398.2400005310774 202.43999800086021 378.89999540150166 0 354.8000003695488 788.940001398325 6861.40000012517 8123.3700005710125 6.000001706182957 -53.319999761879444 7.98000068962574 -3.509998369961977 -33.11999957635999 10.340000867843628 131 66 82 37 18 56 45 26 19 13 24 34 38 18 9 14 15 19 5 18 7 1 7 12 10 8 5 9 14 4 9 6 9 10 4 17 0 8 3050.620002746582 6930.709996655583 2214.80999712646 643.150001809001 2177.9900040477514 4715.899999529123 3030.019999653101 1685.8799998760223 355.2000021934509 845.2999950498343 1747.6300046741962 3105.760002076626 2398.839999780059 610.2199961543083 769.3899978548288 1090.6199989020824 1685.8799998760223 330.0100033134222 643.150001809001 339.7000010609627 0.7500000149011612 515.9399967640638 1169.9400031119585 288.35000143945217 631.1799998730421 217.8000022917986 1089.420003131032 759.6900045126677 329.26000329852104 682.5800006389618 408.03999826312065 1309.4199966490269 566.9499998539686 202.43999800086021 505.5999939888716 0 354.8000003695488 1056.7800002843142 8593.500002518296 10337.280001610518 7.0000021159648895 -64.79999969899654 9.79000087082386 -6.259997900575399 -43.97999944165349 12.53000109642744
132 0 1 0 0 0 1 1 0 0 0 0 0 1 0 0 0 0 0 0 0 0 0 0 0 0 0 0 0 0 0 0 1 0 0 0 0 0 0 63.560000255703926 0 0 0 63.560000255703926 63.560000255703926 0 0 0 0 0 63.560000255703926 0 0 0 0 0 0 0 0 0 0 0 0 0 0 0 0 0 0 63.560000255703926 0 0 0 0 0 1.4700000286102295 62.0900002270937 63.560000255703926 1.0000000223517418 -0.3999999985098839 1.0000000149011612 -0.4699999690055847 -0.5099999904632568 0.04000002145767212 132 8 9 3 3 5 6 3 3 2 3 0 7 2 1 0 2 3 2 3 0 0 0 3 2 1 0 1 0 2 0 2 1 0 0 3 0 1 442.6999993175268 574.9099983721972 104.64000016450882 39.12000015377998 211.6099987924099 470.26999820768833 203.29999911785126 266.9699990898371 26.600000143051147 185.00999864935875 0 504.3800000548363 193.53999923169613 85.7999997138977 0 68.09999997913837 266.9699990898371 169.31000098586082 39.12000015377998 0 0 0 266.9699990898371 2.5799999684095383 9.759999886155128 0 129.9799989759922 0 169.31000098586082 0 68.09999997913837 63.560000255703926 0 0 185.00999864935875 0 36.540000185370445 111.75999976694584 873.4099977761507 1044.2099978327751 3.129243850708008e-7 -7.649999964982271 0.360000167042017 -1.4499996863305569 -5.039999920874834 0.7000001892447472 132 19 22 10 10 15 12 6 6 5 7 5 12 5 1 2 3 6 3 10 1 0 3 3 5 1 0 3 3 3 0 3 2 1 1 6 0 5 820.0000018179417 1284.8899975568056 411.2199988812208 321.15000073611736 481.77999804914 873.6699986755848 471.27999962866306 402.38999904692173 135.1300002783537 261.28999760746956 153.68000000715256 811.690001681447 461.51999974250793 85.7999997138977 68.31999984383583 150.93999986350536 402.38999904692173 258.36000277101994 321.15000073611736 34.95999929308891 0 135.41999995708466 266.9699990898371 129.19000156223774 9.759999886155128 0 307.71999894082546 85.36000016331673 258.36000277101994 0 150.93999986350536 153.80000080168247 23.230000525712967 45.089999318122864 226.32999831438065 0 191.95999917387962 244.21000017225742 1857.2899997979403 2240.019999653101 6.034970283508301e-7 -18.7199999243021 0.6300002560019493 -1.5799994692206383 -11.859999861568213 3.700000289827585 132 33 44 21 12 28 23 12 11 6 14 17 21 7 2 8 7 11 4 12 2 1 6 5 6 5 2 4 6 3 3 4 3 6 2 12 0 6 1248.4200005084276 3050.1599936783314 1025.3999973386526 345.3200008124113 805.9299972653389 2024.7599963396788 1143.879998266697 880.8799980729818 144.68000046908855 514.0999968200922 503.8700000345707 1611.7599991559982 739.4099984616041 180.3999991118908 355.9700000435114 472.51999831199646 880.8799980729818 259.1100027859211 345.3200008124113 162.25000104308128 0.7500000149011612 428.2499983459711 452.6299997270107 148.41000182926655 404.4699998050928 55.98999984562397 412.94999888539314 91.16000013053417 258.36000277101994 201.3899985551834 271.12999975681305 326.459999576211 274.8300006836653 81.13999935984612 351.8499957770109 0 196.90999898314476 496.7500008940697 3670.0699942708015 4444.009994670749 1.0000010468065739 -33.87999986112118 1.900000412017107 -5.379998993128538 -22.499999728053808 5.200000539422035 132 47 69 32 16 40 37 22 15 10 19 24 30 14 6 12 12 15 4 16 5 1 6 9 8 8 2 6 9 3 6 6 8 8 4 14 0 8 1893.1499985903502 5538.359996989369 1833.6499975174665 600.570001527667 1175.3100003153086 3704.709999471903 2396.359998971224 1308.350000500679 221.90000212192535 592.5799956172705 962.2600011229515 2444.880001887679 1765.1799990981817 435.60999646782875 600.6799985319376 878.1699986159801 1308.350000500679 259.1100027859211 600.570001527667 213.6800002157688 0.7500000149011612 428.2499983459711 880.1000021547079 245.77000115811825 631.1799998730421 55.98999984562397 686.7700005322695 304.8400027304888 258.36000277101994 470.1300003528595 408.03999826312065 1078.4099985659122 398.2400005310774 202.43999800086021 378.89999540150166 0 354.8000003695488 753.5500014573336 6441.329998001456 7654.159997716546 7.0000016167759895 -50.91999977082014 8.980000644922256 -1.759998444467783 -30.979999590665102 11.460000827908516 132 60 82 37 16 50 45 25 20 10 22 33 39 17 8 14 15 20 5 16 7 1 8 12 8 8 4 8 14 4 9 6 9 10 4 15 0 8 2802.2700031250715 6879.689993485808 2214.80999712646 600.570001527667 1921.990005403757 4664.879996359348 2881.549999073148 1783.3299972862005 221.90000212192535 722.5999964773655 1747.6300046741962 3203.209999486804 2250.3699992001057 527.1499953866005 769.3899978548288 1090.6199989020824 1783.3299972862005 330.0100033134222 600.570001527667 339.7000010609627 0.7500000149011612 632.969994187355 1150.3600030988455 245.77000115811825 631.1799998730421 217.8000022917986 940.9500025510788 759.6900045126677 329.26000329852104 682.5800006389618 408.03999826312065 1309.4199966490269 566.9499998539686 202.43999800086021 382.8999954164028 0 354.8000003695488 992.0599990487099 8268.970001205802 9904.609998747706 5.000002034008503 -61.05999971926212 7.340000860393047 -7.20999800786376 -41.1099994815886 9.780001051723957
133 0 1 1 1 0 0 0 0 0 0 0 0 0 0 0 0 0 0 1 0 0 0 0 0 0 0 0 0 0 0 0 0 0 0 0 0 1 0 36.540000185370445 36.540000185370445 36.540000185370445 0 0 0 0 0 0 0 0 0 0 0 0 0 0 36.540000185370445 0 0 0 0 0 0 0 0 0 0 0 0 0 0 0 0 0 36.540000185370445 1.4899999648332596 35.050000220537186 36.540000185370445 -7.450580596923828e-9 -0.3999999985098839 -1.4901161193847656e-8 0.12999998033046722 0.0 0.12999998033046722 133 7 9 2 5 4 7 4 3 2 1 1 5 3 0 0 1 3 1 5 0 0 1 2 4 1 0 1 1 1 1 0 2 0 0 1 0 1 284.0300014913082 557.7500009983778 78.96000055968761 165.73000174760818 109.83000062406063 478.7900004386902 293.5399996638298 185.25000077486038 26.600000143051147 80.64000049233437 2.5899999886751175 299.28000059723854 283.7799997776747 0 0 42.42000037431717 185.25000077486038 71.60999944806099 165.73000174760818 0 0 71.20000004768372 114.05000072717667 129.19000156223774 9.759999886155128 0 129.9799989759922 2.5899999886751175 71.60999944806099 42.42000037431717 0 153.80000080168247 0 0 80.64000049233437 0 36.540000185370445 97.27000172436237 705.9700009971857 868.3800026327372 1.0000002942979336 -7.379999972879887 1.1800001598894596 -1.8599997498095036 -4.919999945908785 0.26000015437602997 133 19 27 15 8 14 12 7 5 4 5 12 13 5 2 6 5 5 4 8 0 1 2 3 4 2 1 3 4 3 2 3 2 4 2 5 0 4 899.4400020092726 1636.7799968868494 687.2699982970953 175.63000151515007 411.65999868512154 949.5099985897541 551.7899989783764 397.7199996113777 80.17000012099743 187.69999860227108 438.35999907553196 1003.0900016278028 428.9800001382828 180.3999991118908 293.81999909877777 347.0099992454052 397.7199996113777 259.1100027859211 175.63000151515007 0 0.7500000149011612 236.15999880433083 161.5600008070469 129.19000156223774 122.80999884009361 55.98999984562397 275.1799993366003 87.80000011622906 258.36000277101994 158.71999937295914 188.28999987244606 153.80000080168247 212.67999973893166 81.13999935984612 187.69999860227108 0 46.43999995291233 313.32000060379505 2131.869998291135 2617.1399990320206 2.0000005960464478 -20.499999910593033 2.720000207424164 -3.569999348372221 -15.619999803602695 4.710000332444906 133 34 48 23 11 27 25 14 11 6 12 20 22 9 4 10 8 11 4 11 3 1 4 7 6 5 2 5 7 3 4 4 4 7 3 9 0 5 1423.3900040090084 3460.959997102618 1108.0299980044365 199.80000159144402 913.3200029581785 2352.9299990981817 1400.9700008183718 951.95999827981 188.31000177562237 446.5699995011091 815.5100015252829 1730.6399994641542 1011.4200002849102 291.60999822616577 536.3199998289347 520.3199984133244 951.95999827981 259.1100027859211 199.80000159144402 185.78000077605247 0.7500000149011612 300.37999871373177 651.5799995660782 148.41000182926655 389.55000053346157 55.98999984562397 588.5500003695488 222.45000183582306 258.36000277101994 249.1899986565113 271.12999975681305 422.8699999153614 398.2400005310774 138.07999929785728 260.78999872505665 0 51.38999976217747 588.3800021111965 4144.740001633763 5073.41000290215 3.0000011324882507 -35.6199998408556 4.260000452399254 -5.019998878240585 -25.769999679178 7.800000574439764 133 51 69 31 14 43 38 21 17 8 20 27 34 13 5 11 13 17 5 14 5 1 6 11 7 8 4 6 11 4 7 6 7 8 3 15 0 7 2208.620002731681 5429.0099989920855 1724.639998137951 495.85000067949295 1494.4000037759542 3704.3700008541346 2171.489999458194 1532.8800013959408 197.86000196635723 646.9099958091974 1186.7000058442354 2746.150003671646 1540.3099995851517 391.2799962759018 536.3199998289347 884.0099989771843 1532.8800013959408 330.0100033134222 495.85000067949295 249.59000059962273 0.7500000149011612 428.2499983459711 1104.6300030499697 191.54000134766102 631.1799998730421 217.8000022917986 686.7700005322695 431.830003708601 329.26000329852104 475.97000071406364 408.03999826312065 853.5399990528822 398.2400005310774 138.07999929785728 397.3199952095747 0 304.30999933183193 784.6500010192394 6589.550004139543 7836.240003705025 4.000001702457666 -51.66999977454543 5.620000720024109 -7.519998375326395 -33.079999562352896 7.490000866353512 133 69 84 35 20 58 49 27 22 12 25 34 41 19 7 12 15 22 5 20 7 1 7 15 12 8 5 7 16 4 8 7 12 8 4 18 0 8 2996.2300066798925 7476.429998487234 2061.36999745667 756.3500039279461 2026.5800042897463 5415.060001030564 3204.02000002563 2211.0400010049343 279.84000170230865 764.2499958723783 1583.920005261898 3646.1900028586388 2572.840000152588 518.6799972355366 600.6799985319376 1105.8899985551834 2211.0400010049343 330.0100033134222 756.3500039279461 339.7000010609627 0.7500000149011612 545.2799957692623 1665.760005235672 401.5500035583973 631.1799998730421 217.8000022917986 833.5300012081861 764.6900044232607 329.26000329852104 596.8700008243322 509.0199977308512 1739.3099989444017 398.2400005310774 202.43999800086021 424.5499948114157 0 354.8000003695488 1090.1099982857704 8996.550007745624 10753.250006884336 5.000002231448889 -66.56999970600009 7.340000964701176 -6.72999782115221 -41.31999946385622 10.11000120639801
134 0 1 0 0 0 1 0 1 0 0 0 1 0 0 0 0 1 0 0 0 0 0 1 0 0 0 0 0 0 0 0 0 0 0 0 0 0 0 54.570000156760216 0 0 0 54.570000156760216 0 54.570000156760216 0 0 0 54.570000156760216 0 0 0 0 54.570000156760216 0 0 0 0 0 54.570000156760216 0 0 0 0 0 0 0 0 0 0 0 0 0 0 0.20999999344348907 54.07000017166138 54.570000156760216 -0.999999962747097 -0.3999999985098839 -0.9999999701976776 -0.3099999725818634 0.5099999904632568 -0.9099999666213989 134 4 7 1 3 2 6 3 3 1 1 0 4 3 0 0 0 3 1 3 0 0 1 2 2 0 0 1 0 1 0 0 2 0 0 1 0 1 253.58000074326992 505.5700007379055 36.540000185370445 137.870000988245 129.82000055909157 469.03000055253506 283.7799997776747 185.25000077486038 49.1800000667572 80.64000049233437 0 256.86000022292137 283.7799997776747 0 0 0 185.25000077486038 71.60999944806099 137.870000988245 0 0 71.20000004768372 114.05000072717667 101.33000080287457 0 0 129.9799989759922 0 71.60999944806099 0 0 153.80000080168247 0 0 80.64000049233437 0 36.540000185370445 87.40000130236149 662.3000003248453 808.3300015479326 2.3469328880310059e-7 -4.889999981969595 0.09000014513731003 0.9000001810491085 -0.9599999971687794 -0.3199998587369919 134 12 15 4 4 9 11 5 6 4 3 3 10 4 2 1 2 6 2 4 0 0 2 4 3 1 0 1 2 2 0 2 3 1 0 3 0 1 649.0499999821186 1204.2199990302324 202.15000042319298 137.870000988245 286.8299989551306 1002.0699986070395 466.1999984383583 535.8700001686811 80.17000012099743 169.80999913811684 119.48000004887581 779.5100012868643 456.4399985522032 180.3999991118908 82.6300003528595 82.97999988496304 535.8700001686811 160.6600012332201 137.870000988245 0 0 236.15999880433083 299.7100013643503 101.33000080287457 9.759999886155128 0 129.9799989759922 36.84999969601631 160.6600012332201 0 82.97999988496304 326.459999576211 82.6300003528595 0 169.80999913811684 0 36.540000185370445 245.3199995458126 1568.9999992996454 1933.4399991333485 -0.9999994710087776 -12.499999940395355 -0.2799997106194496 -4.129999492317438 -8.759999878704548 -0.6599996946752071 134 23 36 13 9 16 23 13 10 5 6 10 18 10 4 4 5 10 4 9 0 1 5 5 5 3 1 6 4 3 1 4 4 2 2 6 0 4 1104.800000011921 2647.5200002640486 531.6999997645617 175.63000151515007 491.3699994236231 2115.820000499487 1291.009998127818 824.8100023716688 135.1300002783537 212.44999918341637 316.2499996572733 1396.720005273819 1080.799999639392 361.00999653339386 171.7099996805191 313.5500001311302 824.8100023716688 259.1100027859211 175.63000151515007 0 0.7500000149011612 354.95999896526337 469.85000340640545 129.19000156223774 210.2099984884262 55.98999984562397 657.9299997240305 87.80000011622906 258.36000277101994 42.42000037431717 271.12999975681305 422.8699999153614 90.57000032067299 81.13999935984612 212.44999918341637 0 46.43999995291233 454.529999345541 3204.4000014811754 3888.2000005692244 3.0000010058283806 -25.929999876767397 4.17000050470233 -3.129998940974474 -20.669999726116657 7.000000614672899 134 48 59 25 12 41 34 18 16 8 17 28 28 14 5 11 9 16 4 12 4 1 6 10 7 4 5 6 11 3 5 4 8 7 4 13 0 5 2055.950003132224 4863.099991351366 1278.8799998313189 238.00000186264515 1500.1500041037798 3584.219991520047 2082.5999946296215 1501.6199968904257 280.4500021189451 581.9099966585636 1278.9400064051151 2347.069998666644 1740.989996522665 391.2799962759018 640.4000010639429 587.0899990051985 1501.6199968904257 259.1100027859211 238.00000186264515 226.06000086665154 0.7500000149011612 471.9899963885546 1029.630000501871 186.61000210046768 341.6099981069565 217.8000022917986 657.9299997240305 419.99000303447247 258.36000277101994 315.95999924838543 271.12999975681305 1083.0599967986345 398.2400005310774 242.16000053286552 355.8499957919121 0 51.38999976217747 827.3299991935492 5883.7999984920025 7200.249996617436 2.0000015571713448 -46.46999979391694 3.620000671595335 -5.8699983805418015 -31.89999958872795 8.100000903010368 134 73 94 39 21 62 55 29 26 14 27 37 46 21 8 15 16 26 5 21 9 1 10 16 13 8 5 8 16 4 8 8 13 9 6 18 0 8 3058.2400068342686 8393.179991289973 2313.799998730421 732.0800029933453 2330.850003167987 6079.379992559552 3496.099996432662 2583.27999612689 504.9599996060133 885.0399950146675 1776.5700080245733 4036.5699983239174 2864.91999655962 525.8099973499775 834.9699994623661 1124.0299988985062 2583.27999612689 330.0100033134222 732.0800029933453 460.49000020325184 0.7500000149011612 844.8599923551083 1738.420003771782 377.28000262379646 631.1799998730421 217.8000022917986 894.0300019234419 723.0500062555075 329.26000329852104 596.8700008243322 527.1599980741739 1970.889994636178 455.4100016951561 379.55999776721 424.5499948114157 0 354.8000003695488 1246.319997087121 9930.280002638698 11957.129997745156 3.000002484768629 -73.01999967545271 5.70000109449029 -8.619997661560774 -44.06999946385622 8.030001308768988
135 0 1 0 0 0 1 0 1 0 0 0 1 0 0 0 0 1 0 0 0 0 1 0 0 0 0 0 0 0 0 0 0 0 0 0 0 0 0 71.20000004768372 0 0 0 71.20000004768372 0 71.20000004768372 0 0 0 71.20000004768372 0 0 0 0 71.20000004768372 0 0 0 0 71.20000004768372 0 0 0 0 0 0 0 0 0 0 0 0 0 0 0 8.100000023841858 56.28999996185303 71.20000004768372 -0.999999962747097 -0.3999999985098839 -0.9999999701976776 -0.3099999725818634 -0.4699999988079071 -0.23999997973442078 135 2 7 1 2 2 6 2 4 1 1 0 4 2 0 0 0 4 0 2 0 0 2 2 1 0 0 1 0 0 0 0 1 0 0 1 0 1 179.3900013267994 606.9699992388487 36.540000185370445 135.29000101983547 129.82000055909157 570.4299990534782 220.21999952197075 350.2099995315075 49.1800000667572 80.64000049233437 0 350.2099995315075 220.21999952197075 0 0 0 350.2099995315075 0 135.29000101983547 0 0 236.15999880433083 114.05000072717667 98.75000083446503 0 0 129.9799989759922 0 0 0 0 90.24000054597855 0 0 80.64000049233437 0 36.540000185370445 112.01000064611435 647.2300003618002 835.5400006324053 -1.9999997802078724 -4.089999984949827 -1.90999985486269 -0.3199998326599598 -0.9200000055134296 -1.3599998652935028 135 10 14 4 4 9 10 4 6 5 2 4 8 3 2 2 1 6 1 4 0 0 2 4 3 1 0 1 2 1 0 1 2 2 0 2 0 1 559.269998177886 1076.710000231862 247.30000039935112 137.870000988245 341.05999909341335 829.409999832511 293.5399996638298 535.8700001686811 135.1300002783537 169.07999911904335 127.4200000166893 727.6699995100498 283.7799997776747 180.3999991118908 90.57000032067299 120.18999989330769 535.8700001686811 71.60999944806099 137.870000988245 0 0 236.15999880433083 299.7100013643503 101.33000080287457 9.759999886155128 0 129.9799989759922 36.84999969601631 71.60999944806099 0 120.18999989330769 153.80000080168247 90.57000032067299 0 169.07999911904335 0 36.540000185370445 250.76999981701374 1389.6399989128113 1771.1099986881018 -1.9999995231628418 -11.789999943226576 -1.1899997480213642 -3.0499995574355125 -7.209999915212393 -0.9999997280538082 135 22 34 14 7 17 20 12 8 6 4 14 16 9 4 6 5 8 4 7 0 1 3 5 4 3 2 5 5 3 1 4 4 4 2 4 0 3 1369.1000028401613 2586.649997726083 672.8999981731176 174.21000154316425 808.8500037491322 1913.7499995529652 1144.2499974519014 769.5000021010637 188.31000177562237 185.73999866843224 749.8800013810396 1341.4100050032139 934.0399989634752 361.00999653339386 314.3299980610609 313.5500001311302 769.5000021010637 259.1100027859211 174.21000154316425 0 0.7500000149011612 299.6499986946583 469.85000340640545 129.19000156223774 210.2099984884262 205.63000257313251 511.1699990481138 229.17000073194504 258.36000277101994 42.42000037431717 271.12999975681305 422.8699999153614 233.1899987012148 81.13999935984612 185.73999866843224 0 45.019999980926514 526.8300009816885 3360.910002440214 4144.810002356768 4.0000009052455425 -25.219999879598618 5.260000418871641 -1.2599989920854568 -19.66999974474311 7.600000571459532 135 43 55 24 11 34 31 14 17 6 14 24 31 11 5 9 10 17 5 11 3 1 6 11 6 3 5 6 9 4 5 5 5 7 2 11 0 5 2004.900005146861 4367.089996576309 1218.83999812603 199.80000159144402 1324.260005518794 3148.2499984502792 1419.9899989366531 1728.259999513626 188.31000177562237 533.4599979221821 1082.6200057268143 2745.590001285076 1209.780000448227 391.2799962759018 479.3799998909235 688.069998472929 1728.259999513626 330.0100033134222 199.80000159144402 220.33000096678734 0.7500000149011612 471.9899963885546 1256.2700031250715 148.41000182926655 210.2099984884262 217.8000022917986 657.9299997240305 384.690003529191 329.26000329852104 315.95999924838543 372.10999922454357 551.8500007241964 398.2400005310774 81.13999935984612 313.12999695539474 0 51.38999976217747 783.419999986887 5319.340004190803 6561.050003513694 -2.999998513609171 -41.88999981060624 -1.5599993169307709 -10.669998444616795 -30.469999592751265 2.5400008596479893 135 64 83 35 19 51 48 25 23 10 23 33 41 17 7 14 14 23 5 19 6 1 7 16 12 8 5 8 13 4 7 7 9 9 5 17 0 7 2580.9500064253807 7123.639998048544 2075.6899969428778 651.630003079772 1678.6900037676096 5047.950001105666 2737.2499994039536 2310.7000017017126 255.80000154674053 694.2299953401089 1515.8000060617924 3624.9500034451485 2106.0699995309114 481.47999715805054 786.389999166131 984.9899984449148 2310.7000017017126 330.0100033134222 651.630003079772 293.24000023305416 0.7500000149011612 545.2799957692623 1765.4200059324503 347.32000374794006 631.1799998730421 217.8000022917986 894.0300019234419 510.8600045889616 329.26000329852104 475.97000071406364 509.0199977308512 1212.0399976074696 479.86999993026257 306.51999923586845 400.9899951070547 0 304.30999933183193 1006.8499989956617 8344.740007311106 9961.140006035566 2.000002160668373 -63.18999971821904 4.160000953823328 -11.179997961968184 -39.45999948680401 5.890001121908426
136 0 1 0 0 0 1 0 1 0 0 0 1 0 0 0 0 1 0 0 0 0 0 1 0 0 0 0 0 0 0 0 0 0 0 0 0 0 0 59.48000057041645 0 0 0 59.48000057041645 0 59.48000057041645 0 0 0 59.48000057041645 0 0 0 0 59.48000057041645 0 0 0 0 0 59.48000057041645 0 0 0 0 0 0 0 0 0 0 0 0 0 0 19.870000436902046 27.450000286102295 59.48000057041645 -0.999999962747097 -0.3999999985098839 -0.9999999701976776 -1.149999976158142 -0.4699999988079071 -0.7699999809265137 136 5 6 1 3 5 5 2 3 3 2 0 3 2 1 0 0 3 0 3 0 0 1 2 2 0 0 0 0 0 0 0 2 0 0 2 0 1 353.6299996674061 375.5900017619133 36.540000185370445 135.29000101983547 244.8599993288517 339.05000157654285 153.80000080168247 185.25000077486038 75.78000020980835 169.07999911904335 0 185.25000077486038 153.80000080168247 85.7999997138977 0 0 185.25000077486038 0 135.29000101983547 0 0 71.20000004768372 114.05000072717667 98.75000083446503 0 0 0 0 0 0 0 153.80000080168247 0 0 169.07999911904335 0 36.540000185370445 121.83000062406063 614.2700010091066 805.0000016391277 -0.9999997690320015 -5.73999997228384 -0.5499998778104782 -2.889999806880951 -3.489999957382679 -1.1399998888373375 136 12 16 4 5 9 12 6 6 4 3 3 10 5 1 1 2 6 2 5 0 0 3 3 4 1 0 3 2 2 1 1 2 1 0 3 0 1 620.4100013673306 1252.6800004988909 229.55000089108944 165.73000174760818 366.8499994724989 1023.1299996078014 471.27999962866306 551.8499999791384 130.7400003671646 185.00999864935875 133.73000080883503 831.5400013178587 461.51999974250793 85.7999997138977 82.6300003528595 110.3800003528595 551.8499999791384 169.31000098586082 165.73000174760818 0 0 299.6499986946583 252.2000012844801 129.19000156223774 9.759999886155128 0 307.71999894082546 51.10000045597553 169.31000098586082 42.42000037431717 67.95999997854233 153.80000080168247 82.6300003528595 0 185.00999864935875 0 36.540000185370445 274.8100009262562 1586.5900020450354 2003.830002233386 5.550682544708252e-7 -13.029999945312738 0.5400003120303154 -2.5399994514882565 -9.429999884217978 1.4600003361701965 136 24 37 18 9 19 19 9 10 6 8 14 19 7 3 8 6 10 4 9 2 1 4 6 5 2 0 4 5 3 2 4 3 6 2 6 0 4 1145.9600009024143 2717.8099962323904 932.439998447895 175.63000151515007 666.6500011831522 1785.3699977844954 862.2199973016977 923.1500004827976 188.31000177562237 390.5399992913008 544.6999994963408 1611.3600023835897 739.4099984616041 280.0699971616268 456.14999936521053 429.8499991297722 923.1500004827976 259.1100027859211 175.63000151515007 162.25000104308128 0.7500000149011612 300.37999871373177 622.7700017690659 129.19000156223774 122.80999884009361 0 412.94999888539314 87.80000011622906 258.36000277101994 158.71999937295914 271.12999975681305 326.459999576211 375.0100000053644 81.13999935984612 228.2899982482195 0 46.43999995291233 508.4100023061037 3242.049998268485 4052.8299989253283 -0.9999990947544575 -27.349999878555536 0.0800003856420517 -4.099999058991671 -19.399999752640724 4.00000050291419 136 41 58 26 13 33 32 16 16 7 14 24 28 9 5 11 9 16 4 13 2 1 7 9 7 7 3 5 9 3 5 4 4 8 3 12 0 6 1979.4800033420324 4345.8499982357025 1353.5899988114834 388.4500003308058 1336.160004913807 2992.259999424219 1433.819999217987 1558.440000206232 197.86000196635723 514.0999968200922 1161.2700059711933 2437.160002976656 934.0399989634752 391.2799962759018 536.3199998289347 620.359999999404 1558.440000206232 259.1100027859211 388.4500003308058 162.25000104308128 0.7500000149011612 545.2799957692623 1013.1600044369698 191.54000134766102 499.78000025451183 205.63000257313251 511.1699990481138 418.57000355422497 258.36000277101994 349.2300002425909 271.12999975681305 422.8699999153614 398.2400005310774 138.07999929785728 351.8499957770109 0 196.90999898314476 725.3100009709597 5387.250003382564 6523.940003558993 1.426786184310913e-6 -42.779999807477 1.5300006084144115 -6.759998597204685 -27.409999649971724 4.810000780969858 136 55 80 35 16 48 45 24 21 10 21 30 40 16 5 12 15 21 5 16 6 1 7 14 8 8 5 7 12 4 8 7 9 8 4 15 0 8 2349.630003169179 6798.199998617172 2061.36999745667 600.570001527667 1652.8700041025877 4736.830001160502 2672.1000004559755 2064.730000704527 269.5500016659498 654.6599955558777 1330.090005427599 3499.8800025582314 2040.9200005829334 391.2799962759018 600.6799985319376 1105.8899985551834 2064.730000704527 330.0100033134222 600.570001527667 271.76000013947487 0.7500000149011612 545.2799957692623 1519.4500049352646 245.77000115811825 631.1799998730421 217.8000022917986 833.5300012081861 510.8600045889616 329.26000329852104 596.8700008243322 509.0199977308512 1207.3899993747473 398.2400005310774 202.43999800086021 382.8999954164028 0 354.8000003695488 982.2099995464087 7836.210004225373 9418.130003467202 3.0000019781291485 -58.649999748915434 4.800000868737698 -7.759998079389334 -37.229999516159296 7.130001045763493
137 1 0 0 0 1 0 0 0 0 1 0 0 0 0 0 0 0 0 0 0 0 0 0 0 0 0 0 0 0 0 0 0 0 0 1 0 0 80.64000049233437 0 0 0 80.64000049233437 0 0 0 0 80.64000049233437 0 0 0 0 0 0 0 0 0 0 0 0 0 0 0 0 0 0 0 0 0 0 0 0 80.64000049233437 0 0 25.780000686645508 47.47999969124794 80.64000049233437 7.450580596923828e-9 -0.3999999985098839 0.0 0.36000001430511475 0.0 0.27000001072883606 137 4 6 1 2 2 5 1 4 1 1 0 5 1 1 0 0 4 1 2 0 0 2 2 1 0 0 0 0 1 0 0 1 0 0 1 0 1 336.8000004887581 450.30999997258186 36.540000185370445 135.29000101983547 129.82000055909157 413.7699997872114 63.560000255703926 350.2099995315075 49.1800000667572 80.64000049233437 0 421.8199989795685 63.560000255703926 85.7999997138977 0 0 350.2099995315075 71.60999944806099 135.29000101983547 0 0 236.15999880433083 114.05000072717667 98.75000083446503 0 0 0 0 71.60999944806099 0 0 63.560000255703926 0 0 80.64000049233437 0 36.540000185370445 128.04000049829483 642.8200002908707 836.2900005280972 -2.9999997690320015 -4.359999977052212 -2.729999855160713 -2.3099998049438 -1.9399999864399433 -2.3299998566508293 137 9 16 6 4 7 10 5 5 4 3 2 10 4 1 2 3 5 2 4 0 0 2 3 3 1 0 2 0 2 0 3 2 1 1 3 0 1 541.4500001519918 1234.8699990212917 315.19999971985817 137.870000988245 315.74999901652336 919.6699993014336 431.30999921262264 488.3600000888109 130.7400003671646 185.00999864935875 127.71999967098236 808.6100009381771 421.5499993264675 85.7999997138977 127.71999967098236 150.93999986350536 488.3600000888109 169.31000098586082 137.870000988245 0 0 236.15999880433083 252.2000012844801 101.33000080287457 9.759999886155128 0 267.74999852478504 0 169.31000098586082 0 150.93999986350536 153.80000080168247 82.6300003528595 45.089999318122864 185.00999864935875 0 36.540000185370445 236.84999975562096 1548.6300000548363 1907.0599995404482 4.6566128730773926e-7 -11.829999949783087 0.54000024497509 -1.7399995625019073 -7.46999990567565 0.5700002573430538 137 22 28 11 8 16 17 7 10 5 8 7 17 6 3 4 4 10 3 8 2 0 4 6 5 1 0 3 3 3 1 3 3 3 1 6 0 3 1141.5600010156631 2021.0799974650145 453.98999857902527 174.21000154316425 609.0699997991323 1567.0899988859892 643.9399984031916 923.1500004827976 135.1300002783537 388.57999935746193 300.71999971568584 1375.1200022995472 634.1799985170364 280.0699971616268 215.35999955236912 193.60999904572964 923.1500004827976 258.36000277101994 174.21000154316425 162.25000104308128 0 300.37999871373177 622.7700017690659 129.19000156223774 9.759999886155128 0 307.71999894082546 85.36000016331673 258.36000277101994 42.669999182224274 150.93999986350536 326.459999576211 170.27000023424625 45.089999318122864 226.32999831438065 0 45.019999980926514 425.60000102221966 2635.0699990987778 3297.7699987590313 -2.999999165534973 -22.059999898076057 -2.0099995881319046 -4.969999186694622 -15.379999812692404 1.380000475794077 137 39 50 24 12 32 26 14 12 6 16 22 22 9 4 11 7 12 4 12 3 1 6 6 6 5 3 5 7 3 3 4 4 8 3 13 0 6 1729.2600010931492 3649.269990697503 1213.1699958890676 345.3200008124113 1149.7900017350912 2436.0999948084354 1341.339996650815 1094.7599981576204 188.31000177562237 523.3199966400862 982.6500019282103 1825.6399992406368 934.0399989634752 361.00999653339386 543.7399985939264 472.51999831199646 1094.7599981576204 259.1100027859211 345.3200008124113 167.98000094294548 0.7500000149011612 471.9899963885546 622.7700017690659 148.41000182926655 407.2999976873398 205.63000257313251 511.1699990481138 232.53000074625015 258.36000277101994 201.3899985551834 271.12999975681305 422.8699999153614 398.2400005310774 145.49999806284904 355.3399956971407 0 196.90999898314476 668.5900000035763 4527.569995030761 5567.589993581176 2.000001188367605 -38.419999830424786 3.260000456124544 -4.18999881669879 -25.51999967172742 6.7400006130337715 137 58 80 34 16 51 46 25 21 11 22 31 39 17 6 12 14 21 5 16 7 1 7 14 8 8 5 7 13 4 7 7 10 8 4 15 0 8 2618.360005453229 6969.239996820688 2001.3999975770712 600.570001527667 1921.760006994009 4967.839999243617 2903.10999853909 2064.730000704527 314.0400024652481 722.5999964773655 1486.5500065982342 3439.9100026786327 2271.929998666048 435.60999646782875 600.6799985319376 1045.9199986755848 2064.730000704527 330.0100033134222 600.570001527667 339.7000010609627 0.7500000149011612 545.2799957692623 1519.4500049352646 245.77000115811825 631.1799998730421 217.8000022917986 833.5300012081861 667.3200057595968 329.26000329852104 536.9000009447336 509.0199977308512 1438.399997457862 398.2400005310774 202.43999800086021 382.8999954164028 0 354.8000003695488 1050.7699988633394 8228.590006053448 9902.390004754066 4.000002037733793 -60.20999973639846 6.070000894367695 -6.329997979104519 -38.70999948680401 9.150001101195812
138 1 0 0 1 0 0 0 0 0 0 0 0 0 0 0 0 0 0 1 0 0 0 0 1 0 0 0 0 0 0 0 0 0 0 0 0 0 98.75000083446503 0 0 98.75000083446503 0 0 0 0 0 0 0 0 0 0 0 0 0 0 98.75000083446503 0 0 0 0 98.75000083446503 0 0 0 0 0 0 0 0 0 0 0 0 0 4.149999976158142 90.11000108718872 98.75000083446503 7.450580596923828e-9 -0.3999999985098839 0.0 -0.0299999937415123 0.0 -0.11999999731779099 138 3 7 2 2 2 5 0 5 1 1 1 6 0 0 1 0 5 1 2 0 0 2 3 1 0 0 0 0 1 0 0 0 1 0 1 0 1 251.00000077486038 607.5300006270409 119.17000053822994 135.29000101983547 129.82000055909157 488.3600000888109 0 488.3600000888109 49.1800000667572 80.64000049233437 82.6300003528595 559.9699995368719 0 0 82.6300003528595 0 488.3600000888109 71.60999944806099 135.29000101983547 0 0 236.15999880433083 252.2000012844801 98.75000083446503 0 0 0 0 71.60999944806099 0 0 0 82.6300003528595 0 80.64000049233437 0 36.540000185370445 150.79000121355057 681.5100004225969 907.7100014686584 -4.999999776482582 -4.489999983459711 -4.90999985858798 -2.6199998185038567 -1.4299999959766865 -3.5499998666346073 138 9 13 4 4 6 9 3 6 4 2 1 10 3 2 1 2 6 2 4 0 0 2 4 3 0 0 1 0 2 0 2 2 1 0 2 0 1 616.5399989187717 1144.4300023317337 202.15000042319298 137.870000988245 249.24999924004078 942.2800019085407 283.7799997776747 658.500002130866 80.17000012099743 169.07999911904335 82.6300003528595 902.1400032490492 283.7799997776747 185.46999776363373 82.6300003528595 82.97999988496304 658.500002130866 160.6600012332201 137.870000988245 0 0 236.15999880433083 422.3400033265352 101.33000080287457 0 0 129.9799989759922 0 160.6600012332201 0 82.97999988496304 153.80000080168247 82.6300003528595 0 169.07999911904335 0 36.540000185370445 226.7400000244379 1484.1400017887354 1841.1400013715029 -2.9999995343387127 -10.499999947845936 -2.2799997366964817 -3.369999561458826 -6.249999918043613 -2.0999997220933437 138 19 26 8 6 14 18 8 10 5 5 7 16 6 3 3 3 10 3 6 0 0 5 5 4 2 1 3 3 3 0 3 3 2 1 5 0 2 1059.7099995613098 2140.209996789694 402.4999994337559 145.47000078856945 555.0799991041422 1737.709997355938 796.5999975800514 941.1099997758865 135.1300002783537 185.73999866843224 441.6299997419119 1350.4100024104118 699.4399980455637 280.0699971616268 207.41999958455563 150.93999986350536 941.1099997758865 258.36000277101994 145.47000078856945 0 0 471.2599963694811 469.85000340640545 101.33000080287457 97.15999953448772 55.98999984562397 372.9799984693527 178.2200003117323 258.36000277101994 0 150.93999986350536 326.459999576211 162.33000026643276 45.089999318122864 185.73999866843224 0 44.139999985694885 408.70999754965305 2713.540000066161 3335.0499966293573 -1.9999991655349731 -20.059999905526638 -1.0099995508790016 -4.059999164193869 -13.389999825507402 0.39000051468610764 138 35 49 18 11 27 31 15 16 5 14 16 25 11 4 7 6 16 4 11 3 1 6 10 6 4 2 6 6 3 2 4 5 4 3 11 0 5 1775.2000023275614 4053.109995678067 746.6099978983402 199.80000159144402 1142.5500014722347 3306.499997779727 1653.419995829463 1653.080001950264 135.1300002783537 517.8699967861176 829.3000032454729 2267.6600040346384 1311.8099977225065 361.00999653339386 338.99999882280827 356.2199993133545 1653.080001950264 259.1100027859211 199.80000159144402 167.98000094294548 0.7500000149011612 471.9899963885546 1181.0900055617094 148.41000182926655 341.6099981069565 205.63000257313251 657.9299997240305 283.92000183463097 258.36000277101994 85.08999955654144 271.12999975681305 653.879997998476 193.50000075995922 145.49999806284904 349.8899958431721 0 51.38999976217747 725.1799979060888 4854.980000302196 5964.189998298883 -0.9999986551702023 -35.929999839514494 0.17000065743923187 -7.549998622387648 -26.25999967753887 3.410000804811716 138 61 80 34 15 55 46 24 22 12 23 35 39 17 6 14 13 22 5 15 7 1 8 14 8 7 6 6 14 4 7 6 11 9 5 16 0 7 2789.790007635951 7093.739989519119 1980.2499981820583 477.1400016397238 2231.5000064224005 5113.489991337061 2832.0999948084354 2281.3899965286255 436.3200001716614 745.9599962681532 1836.360009163618 3557.109998822212 2251.6899952441454 435.60999646782875 786.389999166131 946.4599989950657 2281.3899965286255 330.0100033134222 477.1400016397238 359.8200009614229 0.7500000149011612 692.9299931228161 1588.4600034058094 229.74000161886215 580.40999956429 381.9000042229891 657.9299997240305 667.3200057595968 329.26000329852104 496.82999923825264 449.62999975681305 1593.759995520115 479.86999993026257 306.51999923586845 386.13999530673027 0 247.40000002086163 1162.5699978768826 8467.400001361966 10320.599997341633 2.000002071261406 -61.89999973028898 4.1600008979439735 -9.899997923523188 -41.40999947860837 6.990001127123833
139 0 0 0 0 1 0 0 0 1 0 0 0 0 0 0 0 0 0 0 0 0 0 0 0 0 0 0 0 0 0 0 0 0 0 0 0 0 0 0 0 0 49.1800000667572 0 0 0 49.1800000667572 0 0 0 0 0 0 0 0 0 0 0 0 0 0 0 0 0 0 0 0 0 0 0 0 0 0 0 0 21.240000247955322 13.609999656677246 49.1800000667572 1.1175870895385742e-8 -0.48999999836087227 0.09000000357627869 0.470000009983778 -0.019999999552965164 0.09000000357627869 139 2 6 1 1 2 5 0 5 1 1 1 5 0 0 1 0 5 0 1 0 0 2 3 1 0 0 0 0 0 0 0 0 1 0 1 0 0 179.3900013267994 570.9900004416704 82.6300003528595 98.75000083446503 129.82000055909157 488.3600000888109 0 488.3600000888109 49.1800000667572 80.64000049233437 82.6300003528595 488.3600000888109 0 0 82.6300003528595 0 488.3600000888109 0 98.75000083446503 0 0 236.15999880433083 252.2000012844801 98.75000083446503 0 0 0 0 0 0 0 0 82.6300003528595 0 80.64000049233437 0 0 146.65000127255917 578.2200007587671 799.560001835227 -4.999999791383743 -3.6899999864399433 -4.90999985858798 -3.059999816119671 -1.4299999959766865 -3.6799998618662357 139 6 11 2 2 3 9 3 6 1 2 1 7 3 2 1 0 6 1 2 0 0 2 4 1 0 0 1 0 1 0 0 2 1 0 2 0 1 524.9099971652031 1061.4500024467707 119.17000053822994 135.29000101983547 218.25999918580055 942.2800019085407 283.7799997776747 658.500002130866 49.1800000667572 169.07999911904335 82.6300003528595 730.110001578927 283.7799997776747 185.46999776363373 82.6300003528595 0 658.500002130866 71.60999944806099 135.29000101983547 0 0 236.15999880433083 422.3400033265352 98.75000083446503 0 0 129.9799989759922 0 71.60999944806099 0 0 153.80000080168247 82.6300003528595 0 169.07999911904335 0 36.540000185370445 214.21000000834465 1306.110000371933 1635.539999678731 -2.9999996200203896 -7.0299999602139 -2.549999762326479 -2.889999642968178 -3.7599999494850636 -2.7799997590482235 139 14 21 5 4 11 16 5 11 5 3 5 15 4 3 2 2 11 2 4 0 0 4 7 3 1 0 2 3 2 0 2 2 2 0 3 0 1 905.2899981588125 1938.180002078414 266.9700004309416 137.870000988245 498.35999923944473 1671.2100016474724 431.30999921262264 1239.9000024348497 135.1300002783537 185.00999864935875 340.55000057816505 1468.6600036472082 421.5499993264675 280.0699971616268 162.33000026643276 68.09999997913837 1239.9000024348497 160.6600012332201 137.870000988245 0 0 416.6799961179495 823.2200063169003 101.33000080287457 9.759999886155128 0 267.74999852478504 178.2200003117323 160.6600012332201 0 68.09999997913837 153.80000080168247 162.33000026643276 0 185.00999864935875 0 36.540000185370445 411.05999886989594 2342.7200025618076 2978.60000051558 -5.999999243766069 -16.0599999204278 -5.009999554604292 -6.2099992595613 -10.809999864548445 -3.5399995297193527 139 26 42 15 7 21 27 13 14 6 7 15 22 10 4 7 5 14 3 7 3 0 5 9 4 3 2 6 6 3 1 4 4 5 2 4 0 3 1644.1800049096346 3517.309997111559 754.5299975723028 174.21000154316425 1083.9300058186054 2762.779999539256 1291.009998127818 1471.770001411438 188.31000177562237 406.0699996352196 885.5100018680096 2043.6800043135881 1080.799999639392 361.00999653339386 395.9599974602461 313.5500001311302 1471.770001411438 258.36000277101994 174.21000154316425 220.33000096678734 0 417.409996137023 1054.360005274415 129.19000156223774 210.2099984884262 205.63000257313251 657.9299997240305 283.92000183463097 258.36000277101994 42.42000037431717 271.12999975681305 422.8699999153614 314.81999810039997 81.13999935984612 185.73999866843224 0 45.019999980926514 716.0400008708239 4258.710003495216 5349.800003796816 -0.9999988228082657 -29.61999986320734 0.2600006088614464 -5.149998743087053 -22.89999971911311 3.9600007459521294 139 51 63 26 14 39 37 16 21 6 18 26 35 12 6 10 10 21 5 14 4 1 7 14 8 4 5 6 10 4 5 5 6 8 2 14 0 6 2190.460004299879 5470.939994946122 1445.9899967461824 434.14000149071217 1413.8700038790703 4024.9499981999397 1779.569998756051 2245.3799994438887 188.31000177562237 623.0699962824583 1164.2500051259995 3262.7100012153387 1440.7899985313416 398.4099963903427 561.0099992901087 688.069998472929 2245.3799994438887 330.0100033134222 434.14000149071217 263.9800006002188 0.7500000149011612 615.6399958878756 1629.740003556013 237.2300025075674 338.7800002247095 217.8000022917986 657.9299997240305 384.690003529191 329.26000329852104 315.95999924838543 372.10999922454357 782.8599988073111 479.86999993026257 81.13999935984612 359.08999568223953 0 196.90999898314476 916.8099995702505 6406.160002455115 7850.460001036525 -4.999998264014721 -48.159999780356884 -3.379999190568924 -13.409998245537281 -33.69999956712127 0.6700009889900684
140 0 1 0 0 0 1 0 1 0 0 0 1 0 0 0 0 1 0 0 0 0 1 0 0 0 0 0 0 0 0 0 0 0 0 0 0 0 0 164.9599987566471 0 0 0 164.9599987566471 0 164.9599987566471 0 0 0 164.9599987566471 0 0 0 0 164.9599987566471 0 0 0 0 164.9599987566471 0 0 0 0 0 0 0 0 0 0 0 0 0 0 0 31.169999316334724 115.2599997073412 164.9599987566471 -0.999999962747097 -0.3999999985098839 -0.9999999701976776 -1.0699999630451202 -0.4699999988079071 -0.9999999701976776 140 2 4 1 1 2 3 0 3 1 1 1 3 0 0 1 0 3 0 1 0 0 2 1 1 0 0 0 0 0 0 0 0 1 0 1 0 0 179.3900013267994 456.93999971449375 82.6300003528595 98.75000083446503 129.82000055909157 374.30999936163425 0 374.30999936163425 49.1800000667572 80.64000049233437 82.6300003528595 374.30999936163425 0 0 82.6300003528595 0 374.30999936163425 0 98.75000083446503 0 0 236.15999880433083 138.15000055730343 98.75000083446503 0 0 0 0 0 0 0 0 82.6300003528595 0 80.64000049233437 0 0 126.57000084221363 496.70000030100346 685.5100011080503 -2.9999998658895493 -2.8899999894201756 -2.909999918192625 -1.5999998673796654 -1.4699999876320362 -1.9999999143183231 140 5 9 2 2 4 7 1 6 2 2 1 6 1 2 1 0 6 0 2 0 0 2 4 1 0 0 1 0 0 0 0 0 1 0 2 0 1 453.2999977171421 915.4400022178888 119.17000053822994 135.29000101983547 273.2199993431568 796.2700016796589 137.76999954879284 658.500002130866 104.14000022411346 169.07999911904335 82.6300003528595 658.500002130866 137.76999954879284 185.46999776363373 82.6300003528595 0 658.500002130866 0 135.29000101983547 0 0 236.15999880433083 422.3400033265352 98.75000083446503 0 0 137.76999954879284 0 0 0 0 0 82.6300003528595 0 169.07999911904335 0 36.540000185370445 237.9799996316433 1121.5600015819073 1472.8800001591444 -4.999999675899744 -6.31999996304512 -4.459999803453684 -3.2299996949732304 -3.739999957382679 -2.9199998043477535 140 10 17 4 4 8 13 4 9 4 3 3 11 4 2 2 1 9 1 4 1 0 4 5 3 0 0 2 1 1 0 1 2 2 0 2 0 1 796.149999499321 1718.8400020301342 266.83000043034554 137.870000988245 568.4800018519163 1452.0100015997887 421.5499993264675 1030.4600022733212 130.7400003671646 296.3700008690357 303.70000088214874 1170.0300016999245 421.5499993264675 185.46999776363373 162.33000026643276 67.95999997854233 1030.4600022733212 71.60999944806099 137.870000988245 127.29000174999237 0 416.6799961179495 613.7800061553717 101.33000080287457 0 0 267.74999852478504 141.37000061571598 71.60999944806099 0 67.95999997854233 153.80000080168247 162.33000026643276 0 169.07999911904335 0 36.540000185370445 390.2100011706352 2034.760002464056 2645.73000189662 -4.999999411404133 -12.499999940395355 -4.279999651014805 -4.389999445527792 -7.5399999134242535 -3.569999650120735 140 22 31 11 4 17 20 8 12 5 6 11 20 7 4 5 5 12 3 4 2 0 4 8 3 1 1 4 5 3 1 4 3 4 1 4 0 1 1499.810004428029 2782.0599986314774 647.079999268055 137.870000988245 914.2400045990944 2134.9799993634224 742.1599985659122 1392.8200007975101 135.1300002783537 347.9899997115135 728.1100035607815 1964.7300036996603 732.3999986797571 361.00999653339386 296.9899989515543 313.5500001311302 1392.8200007975101 258.36000277101994 137.870000988245 162.25000104308128 0 416.6799961179495 976.1400046795607 101.33000080287457 9.759999886155128 149.64000272750854 405.93999910354614 281.48000188171864 258.36000277101994 42.42000037431717 271.12999975681305 326.459999576211 251.89999963343143 45.089999318122864 185.73999866843224 0 36.540000185370445 584.6499996930361 3526.770004093647 4417.00000333786 -3.9999990314245224 -23.12999988719821 -2.829999480396509 -6.7799989730119705 -16.959999792277813 -0.7199993655085564 140 37 58 24 10 31 34 15 19 6 15 21 31 12 4 10 9 19 4 10 3 1 7 12 5 3 4 6 6 3 4 5 6 8 2 12 0 5 1823.3300016969442 5069.079993739724 1393.2399968355894 321.15000073611736 1263.080002605915 3675.8399969041348 1650.9999970197678 2024.839999884367 188.31000177562237 573.0499967038631 1063.4800034314394 2923.470001026988 1440.7899985313416 361.00999653339386 561.0099992901087 640.2699983716011 2024.839999884367 259.1100027859211 321.15000073611736 220.33000096678734 0.7500000149011612 615.6399958878756 1409.2000039964914 129.19000156223774 210.2099984884262 217.8000022917986 657.9299997240305 283.92000183463097 258.36000277101994 268.15999914705753 372.10999922454357 782.8599988073111 479.86999993026257 81.13999935984612 352.7199957370758 0 191.95999917387962 859.9800001978874 5732.209997653961 7081.469997227192 -3.9999984987080097 -40.81999982148409 -2.7399992756545544 -10.209998454898596 -29.769999627023935 1.190000869333744
141 0 1 1 0 0 0 0 0 0 0 1 0 0 0 1 0 0 0 0 0 0 0 0 0 0 0 0 0 0 0 0 0 1 0 0 0 0 0 82.6300003528595 82.6300003528595 0 0 0 0 0 0 0 82.6300003528595 0 0 0 82.6300003528595 0 0 0 0 0 0 0 0 0 0 0 0 0 0 0 0 0 82.6300003528595 0 0 0 0 20.520000457763672 51.97999978065491 82.6300003528595 -3.725290298461914e-9 -0.3999999985098839 -1.1175870895385742e-8 -0.41999999806284904 -0.5099999904632568 -1.1175870895385742e-8 141 2 3 1 1 1 2 0 2 1 0 1 2 0 1 1 0 2 0 1 0 0 1 1 1 0 0 0 0 0 0 0 0 1 0 0 0 0 198.41999888420105 385.73999966681004 82.6300003528595 98.75000083446503 49.1800000667572 303.10999931395054 0 303.10999931395054 49.1800000667572 0 82.6300003528595 303.10999931395054 0 99.66999804973602 82.6300003528595 0 303.10999931395054 0 98.75000083446503 0 0 164.9599987566471 138.15000055730343 98.75000083446503 0 0 0 0 0 0 0 0 82.6300003528595 0 0 0 0 101.27000005543232 472.28999923169613 633.3399986177683 -1.9999998919665813 -2.3599999845027924 -1.72999994084239 -2.1799998804926872 -1.7999999709427357 -1.849999938160181 141 5 8 1 1 3 7 1 6 1 1 2 7 1 1 1 0 6 1 1 0 0 2 4 1 0 0 1 1 1 0 0 0 1 0 1 0 0 492.0399994403124 871.1100014597178 82.6300003528595 98.75000083446503 271.19000117480755 788.4800011068583 129.9799989759922 658.500002130866 49.1800000667572 80.64000049233437 224.00000096857548 730.110001578927 129.9799989759922 99.66999804973602 82.6300003528595 0 658.500002130866 71.60999944806099 98.75000083446503 0 0 236.15999880433083 422.3400033265352 98.75000083446503 0 0 129.9799989759922 141.37000061571598 71.60999944806099 0 0 0 82.6300003528595 0 80.64000049233437 0 0 193.7800005376339 1106.0700011402369 1412.3300009667873 -4.999999675899744 -5.559999972581863 -4.7299997843801975 -2.279999688267708 -2.6999999769032 -3.1399997733533382 141 8 14 2 3 6 12 4 8 3 2 2 9 4 2 1 0 8 1 3 0 0 3 5 2 0 0 2 1 1 0 0 2 1 0 2 0 1 668.8599977493286 1507.6900022476912 119.17000053822994 137.870000988245 441.0100000947714 1388.5200017094612 421.5499993264675 966.9700023829937 130.56000036001205 169.07999911904335 224.00000096857548 1038.5800018310547 421.5499993264675 185.46999776363373 82.6300003528595 0 966.9700023829937 71.60999944806099 137.870000988245 0 0 353.18999622762203 613.7800061553717 101.33000080287457 0 0 267.74999852478504 141.37000061571598 71.60999944806099 0 0 153.80000080168247 82.6300003528595 0 169.07999911904335 0 36.540000185370445 321.08999936282635 1811.8800017237663 2307.110000357032 -3.999999478459358 -10.009999949485064 -3.369999673217535 -3.349999502301216 -5.579999934881926 -3.509999666363001 141 20 31 9 4 15 22 10 12 5 5 9 19 8 4 4 4 12 3 4 1 0 4 8 3 2 1 4 4 3 0 4 4 3 1 4 0 1 1416.3400046676397 3130.709998205304 596.7199989259243 137.870000988245 830.7700048387051 2533.98999927938 1167.3599965572357 1366.6300027221441 135.1300002783537 313.0300004184246 671.6600031256676 1896.120005249977 1070.199997022748 361.00999653339386 289.0499989837408 271.12999975681305 1366.6300027221441 258.36000277101994 137.870000988245 127.29000174999237 0 416.6799961179495 949.9500066041946 101.33000080287457 97.15999953448772 149.64000272750854 512.7299993634224 232.97000141441822 258.36000277101994 0 271.12999975681305 557.4699976593256 243.95999966561794 45.089999318122864 185.73999866843224 0 36.540000185370445 618.4999986290932 3757.660004466772 4682.180003151298 -1.9999990090727806 -22.329999890178442 -0.8299994431436062 -5.4499989785254 -16.419999793171883 0.38000063225626945 141 40 59 22 9 36 37 18 19 8 16 23 30 14 4 10 8 19 4 9 4 1 7 12 5 4 4 6 8 3 3 5 8 7 3 12 0 4 1880.7100014984608 5318.039995133877 1150.8499997109175 175.63000151515007 1482.330001577735 4167.189995422959 2142.3499955385923 2024.839999884367 350.1800009459257 620.5299963653088 1092.8100046664476 2807.170002028346 1800.7399974316359 361.00999653339386 580.440000385046 523.9699993729591 2024.839999884367 259.1100027859211 175.63000151515007 263.9800006002188 0.7500000149011612 615.6399958878756 1409.2000039964914 129.19000156223774 341.6099981069565 217.8000022917986 657.9299997240305 293.8200019747019 258.36000277101994 151.86000014841557 372.10999922454357 1142.8099977076054 395.21999979019165 185.22000059485435 356.54999576509 0 46.43999995291233 947.4400000423193 6071.119998246431 7549.679997593164 -0.9999983943998814 -43.39999981224537 0.4400007836520672 -8.029998380690813 -31.57999962940812 4.200000926852226
142 0 1 0 0 0 1 0 1 0 0 0 1 0 0 0 0 1 0 0 0 0 0 1 0 0 0 0 0 0 0 0 0 0 0 0 0 0 0 138.15000055730343 0 0 0 138.15000055730343 0 138.15000055730343 0 0 0 138.15000055730343 0 0 0 0 138.15000055730343 0 0 0 0 0 138.15000055730343 0 0 0 0 0 0 0 0 0 0 0 0 0 0 15.610000133514404 121.97000041604042 138.15000055730343 -0.999999962747097 -0.3999999985098839 -0.9999999701976776 -0.5999999642372131 0.0 -0.9999999701976776 142 2 4 1 1 1 3 0 3 1 0 1 3 0 1 1 0 3 0 1 0 0 1 2 1 0 0 0 0 0 0 0 0 1 0 0 0 0 198.41999888420105 555.8800017088652 82.6300003528595 98.75000083446503 49.1800000667572 473.25000135600567 0 473.25000135600567 49.1800000667572 0 82.6300003528595 473.25000135600567 0 99.66999804973602 82.6300003528595 0 473.25000135600567 0 98.75000083446503 0 0 164.9599987566471 308.29000259935856 98.75000083446503 0 0 0 0 0 0 0 0 82.6300003528595 0 0 0 0 120.00999973714352 612.400001630187 803.4800006598234 -2.9999998547136784 -2.7599999830126762 -2.7299999110400677 -2.599999837577343 -1.7999999709427357 -2.6699999012053013 142 4 9 1 1 3 8 1 7 1 1 2 7 1 1 1 0 7 0 1 0 0 3 4 1 0 0 1 1 0 0 0 0 1 0 1 0 0 420.4299999922514 988.139998883009 82.6300003528595 98.75000083446503 271.19000117480755 905.5099985301495 129.9799989759922 775.5299995541573 49.1800000667572 80.64000049233437 224.00000096857548 775.5299995541573 129.9799989759922 99.66999804973602 82.6300003528595 0 775.5299995541573 0 98.75000083446503 0 0 353.18999622762203 422.3400033265352 98.75000083446503 0 0 129.9799989759922 141.37000061571598 0 0 0 0 82.6300003528595 0 80.64000049233437 0 0 215.24999968707561 1120.4599997848272 1457.7499989420176 -5.999999660998583 -5.559999972581863 -5.729999769479036 -3.1199996694922447 -2.629999976605177 -4.139999758452177 142 12 18 2 3 9 16 5 11 3 2 5 12 5 3 1 0 11 1 3 0 0 3 8 2 0 1 3 3 1 0 0 2 1 0 2 0 1 1002.1100006848574 1951.0700039863586 119.17000053822994 137.870000988245 657.6300034075975 1831.9000034481287 528.760000616312 1303.1400028318167 108.53000013530254 169.07999911904335 462.65000450611115 1374.7500022798777 528.760000616312 280.0699971616268 82.6300003528595 0 1303.1400028318167 71.60999944806099 137.870000988245 0 0 353.18999622762203 949.9500066041946 101.33000080287457 0 149.64000272750854 374.95999981462955 230.3800014257431 71.60999944806099 0 0 153.80000080168247 82.6300003528595 0 169.07999911904335 0 36.540000185370445 459.05999831855297 2384.9300064891577 3061.7100048065186 -5.999999295920134 -13.079999931156635 -5.189999554306269 -6.749999281018972 -9.259999893605709 -4.739999506622553 142 26 45 14 5 21 31 15 16 5 7 15 25 13 4 6 7 16 2 5 2 0 5 11 4 2 3 6 6 2 2 5 7 6 0 5 0 1 1344.6600014418364 4371.450000882149 867.420000448823 176.07000125944614 818.5900028795004 3504.0300004333258 1687.4199991822243 1816.6100012511015 135.1300002783537 278.77999860048294 754.2600040733814 2458.5700026750565 1590.2599996477365 361.00999653339386 349.58000007271767 481.30000019073486 1816.6100012511015 160.6600012332201 176.07000125944614 101.72999955713749 0 560.3299956172705 1256.280005633831 139.5300010740757 97.15999953448772 161.81000244617462 678.4600000232458 242.87000155448914 160.6600012332201 109.19000096619129 372.10999922454357 911.7999996244907 349.58000007271767 0 177.04999904334545 0 36.540000185370445 646.9999984651804 4814.6900045871735 5851.240002602339 -0.9999986849725246 -30.32999986037612 0.17000073194503784 -4.539998631924391 -20.849999740719795 2.2500008679926395 142 49 70 23 14 38 47 21 26 10 16 24 39 17 6 11 9 26 5 14 5 1 10 16 11 4 4 7 8 4 3 6 10 7 4 11 0 3 2308.080006584525 6536.189987942576 1275.729998037219 377.1000042259693 1624.0300013273954 5260.459989905357 2507.8399949222803 2752.619994983077 423.71999971568584 688.6899973452091 1183.1300019472837 3641.2899986952543 2258.6499959379435 446.96999740600586 670.7599976658821 559.4100004136562 2752.619994983077 330.0100033134222 377.1000042259693 341.1200001090765 0.7500000149011612 896.1599910110235 1856.4600039720535 331.5400042682886 249.18999898433685 217.8000022917986 718.4300004392862 293.8200019747019 329.26000329852104 169.1600008457899 390.2499995678663 1540.2199954986572 412.4999985396862 258.2599991261959 347.5699972361326 0 45.5599999576807 1093.6799990683794 7495.11999720335 9268.739994257689 -4.999997925013304 -52.11999976634979 -3.0199989192187786 -12.389997951686382 -37.14999957382679 0.43000122159719467
143 1 0 0 0 0 0 0 0 0 0 0 0 0 1 0 0 0 0 0 0 0 0 0 0 0 0 0 0 0 0 0 0 0 0 0 0 0 99.66999804973602 0 0 0 0 0 0 0 0 0 0 0 0 99.66999804973602 0 0 0 0 0 0 0 0 0 0 0 0 0 0 0 0 0 0 0 0 0 0 0 8.579999923706055 79.35999858379364 99.66999804973602 1.862645149230957e-8 -0.26999999210238457 0.18000000715255737 -0.5299999713897705 -0.7999999821186066 0.18000000715255737 143 2 4 1 0 1 3 0 3 0 0 2 3 0 1 1 0 3 0 0 0 0 1 2 0 0 0 0 1 0 0 0 0 1 0 0 0 0 241.039998665452 507.95000037550926 82.6300003528595 0 141.37000061571598 425.32000002264977 0 425.32000002264977 0 0 224.00000096857548 425.32000002264977 0 99.66999804973602 82.6300003528595 0 425.32000002264977 0 0 0 0 117.0299974232912 308.29000259935856 0 0 0 0 141.37000061571598 0 0 0 0 82.6300003528595 0 0 0 0 104.72999900579453 591.8600003421307 748.9899990409613 -2.9999998658895493 -2.269999984651804 -2.8199999146163464 -2.4799998439848423 -1.7099999710917473 -2.5499999038875103 143 3 7 1 1 2 6 0 6 1 0 2 6 0 1 1 0 6 0 1 0 0 2 4 1 0 0 0 1 0 0 0 0 1 0 0 0 0 339.78999949991703 1026.2800020426512 82.6300003528595 98.75000083446503 190.55000068247318 943.6500016897917 0 943.6500016897917 49.1800000667572 0 224.00000096857548 943.6500016897917 0 99.66999804973602 82.6300003528595 0 943.6500016897917 0 98.75000083446503 0 0 281.9899961799383 661.6600055098534 98.75000083446503 0 0 0 141.37000061571598 0 0 0 0 82.6300003528595 0 0 0 0 219.37999871373177 1072.5300030261278 1415.2500016093254 -5.999999735504389 -4.359999977052212 -5.7299998216331005 -4.709999717772007 -2.5999999679625034 -5.579999808222055 143 5 12 2 1 4 10 1 9 1 1 4 9 1 1 2 0 9 0 1 0 0 3 6 1 0 1 1 1 0 0 0 0 2 0 1 0 0 570.0700027197599 1423.140001192689 164.25999975204468 98.75000083446503 420.8300039023161 1258.8800014406443 129.9799989759922 1128.900002464652 49.1800000667572 80.64000049233437 455.2700030952692 1128.900002464652 129.9799989759922 99.66999804973602 164.25999975204468 0 1128.900002464652 0 98.75000083446503 0 0 353.18999622762203 775.71000623703 98.75000083446503 0 149.64000272750854 129.9799989759922 141.37000061571598 0 0 0 0 164.25999975204468 0 80.64000049233437 0 0 307.1200003027916 1567.200003400445 2042.390003979206 -7.999999582767487 -7.159999966621399 -7.7299997210502625 -5.119999583810568 -4.009999964386225 -6.0499997064471245 143 17 31 7 3 13 24 7 17 3 5 10 19 7 4 5 1 17 1 3 1 0 4 13 2 0 2 4 3 1 0 1 3 5 0 4 0 1 1148.369999885559 3281.510004669428 479.15999975800514 137.870000988245 744.9800034612417 2802.3500049114227 795.5100009739399 2006.8400039374828 130.56000036001205 234.39999894797802 721.6600042581558 2179.4300028532743 795.5100009739399 361.00999653339386 341.6400001049042 100.97999946773052 2006.8400039374828 71.60999944806099 137.870000988245 58.079999923706055 0 496.839995726943 1510.0000082105398 101.33000080287457 0 149.64000272750854 512.7299993634224 230.3800014257431 71.60999944806099 0 100.97999946773052 282.7800016105175 341.6400001049042 0 176.31999902427197 0 36.540000185370445 602.9299997240305 3634.690005660057 4560.440004914999 -9.999998979270458 -20.149999897927046 -9.009999375790358 -12.869998935610056 -15.9399998113513 -7.919999312609434 143 37 55 18 8 28 37 17 20 8 11 18 32 14 6 9 8 20 4 8 3 0 7 13 7 3 3 6 6 4 2 6 8 6 3 8 0 1 1919.9300042241812 5268.379999235272 1107.7699998766184 226.69000166654587 1303.7300029844046 4160.609999358654 1957.4099977612495 2203.2000015974045 350.1800009459257 548.8699980378151 976.4700031578541 3031.900005429983 1821.2699977308512 446.96999740600586 571.7899991571903 499.4400005340576 2203.2000015974045 329.26000329852104 226.69000166654587 229.02000130712986 0 693.1999933868647 1510.0000082105398 190.15000148117542 136.14000003039837 161.81000244617462 678.4600000232458 242.87000155448914 329.26000329852104 109.19000096619129 390.2499995678663 1142.8099977076054 349.58000007271767 222.20999908447266 319.84999673068523 0 36.540000185370445 883.3999994695187 6116.140005856752 7538.490004405379 -2.999998342245817 -39.9399998113513 -1.199999112635851 -5.969998359680176 -25.47999969497323 0.7800010181963444
144 0 1 0 0 0 1 0 1 0 0 0 1 0 0 0 0 1 0 0 0 0 0 1 0 0 0 0 0 0 0 0 0 0 0 0 0 0 0 170.14000204205513 0 0 0 170.14000204205513 0 170.14000204205513 0 0 0 170.14000204205513 0 0 0 0 170.14000204205513 0 0 0 0 0 170.14000204205513 0 0 0 0 0 0 0 0 0 0 0 0 0 0 18.739999681711197 140.1100023984909 170.14000204205513 -0.999999962747097 -0.3999999985098839 -0.9999999701976776 -0.41999995708465576 0.0 -0.8199999630451202 144 2 3 0 0 1 3 0 3 0 0 1 3 0 1 0 0 3 0 0 0 0 1 2 0 0 0 0 1 0 0 0 0 0 0 0 0 0 241.039998665452 425.32000002264977 0 0 141.37000061571598 425.32000002264977 0 425.32000002264977 0 0 141.37000061571598 425.32000002264977 0 99.66999804973602 0 0 425.32000002264977 0 0 0 0 117.0299974232912 308.29000259935856 0 0 0 0 141.37000061571598 0 0 0 0 0 0 0 0 0 84.20999854803085 539.8800005614758 666.3599986881018 -2.999999862164259 -1.86999998614192 -2.8199999034404755 -2.0599998459219933 -1.1999999806284904 -2.5499998927116394 144 5 8 2 1 4 6 0 6 1 0 5 6 0 1 2 0 6 0 1 0 0 2 4 1 0 1 0 2 0 0 0 0 2 0 0 0 0 544.1800033301115 1107.9100014418364 164.25999975204468 98.75000083446503 394.94000451266766 943.6500016897917 0 943.6500016897917 49.1800000667572 0 510.02000419795513 943.6500016897917 0 99.66999804973602 164.25999975204468 0 943.6500016897917 0 98.75000083446503 0 0 281.9899961799383 661.6600055098534 98.75000083446503 0 149.64000272750854 0 196.1200017184019 0 0 0 0 164.25999975204468 0 0 0 0 263.28999918699265 1302.2000054866076 1701.270004838705 -5.999999724328518 -5.559999972581863 -5.729999832808971 -4.929999697953463 -3.5799999572336674 -5.30999980866909 144 14 21 3 1 11 18 4 14 1 4 8 15 4 3 2 1 14 0 1 1 0 4 10 1 0 3 2 3 0 0 1 2 2 0 3 0 0 912.1100018471479 2339.0500007867813 265.2399992197752 98.75000083446503 587.330004259944 2073.810001567006 447.42000049352646 1626.3900010734797 49.1800000667572 145.96000032126904 556.4500036239624 1727.3700005412102 447.42000049352646 275.20999681949615 164.25999975204468 100.97999946773052 1626.3900010734797 0 98.75000083446503 58.079999923706055 0 496.839995726943 1129.5500053465366 98.75000083446503 0 161.81000244617462 228.19999913871288 230.3800014257431 0 0 100.97999946773052 219.22000135481358 164.25999975204468 0 87.88000039756298 0 0 435.3300006836653 2617.740002527833 3300.3400027006865 -9.999999225139618 -14.09999992698431 -9.369999505579472 -9.899999178946018 -10.059999868273735 -7.539999447762966 144 28 38 11 7 20 27 10 17 5 6 14 24 10 5 5 5 17 2 7 1 0 4 13 6 0 3 5 6 2 2 3 5 5 0 5 0 1 1466.319999203086 3754.3000061511993 654.9200010150671 226.69000166654587 953.6500028669834 3099.3800051361322 1092.5400011986494 2006.8400039374828 188.1300017684698 360.83999709784985 674.5600041598082 2497.850004583597 1092.5400011986494 368.1399966478348 269.8800001591444 348.50000067055225 2006.8400039374828 142.5099999755621 226.69000166654587 58.079999923706055 0 496.839995726943 1510.0000082105398 190.15000148117542 0 161.81000244617462 540.690000474453 242.87000155448914 142.5099999755621 109.19000096619129 239.30999970436096 551.8500007241964 269.8800001591444 0 302.7599971741438 0 36.540000185370445 669.3099991977215 4361.340007573366 5408.750007122755 -6.999998744577169 -28.1999998614192 -5.6499992944300175 -9.479998741298914 -18.42999977990985 -4.929999195039272 144 51 63 22 13 38 41 17 24 10 15 25 39 13 6 11 10 24 6 13 3 1 8 16 12 4 4 6 9 5 4 6 7 8 3 12 0 1 2373.890006363392 5964.6200038045645 1423.640001013875 414.050004735589 1385.1600030064583 4540.9800027906895 1839.4499986320734 2701.530004158616 268.5500011742115 601.2099976092577 1244.8400039374828 3792.7400078624487 1590.2599996477365 446.96999740600586 728.6899996995926 658.410001128912 2701.530004158616 433.5500025898218 414.050004735589 229.02000130712986 0.7500000149011612 762.5399939864874 1938.9900101721287 377.5100045502186 249.18999898433685 217.8000022917986 678.4600000232458 297.6000019311905 432.80000257492065 268.16000156104565 390.2499995678663 911.7999996244907 515.5199998915195 213.16999980807304 372.18999630212784 0 36.540000185370445 1024.5500032752752 6963.990008845925 8607.810011357069 -6.999998040497303 -50.11999977380037 -5.019998997449875 -14.52999808266759 -33.389999609440565 -2.629998840391636
145 1 0 0 0 1 0 0 0 0 0 1 0 0 0 0 0 0 0 0 0 0 0 0 0 0 0 0 1 0 0 0 0 0 0 0 0 0 141.37000061571598 0 0 0 141.37000061571598 0 0 0 0 0 141.37000061571598 0 0 0 0 0 0 0 0 0 0 0 0 0 0 0 0 141.37000061571598 0 0 0 0 0 0 0 0 0 17.159999683499336 115.81000107526779 141.37000061571598 7.450580596923828e-9 -0.3999999985098839 0.0 0.02000001072883606 -0.4699999988079071 0.09000000357627869 145 2 3 0 0 1 3 0 3 0 0 1 3 0 1 0 0 3 0 0 0 0 1 2 0 0 0 0 1 0 0 0 0 0 0 0 0 0 241.039998665452 449.0999995470047 0 0 141.37000061571598 449.0999995470047 0 449.0999995470047 0 0 141.37000061571598 449.0999995470047 0 99.66999804973602 0 0 449.0999995470047 0 0 0 0 117.0299974232912 332.0700021237135 0 0 0 0 141.37000061571598 0 0 0 0 0 0 0 0 0 96.12999773025513 535.3700004965067 690.1399982124567 -2.999999862164259 -1.86999998614192 -2.8199999034404755 -2.5299998447299004 -1.6699999794363976 -2.5499998927116394 145 2 7 2 0 1 5 0 5 0 0 3 5 0 1 2 0 5 0 0 0 0 1 4 0 0 0 0 1 0 0 0 0 2 0 0 0 0 241.039998665452 942.9500026851892 164.25999975204468 0 141.37000061571598 778.6900029331446 0 778.6900029331446 0 0 305.63000036776066 778.6900029331446 0 99.66999804973602 164.25999975204468 0 778.6900029331446 0 0 0 0 117.0299974232912 661.6600055098534 0 0 0 0 141.37000061571598 0 0 0 0 164.25999975204468 0 0 0 0 181.38999958336353 911.5500013828278 1183.9900013506413 -4.999999795109034 -3.4699999801814556 -4.8199998661875725 -4.149999774992466 -2.5799999684095383 -4.549999855458736 145 5 17 3 1 4 14 4 10 1 0 5 11 4 1 2 1 10 0 1 0 0 4 6 1 0 1 3 2 0 0 1 1 2 0 0 0 0 544.1800033301115 2155.789999514818 265.2399992197752 98.75000083446503 394.94000451266766 1890.550000295043 503.9400006234646 1386.6099996715784 49.1800000667572 0 510.02000419795513 1487.589999139309 503.9400006234646 99.66999804973602 164.25999975204468 100.97999946773052 1386.6099996715784 0 98.75000083446503 0 0 496.839995726943 889.7700039446354 98.75000083446503 0 149.64000272750854 374.95999981462955 196.1200017184019 0 0 100.97999946773052 128.98000080883503 164.25999975204468 0 0 0 0 367.019999563694 2184.6600037813187 2749.150002911687 -5.999999456107616 -9.159999959170818 -5.729999631643295 -5.179999399930239 -7.499999914318323 -4.0399995893239975 145 20 34 7 2 14 27 8 19 1 6 12 21 7 5 5 1 19 1 2 2 0 6 13 1 1 3 4 4 1 0 1 3 4 1 4 0 1 1239.7699999511242 3508.1000011116266 472.49999837577343 135.29000101983547 757.4200020432472 3035.600002735853 895.8900010287762 2139.710001707077 49.1800000667572 316.0499981045723 727.1700025945902 2312.3000006228685 856.9100005328655 361.16999769210815 334.97999872267246 100.97999946773052 2139.710001707077 71.60999944806099 135.29000101983547 101.72999955713749 0 629.7099934965372 1510.0000082105398 98.75000083446503 38.980000495910645 161.81000244617462 435.4600005298853 230.3800014257431 71.60999944806099 0 100.97999946773052 421.45000000298023 261.9400001913309 73.03999853134155 214.3199985474348 0 36.540000185370445 530.3700003474951 3918.230000913143 4797.050001129508 -10.99999887868762 -21.439999885857105 -10.009999308735132 -11.459998868405819 -15.099999822676182 -7.9299992471933365 145 38 55 15 11 29 40 17 23 9 11 18 30 16 6 9 4 23 3 11 3 0 7 16 9 1 3 6 6 3 1 3 10 7 2 8 0 2 1878.9300028830767 5913.34999845922 1028.5400009304285 396.42000295221806 1217.4799993634224 4884.809997528791 2257.6599960178137 2627.1500015109777 320.75999915599823 492.0399962067604 1034.4000051915646 3164.790003567934 2218.679995521903 446.96999740600586 629.7200011909008 306.0800002962351 2627.1500015109777 231.5600017607212 396.42000295221806 178.86999906599522 0 699.0499940961599 1928.1000074148178 303.68000350892544 38.980000495910645 161.81000244617462 678.4600000232458 242.87000155448914 231.5600017607212 66.77000059187412 239.30999970436096 1540.2199954986572 452.600001424551 177.1199997663498 313.1699971407652 0 92.73999944329262 944.4599996060133 6584.620001673698 8113.040000498295 -5.99999825283885 -40.829999808222055 -4.1099990382790565 -9.579998265951872 -26.73999970778823 -1.7099988907575607
146 0 1 0 0 0 1 0 1 0 0 0 1 0 0 0 0 1 0 0 0 0 1 0 0 0 0 0 0 0 0 0 0 0 0 0 0 0 0 117.0299974232912 0 0 0 117.0299974232912 0 117.0299974232912 0 0 0 117.0299974232912 0 0 0 0 117.0299974232912 0 0 0 0 117.0299974232912 0 0 0 0 0 0 0 0 0 0 0 0 0 0 0 24.11999912559986 82.629998087883 117.0299974232912 -0.999999962747097 -0.3999999985098839 -0.9999999701976776 -0.5299999639391899 0.07000000029802322 -0.9999999701976776 146 2 4 0 0 1 4 0 4 0 0 1 4 0 1 0 0 4 0 0 0 0 1 3 0 0 0 0 1 0 0 0 0 0 0 0 0 0 241.039998665452 640.5400023758411 0 0 141.37000061571598 640.5400023758411 0 640.5400023758411 0 0 141.37000061571598 640.5400023758411 0 99.66999804973602 0 0 640.5400023758411 0 0 0 0 117.0299974232912 523.5100049525499 0 0 0 0 141.37000061571598 0 0 0 0 0 0 0 0 0 126.6899985820055 679.6000023782253 881.5800010412931 -3.999999824911356 -2.269999984651804 -3.819999873638153 -3.0599998086690903 -1.5999999791383743 -3.549999862909317 146 3 7 1 0 2 6 0 6 0 0 3 6 0 1 1 0 6 0 0 0 0 1 5 0 0 1 0 1 0 0 0 0 1 0 0 0 0 390.68000139296055 1007.4000017791986 81.62999939918518 0 291.0100033432245 925.7700023800135 0 925.7700023800135 0 0 372.6400027424097 925.7700023800135 0 99.66999804973602 81.62999939918518 0 925.7700023800135 0 0 0 0 117.0299974232912 808.7400049567223 0 0 149.64000272750854 0 141.37000061571598 0 0 0 0 81.62999939918518 0 0 0 0 200.5999996215105 1092.8200035095215 1398.0800031721592 -5.99999974668026 -3.8699999786913395 -5.819999825209379 -4.669999714940786 -3.0499999672174454 -4.999999802559614 146 6 15 4 1 5 11 1 10 1 1 6 11 1 1 3 1 10 0 1 1 0 3 7 1 0 1 0 2 0 0 1 1 3 0 0 0 0 602.2600032538176 1922.830002516508 305.7499984949827 98.75000083446503 453.0200044363737 1617.0800040215254 128.98000080883503 1488.1000032126904 49.1800000667572 58.079999923706055 550.5300034731627 1589.0800026804209 128.98000080883503 99.66999804973602 204.7699990272522 100.97999946773052 1488.1000032126904 0 98.75000083446503 58.079999923706055 0 425.6399956792593 1062.460007533431 98.75000083446503 0 149.64000272750854 0 196.1200017184019 0 0 100.97999946773052 128.98000080883503 204.7699990272522 0 0 0 0 345.4099998474121 2033.570006340742 2574.270005837083 -8.999999541789293 -8.759999960660934 -8.729999709874392 -8.489999517798424 -6.009999934583902 -8.30999968573451 146 17 29 5 2 12 24 6 18 1 5 10 19 5 4 4 1 18 0 2 1 0 6 12 2 1 3 4 3 0 0 1 1 4 0 4 0 0 1046.2700021713972 3093.610005632043 362.91999965906143 149.37000124156475 679.5100027024746 2730.6900059729815 603.420001834631 2127.2700041383505 49.1800000667572 272.39999847114086 619.8700043559074 2228.250003606081 564.4400013387203 266.56999829411507 261.9400001913309 100.97999946773052 2127.2700041383505 0 149.37000124156475 58.079999923706055 0 629.7099934965372 1497.5600106418133 149.37000124156475 38.980000495910645 161.81000244617462 435.4600005298853 196.1200017184019 0 0 100.97999946773052 128.98000080883503 261.9400001913309 0 214.3199985474348 0 0 513.0000013709068 3372.210006892681 4189.060007870197 -11.99999899417162 -18.369999904185534 -11.189999360591173 -9.999998986721039 -11.939999863505363 -8.649999305605888 146 33 46 13 9 22 33 10 23 4 10 14 30 9 6 6 5 23 2 9 2 0 7 16 7 1 3 4 5 2 2 3 5 5 1 8 0 2 1659.20000128448 4747.810005262494 935.8200005292892 345.47000263631344 944.890000641346 3811.990004733205 1117.1700015366077 2694.820003196597 127.89999993145466 414.8999966979027 840.0900040864944 3242.41000418365 1078.190001040697 446.96999740600586 438.0000000745058 405.0800010114908 2694.820003196597 142.5099999755621 345.47000263631344 101.72999955713749 0 699.0499940961599 1995.7700091004372 252.73000319302082 38.980000495910645 161.81000244617462 435.4600005298853 240.28000156581402 142.5099999755621 165.77000130712986 239.30999970436096 642.7300005108118 364.96000154316425 73.03999853134155 313.1699971407652 0 92.73999944329262 753.6300021708012 5290.700004354119 6534.910006478429 -12.99999850988388 -32.77999983727932 -11.559999153017998 -16.009998571127653 -21.449999764561653 -10.179999079555273
147 0 1 0 0 0 1 0 1 0 0 0 1 0 0 0 0 1 0 0 0 0 0 1 0 0 0 0 0 0 0 0 0 0 0 0 0 0 0 161.93000008165836 0 0 0 161.93000008165836 0 161.93000008165836 0 0 0 161.93000008165836 0 0 0 0 161.93000008165836 0 0 0 0 0 161.93000008165836 0 0 0 0 0 0 0 0 0 0 0 0 0 0 27.529999315738678 117.46000035107136 161.93000008165836 -0.999999962747097 -0.3999999985098839 -0.9999999701976776 -1.0699999630451202 -0.4699999988079071 -0.9999999701976776 147 1 5 1 0 1 4 0 4 0 0 2 4 0 0 1 0 4 0 0 0 0 1 3 0 0 0 0 1 0 0 0 0 1 0 0 0 0 141.37000061571598 699.1099991798401 81.62999939918518 0 141.37000061571598 617.4799997806549 0 617.4799997806549 0 0 223.00000001490116 617.4799997806549 0 0 81.62999939918518 0 617.4799997806549 0 0 0 0 117.0299974232912 500.4500023573637 0 0 0 0 141.37000061571598 0 0 0 0 81.62999939918518 0 0 0 0 142.45999984443188 624.3299995362759 840.4799997955561 -3.9999998472630978 -2.3999999910593033 -3.9999998919665813 -2.7899998389184475 -1.739999994635582 -3.4499998800456524 147 3 9 2 0 2 7 0 7 0 0 3 8 0 1 1 1 7 0 0 0 0 2 5 0 0 1 0 1 0 0 1 0 1 0 0 0 0 390.68000139296055 1267.9400020688772 182.6099988669157 0 291.0100033432245 1085.3300032019615 0 1085.3300032019615 0 0 372.6400027424097 1186.310002669692 0 99.66999804973602 81.62999939918518 100.97999946773052 1085.3300032019615 0 0 0 0 260.6799969226122 824.6500062793493 0 0 149.64000272750854 0 141.37000061571598 0 0 100.97999946773052 0 81.62999939918518 0 0 0 0 230.29999984800816 1301.9200038462877 1658.6200034618378 -6.999999701976776 -4.669999975711107 -6.819999795407057 -6.4499996565282345 -4.499999955296516 -5.819999765604734 147 8 15 4 0 7 11 1 10 1 3 6 11 1 2 3 1 10 0 0 1 0 2 8 0 0 1 0 2 0 0 1 1 3 0 2 0 0 640.3200005739927 1894.2100073695183 280.28999930620193 0 582.700002476573 1613.9200080633163 128.98000080883503 1484.9400072544813 49.1800000667572 187.75999796390533 525.0700042843819 1585.9200067222118 128.98000080883503 106.79999816417694 179.3099998384714 100.97999946773052 1484.9400072544813 0 0 58.079999923706055 0 260.6799969226122 1224.2600103318691 0 0 149.64000272750854 0 196.1200017184019 0 0 100.97999946773052 128.98000080883503 179.3099998384714 0 129.67999804019928 0 0 339.0900007933378 2061.5000067949295 2583.710008010268 -8.999999515712261 -9.429999951273203 -8.549999702721834 -8.689999513328075 -6.949999932199717 -8.18999968841672 147 16 30 6 3 11 24 5 19 2 3 10 21 4 4 4 2 19 0 3 1 0 7 12 3 1 3 3 3 0 0 2 1 4 0 2 0 0 961.6300016641617 3330.5100032240152 381.0600000023842 149.37000124156475 615.0100020170212 2949.450003221631 542.9200011193752 2406.530002102256 69.31999988853931 187.75999796390533 619.8700043559074 2525.650001913309 503.9400006234646 266.56999829411507 261.9400001913309 119.11999981105328 2406.530002102256 0 149.37000124156475 58.079999923706055 0 699.0499940961599 1707.4800080060959 149.37000124156475 38.980000495910645 161.81000244617462 374.95999981462955 196.1200017184019 0 0 119.11999981105328 128.98000080883503 261.9400001913309 0 129.67999804019928 0 0 524.0800016969442 3502.8400041013956 4361.460004776716 -13.999998975545168 -18.859999902546406 -13.099999349564314 -13.82999898120761 -13.4099998511374 -11.319999314844608 147 33 46 14 8 22 32 8 24 2 12 14 32 7 5 6 6 24 2 8 2 0 7 17 6 1 3 4 5 2 2 4 3 5 1 10 0 2 1666.4800025224686 4889.660008773208 1102.0200023204088 342.8900026679039 950.0400016903877 3787.640006452799 920.8700011819601 2866.7700052708387 69.31999988853931 478.6299977898598 840.0900040864944 3612.49000787735 881.8900006860495 361.16999769210815 438.0000000745058 571.2800028026104 2866.7700052708387 174.43999980390072 342.8900026679039 101.72999955713749 0 699.0499940961599 2167.720011174679 250.15000322461128 38.980000495910645 161.81000244617462 435.4600005298853 240.28000156581402 174.43999980390072 165.77000130712986 405.51000149548054 446.43000015616417 364.96000154316425 73.03999853134155 376.8999982327223 0 92.73999944329262 826.1000040024519 5279.970006346703 6625.460011184216 -15.999998543411493 -31.929999846965075 -14.919999167323112 -18.19999857991934 -21.469999756664038 -12.439999099820852
148 0 1 0 0 0 1 0 1 0 0 0 1 0 0 0 0 1 0 0 0 0 0 1 0 0 0 0 0 0 0 0 0 0 0 0 0 0 0 191.44000282883644 0 0 0 191.44000282883644 0 191.44000282883644 0 0 0 191.44000282883644 0 0 0 0 191.44000282883644 0 0 0 0 0 191.44000282883644 0 0 0 0 0 0 0 0 0 0 0 0 0 0 30.560000851750374 144.23000188171864 191.44000282883644 -0.999999962747097 -0.3999999985098839 -0.9999999701976776 -0.5299999639391899 0.07000000029802322 -0.9999999701976776 148 0 5 1 0 0 4 0 4 0 0 1 4 0 0 1 0 4 0 0 0 0 1 3 0 0 0 0 0 0 0 0 0 1 0 0 0 0 0 699.1099991798401 81.62999939918518 0 0 617.4799997806549 0 617.4799997806549 0 0 81.62999939918518 617.4799997806549 0 0 81.62999939918518 0 617.4799997806549 0 0 0 0 117.0299974232912 500.4500023573637 0 0 0 0 0 0 0 0 0 81.62999939918518 0 0 0 0 125.30000016093254 508.5199984610081 699.1099991798401 -3.9999998547136784 -1.9999999925494194 -3.9999998919665813 -2.8099998496472836 -1.2699999958276749 -3.539999883621931 148 2 8 1 0 1 7 0 7 0 0 2 7 0 1 1 0 7 0 0 0 0 2 5 0 0 0 0 1 0 0 0 0 1 0 0 0 0 241.039998665452 1166.9600026011467 81.62999939918518 0 141.37000061571598 1085.3300032019615 0 1085.3300032019615 0 0 223.00000001490116 1085.3300032019615 0 99.66999804973602 81.62999939918518 0 1085.3300032019615 0 0 0 0 260.6799969226122 824.6500062793493 0 0 0 0 141.37000061571598 0 0 0 0 81.62999939918518 0 0 0 0 214.90999980270863 1075.5200018584728 1408.0000012665987 -6.999999716877937 -3.8699999786913395 -6.819999795407057 -5.699999686330557 -3.4799999743700027 -5.909999769181013 148 4 13 3 0 4 10 0 10 1 1 4 11 0 1 2 1 10 0 0 0 0 3 7 0 0 1 0 1 0 0 1 0 2 0 1 0 0 517.1199995428324 1815.4800045341253 265.2399992197752 0 466.63000155985355 1550.2400053143501 0 1550.2400053143501 49.1800000667572 126.43999814987183 455.2700030952692 1651.2200047820807 0 99.66999804973602 164.25999975204468 100.97999946773052 1550.2400053143501 0 0 0 0 425.6399956792593 1124.6000096350908 0 0 149.64000272750854 0 141.37000061571598 0 0 100.97999946773052 0 164.25999975204468 0 126.43999814987183 0 0 365.17000064253807 1829.7200034111738 2381.780004143715 -9.999999575316906 -7.159999966621399 -9.729999713599682 -9.119999524205923 -6.43999994173646 -8.63999968022108 148 9 21 4 1 8 17 2 15 1 3 7 16 2 1 3 1 15 0 1 1 0 4 11 1 0 2 1 2 0 0 1 1 3 0 2 0 0 731.9400012940168 2637.5000041872263 305.7499984949827 98.75000083446503 582.700002476573 2331.7500056922436 227.2000009715557 2104.550004720688 49.1800000667572 187.75999796390533 550.5300034731627 2205.5300041884184 227.2000009715557 99.66999804973602 204.7699990272522 100.97999946773052 2104.550004720688 0 98.75000083446503 58.079999923706055 0 496.839995726943 1607.7100089937449 98.75000083446503 0 149.64000272750854 98.22000016272068 196.1200017184019 0 0 100.97999946773052 128.98000080883503 204.7699990272522 0 129.67999804019928 0 0 494.43000258505344 2656.8100035190582 3418.6200055480003 -12.999999303370714 -12.35999994724989 -12.729999538511038 -12.689999297261238 -9.339999917894602 -11.269999515265226 148 23 42 11 4 18 31 8 23 4 7 13 27 7 6 6 4 23 0 4 2 0 7 16 3 1 3 5 4 0 0 4 2 6 0 5 0 1 1476.6600013673306 4452.33000934124 886.7100031375885 185.9100014269352 1031.020002901554 3565.6200062036514 831.4300019294024 2734.190004274249 150.70000018179417 488.1299988478422 836.8500053286552 3139.7000057697296 792.4500014334917 446.96999740600586 444.6600014567375 405.51000149548054 2734.190004274249 0 185.9100014269352 185.37000167369843 0 693.1999933868647 2040.9900108873844 149.37000124156475 38.980000495910645 161.81000244617462 573.2300000786781 230.3800014257431 0 0 405.51000149548054 219.22000135481358 444.6600014567375 0 302.7599971741438 0 36.540000185370445 796.6300051063299 4790.0100074112415 6079.690010890365 -14.999998647719622 -27.179999858140945 -13.55999918654561 -15.259998675435781 -19.539999794214964 -10.539999142289162
149 0 1 1 0 0 0 0 0 0 0 1 0 0 0 1 0 0 0 0 0 0 0 0 0 0 0 0 0 0 0 0 0 1 0 0 0 0 0 81.62999939918518 81.62999939918518 0 0 0 0 0 0 0 81.62999939918518 0 0 0 81.62999939918518 0 0 0 0 0 0 0 0 0 0 0 0 0 0 0 0 0 81.62999939918518 0 0 0 0 18.570000410079956 57.999998807907104 81.62999939918518 -3.725290298461914e-9 -0.3999999985098839 -1.1175870895385742e-8 -0.07000000402331352 -0.4699999988079071 -1.1175870895385742e-8 149 0 5 1 0 0 4 0 4 0 0 1 4 0 0 1 0 4 0 0 0 0 1 3 0 0 0 0 0 0 0 0 0 1 0 0 0 0 0 725.7300012558699 81.62999939918518 0 0 644.1000018566847 0 644.1000018566847 0 0 81.62999939918518 644.1000018566847 0 0 81.62999939918518 0 644.1000018566847 0 0 0 0 143.64999949932098 500.4500023573637 0 0 0 0 0 0 0 0 0 81.62999939918518 0 0 0 0 123.64000095427036 532.4500003159046 725.7300012558699 -3.9999998547136784 -1.9999999925494194 -3.9999998919665813 -3.349999848753214 -1.8099999949336052 -3.539999883621931 149 2 8 1 0 2 7 0 7 0 1 2 7 0 0 1 0 7 0 0 0 0 2 5 0 0 0 0 1 0 0 0 0 1 0 1 0 0 267.8099987655878 1166.9600026011467 81.62999939918518 0 267.8099987655878 1085.3300032019615 0 1085.3300032019615 0 126.43999814987183 223.00000001490116 1085.3300032019615 0 0 81.62999939918518 0 1085.3300032019615 0 0 0 0 260.6799969226122 824.6500062793493 0 0 0 0 141.37000061571598 0 0 0 0 81.62999939918518 0 126.43999814987183 0 0 220.81999976933002 1099.280001372099 1434.7700013667345 -6.999999728053808 -3.999999985098839 -6.999999802559614 -5.14999970421195 -3.1499999910593033 -5.999999772757292 149 4 12 2 0 3 10 0 10 0 1 3 11 0 1 1 1 10 0 0 0 0 2 8 0 0 1 0 1 0 0 1 0 1 0 1 0 0 517.1199995428324 1713.0400034338236 182.6099988669157 0 417.45000149309635 1530.4300045669079 0 1530.4300045669079 0 126.43999814987183 372.6400027424097 1631.4100040346384 0 99.66999804973602 81.62999939918518 100.97999946773052 1530.4300045669079 0 0 0 0 260.6799969226122 1269.7500076442957 0 0 149.64000272750854 0 141.37000061571598 0 0 100.97999946773052 0 81.62999939918518 0 126.43999814987183 0 0 300.1600008159876 1769.160002157092 2230.160002976656 -9.999999582767487 -6.269999969750643 -9.81999970600009 -9.989999528974295 -6.419999942183495 -8.729999672621489 149 9 21 6 0 8 15 1 14 1 3 8 16 1 2 4 2 14 0 0 1 0 4 10 0 0 2 0 2 0 0 2 1 4 0 2 0 0 640.3200005739927 2711.380004927516 529.120001450181 0 582.700002476573 2182.260003477335 128.98000080883503 2053.2800026685 49.1800000667572 187.75999796390533 607.7000046372414 2320.46000392735 128.98000080883503 106.79999816417694 261.9400001913309 267.1800012588501 2053.2800026685 0 0 58.079999923706055 0 505.04999424517155 1548.2300084233284 0 0 149.64000272750854 0 196.1200017184019 0 0 267.1800012588501 128.98000080883503 261.9400001913309 0 129.67999804019928 0 0 466.69000232219696 2671.170003414154 3400.880005568266 -12.999999355524778 -12.22999994084239 -12.549999594688416 -13.139999333769083 -9.849999908357859 -11.829999566078186 149 18 35 9 3 12 26 5 21 2 4 11 25 4 5 5 4 21 0 3 1 0 8 13 3 1 3 3 3 0 1 3 1 5 0 3 0 0 1060.230001077056 3999.1200114786625 749.2800038605928 149.37000124156475 619.0100020319223 3249.8400076180696 542.9200011193752 2706.9200064986944 69.31999988853931 191.7599979788065 722.8900057077408 3091.240008816123 503.9400006234646 361.16999769210815 364.96000154316425 384.3200023174286 2706.9200064986944 0 149.37000124156475 58.079999923706055 0 827.4899964183569 1879.4300100803375 149.37000124156475 38.980000495910645 161.81000244617462 374.95999981462955 196.1200017184019 0 99.00000071525574 285.32000160217285 128.98000080883503 364.96000154316425 0 133.67999805510044 0 0 640.630004093051 4086.480009034276 5128.670012444258 -15.999998863786459 -21.529999885708094 -14.919999293982983 -16.98999883979559 -17.10999980941415 -12.869999248534441
150 0 1 0 0 0 1 0 1 0 0 0 1 0 0 0 0 1 0 0 0 0 0 1 0 0 0 0 0 0 0 0 0 0 0 0 0 0 0 147.0799994468689 0 0 0 147.0799994468689 0 147.0799994468689 0 0 0 147.0799994468689 0 0 0 0 147.0799994468689 0 0 0 0 0 147.0799994468689 0 0 0 0 0 0 0 0 0 0 0 0 0 0 24.520000457763672 106.19999933242798 147.0799994468689 -0.999999962747097 -0.3999999985098839 -0.9999999701976776 -0.60999995470047 -0.4699999988079071 -0.5399999618530273 150 0 6 1 0 0 5 0 5 0 0 1 5 0 0 1 0 5 0 0 0 0 1 4 0 0 0 0 0 0 0 0 0 1 0 0 0 0 0 879.7900031358004 81.62999939918518 0 0 798.1600037366152 0 798.1600037366152 0 0 81.62999939918518 798.1600037366152 0 0 81.62999939918518 0 798.1600037366152 0 0 0 0 143.64999949932098 654.5100042372942 0 0 0 0 0 0 0 0 0 81.62999939918518 0 0 0 0 146.31000138819218 657.6100017130375 879.7900031358004 -4.999999817460775 -2.3999999910593033 -4.999999862164259 -4.239999804645777 -2.2799999937415123 -4.359999846667051 150 1 8 1 0 1 7 0 7 0 1 1 7 0 0 1 0 7 0 0 0 0 2 5 0 0 0 0 0 0 0 0 0 1 0 1 0 0 126.43999814987183 1158.6200033575296 81.62999939918518 0 126.43999814987183 1076.9900039583445 0 1076.9900039583445 0 126.43999814987183 81.62999939918518 1076.9900039583445 0 0 81.62999939918518 0 1076.9900039583445 0 0 0 0 260.6799969226122 816.3100070357323 0 0 0 0 0 0 0 0 0 81.62999939918518 0 126.43999814987183 0 0 216.76000115275383 965.2199998050928 1285.0600015074015 -6.999999735504389 -3.599999986588955 -6.999999802559614 -5.819999720901251 -3.1499999910593033 -6.269999783486128 150 3 13 2 0 3 11 0 11 0 1 3 12 0 0 1 1 11 0 0 0 0 2 9 0 0 1 0 1 0 0 1 0 1 0 1 0 0 417.45000149309635 1853.3700036555529 182.6099988669157 0 417.45000149309635 1670.7600047886372 0 1670.7600047886372 0 126.43999814987183 372.6400027424097 1771.7400042563677 0 0 81.62999939918518 100.97999946773052 1670.7600047886372 0 0 0 0 260.6799969226122 1410.080007866025 0 0 149.64000272750854 0 141.37000061571598 0 0 100.97999946773052 0 81.62999939918518 0 126.43999814987183 0 0 315.98000176250935 1786.6200032681227 2270.820005148649 -10.999999564141035 -6.399999976158142 -10.999999683350325 -10.349999513477087 -6.089999958872795 -9.729999642819166 150 6 19 4 0 4 15 1 14 0 1 5 16 1 2 2 2 14 0 0 0 0 3 11 0 0 1 0 2 0 0 2 1 2 0 1 0 0 579.0000007599592 2578.5700067281723 389.3199999332428 0 472.2000025957823 2189.2500067949295 128.98000080883503 2060.2700059860945 0 126.43999814987183 467.90000312030315 2327.4500072449446 128.98000080883503 106.79999816417694 122.1399986743927 267.1800012588501 2060.2700059860945 0 0 0 0 340.08999548852444 1720.18001049757 0 0 149.64000272750854 0 196.1200017184019 0 0 267.1800012588501 128.98000080883503 122.1399986743927 0 126.43999814987183 0 0 400.45000283420086 2542.5900047272444 3157.5700074881315 -12.99999938160181 -9.739999949932098 -12.639999575912952 -11.959999345242977 -7.869999930262566 -11.649999536573887 150 15 32 9 3 11 23 4 19 2 3 11 23 3 3 5 4 19 0 3 1 0 7 12 3 1 3 1 3 0 1 3 2 5 0 2 0 0 880.6900022923946 3779.2900116741657 749.2800038605928 149.37000124156475 615.0100020170212 3030.010007813573 472.51000195741653 2557.5000058561563 69.31999988853931 187.75999796390533 722.8900057077408 2941.820008173585 433.5300014615059 185.62999892234802 364.96000154316425 384.3200023174286 2557.5000058561563 0 149.37000124156475 58.079999923706055 0 756.2899963706732 1801.2100094854832 149.37000124156475 38.980000495910645 161.81000244617462 98.22000016272068 196.1200017184019 0 99.00000071525574 285.32000160217285 335.3100012987852 364.96000154316425 0 129.67999804019928 0 0 614.790005132556 3721.6400097608566 4729.3000138551 -14.999999020248652 -19.38999990746379 -14.279999397695065 -15.709999021142721 -14.03999986499548 -13.36999935284257
151 0 1 0 0 0 1 0 1 0 0 0 1 0 0 0 0 1 0 0 0 0 1 0 0 0 0 0 0 0 0 0 0 0 0 0 0 0 0 143.64999949932098 0 0 0 143.64999949932098 0 143.64999949932098 0 0 0 143.64999949932098 0 0 0 0 143.64999949932098 0 0 0 0 143.64999949932098 0 0 0 0 0 0 0 0 0 0 0 0 0 0 0 22.459999918937683 106.55999994277954 143.64999949932098 -0.999999962747097 -0.3999999985098839 -0.9999999701976776 -1.0699999630451202 -0.4699999988079071 -0.9999999701976776 151 1 4 1 0 1 3 0 3 0 1 1 3 0 0 1 0 3 0 0 0 0 1 2 0 0 0 0 0 0 0 0 0 1 0 1 0 0 126.43999814987183 526.4200002253056 81.62999939918518 0 126.43999814987183 444.7900008261204 0 444.7900008261204 0 126.43999814987183 81.62999939918518 444.7900008261204 0 0 81.62999939918518 0 444.7900008261204 0 0 0 0 143.64999949932098 301.1400013267994 0 0 0 0 0 0 0 0 0 81.62999939918518 0 126.43999814987183 0 0 102.71000111103058 499.03999757766724 652.8599983751774 -2.9999998845160007 -1.9999999925494194 -2.9999999217689037 -2.6199998669326305 -2.3499999940395355 -2.2699999026954174 151 1 8 1 0 1 7 0 7 0 1 1 7 0 0 1 0 7 0 0 0 0 1 6 0 0 0 0 0 0 0 0 0 1 0 1 0 0 126.43999814987183 1181.9200061559677 81.62999939918518 0 126.43999814987183 1100.2900067567825 0 1100.2900067567825 0 126.43999814987183 81.62999939918518 1100.2900067567825 0 0 81.62999939918518 0 1100.2900067567825 0 0 0 0 143.64999949932098 956.6400072574615 0 0 0 0 0 0 0 0 0 81.62999939918518 0 126.43999814987183 0 0 217.04000289738178 979.410001412034 1308.3600043058395 -6.999999735504389 -3.599999986588955 -6.999999802559614 -6.179999712854624 -3.6899999901652336 -6.0899997763335705 151 2 12 2 0 2 10 0 10 0 1 2 11 0 0 1 1 10 0 0 0 0 2 8 0 0 0 0 1 0 0 1 0 1 0 1 0 0 267.8099987655878 1818.9300052821636 247.83000119030476 0 267.8099987655878 1571.1000040918589 0 1571.1000040918589 0 126.43999814987183 223.00000001490116 1737.3000058829784 0 0 81.62999939918518 166.20000179111958 1571.1000040918589 0 0 0 0 260.6799969226122 1310.4200071692467 0 0 0 0 141.37000061571598 0 0 166.20000179111958 0 81.62999939918518 0 126.43999814987183 0 0 328.5700022727251 1585.4600018262863 2086.7400040477514 -9.999999608844519 -5.599999979138374 -9.999999713152647 -8.579999562352896 -5.5399999767541885 -8.63999966904521 151 4 18 3 0 3 15 1 14 0 1 3 16 1 1 1 2 14 0 0 0 0 3 11 0 0 1 0 1 0 0 2 1 1 0 1 0 0 517.1199995428324 2587.0900112092495 348.8100006580353 0 417.45000149309635 2238.280010551214 128.98000080883503 2109.300009742379 0 126.43999814987183 372.6400027424097 2376.4800110012293 128.98000080883503 99.66999804973602 81.62999939918518 267.1800012588501 2109.300009742379 0 0 0 0 389.11999924480915 1720.18001049757 0 0 149.64000272750854 0 141.37000061571598 0 0 267.1800012588501 128.98000080883503 81.62999939918518 0 126.43999814987183 0 0 419.4500035196543 2469.9400073736906 3104.210010752082 -12.999999403953552 -8.669999960809946 -12.819999571889639 -13.009999345988035 -8.339999929070473 -11.919999536126852 151 12 28 8 1 10 20 4 16 2 3 10 19 3 3 5 3 16 0 1 1 0 5 11 1 1 3 1 2 0 1 2 2 5 0 2 0 0 797.7100000977516 3557.320012539625 731.1400035172701 50.620000407099724 615.0100020170212 2826.180009022355 472.51000195741653 2353.6700070649385 69.31999988853931 187.75999796390533 722.8900057077408 2719.8500090390444 433.5300014615059 201.39999756217003 364.96000154316425 366.18000197410583 2353.6700070649385 0 50.620000407099724 58.079999923706055 0 633.4899965673685 1720.18001049757 50.620000407099724 38.980000495910645 161.81000244617462 98.22000016272068 196.1200017184019 0 99.00000071525574 267.1800012588501 335.3100012987852 364.96000154316425 0 129.67999804019928 0 0 598.010004863143 3464.6000080406666 4424.350012525916 -11.999999161809683 -16.589999917894602 -11.279999487102032 -13.199999127537012 -13.529999874532223 -10.569999437779188
152 0 1 0 0 0 1 0 1 0 0 0 1 0 0 0 0 1 0 0 0 0 0 1 0 0 0 0 0 0 0 0 0 0 0 0 0 0 0 154.0600018799305 0 0 0 154.0600018799305 0 154.0600018799305 0 0 0 154.0600018799305 0 0 0 0 154.0600018799305 0 0 0 0 0 154.0600018799305 0 0 0 0 0 0 0 0 0 0 0 0 0 0 22.670000433921814 125.16000139713287 154.0600018799305 -0.999999962747097 -0.3999999985098839 -0.9999999701976776 -0.8899999558925629 -0.4699999988079071 -0.8199999630451202 152 1 4 0 0 1 4 0 4 0 1 0 4 0 0 0 0 4 0 0 0 0 1 3 0 0 0 0 0 0 0 0 0 0 0 1 0 0 126.43999814987183 606.5900036245584 0 0 126.43999814987183 606.5900036245584 0 606.5900036245584 0 126.43999814987183 0 606.5900036245584 0 0 0 0 606.5900036245584 0 0 0 0 143.64999949932098 462.94000412523746 0 0 0 0 0 0 0 0 0 0 0 126.43999814987183 0 0 115.98000144958496 562.9000006765127 733.0300017744303 -3.9999998435378075 -1.9999999925494194 -3.9999998807907104 -3.6199998259544373 -2.3499999940395355 -3.269999861717224 152 1 9 1 0 1 8 0 8 0 1 1 8 0 0 1 0 8 0 0 0 0 1 7 0 0 0 0 0 0 0 0 0 1 0 1 0 0 126.43999814987183 1365.5600040256977 81.62999939918518 0 126.43999814987183 1283.9300046265125 0 1283.9300046265125 0 126.43999814987183 81.62999939918518 1283.9300046265125 0 0 81.62999939918518 0 1283.9300046265125 0 0 0 0 143.64999949932098 1140.2800051271915 0 0 0 0 0 0 0 0 0 81.62999939918518 0 126.43999814987183 0 0 240.57000322639942 1122.4399990290403 1492.0000021755695 -7.999999698251486 -3.999999985098839 -7.999999772757292 -7.759999666363001 -4.6699999794363976 -7.089999746531248 152 1 12 2 0 1 10 0 10 0 1 1 11 0 0 1 1 10 0 0 0 0 2 8 0 0 0 0 0 0 0 1 0 1 0 1 0 0 126.43999814987183 1820.7400053143501 247.83000119030476 0 126.43999814987183 1572.9100041240454 0 1572.9100041240454 0 126.43999814987183 81.62999939918518 1739.110005915165 0 0 81.62999939918518 166.20000179111958 1572.9100041240454 0 0 0 0 260.6799969226122 1312.2300072014332 0 0 0 0 0 0 0 166.20000179111958 0 81.62999939918518 0 126.43999814987183 0 0 313.19000336527824 1467.7999998927116 1947.180003464222 -9.9999996162951 -5.1999999806284904 -9.999999713152647 -8.77999958023429 -5.069999977946281 -8.909999679774046 152 4 18 3 0 3 15 2 13 0 1 3 15 2 1 1 2 13 0 0 0 0 3 10 0 0 1 0 1 0 0 2 2 1 0 1 0 0 517.1199995428324 2655.2700111418962 348.8100006580353 0 417.45000149309635 2306.460010483861 335.3100012987852 1971.1500091850758 0 126.43999814987183 372.6400027424097 2238.330010443926 335.3100012987852 99.66999804973602 81.62999939918518 267.1800012588501 1971.1500091850758 0 0 0 0 389.11999924480915 1582.0300099402666 0 0 149.64000272750854 0 141.37000061571598 0 0 267.1800012588501 335.3100012987852 81.62999939918518 0 126.43999814987183 0 0 415.9200036972761 2520.65000744164 3172.3900106847286 -10.999999418854713 -8.669999960809946 -10.8199995867908 -11.4099993519485 -8.80999992787838 -9.84999954327941 152 10 24 6 1 7 18 3 15 0 3 7 18 2 2 3 3 15 0 1 1 0 4 11 1 1 2 0 2 0 0 3 2 3 0 2 0 0 690.9400009810925 3187.0700096488 624.0699995458126 50.620000407099724 533.5200024098158 2563.0000101029873 374.29000179469585 2188.7100083082914 0 187.75999796390533 525.0700042843819 2633.4700080156326 335.3100012987852 106.79999816417694 179.3099998384714 444.7599997073412 2188.7100083082914 0 50.620000407099724 58.079999923706055 0 468.5299978107214 1720.18001049757 50.620000407099724 38.980000495910645 149.64000272750854 0 196.1200017184019 0 0 444.7599997073412 335.3100012987852 179.3099998384714 0 129.67999804019928 0 0 493.1000031530857 3106.120007663965 3878.0100106298923 -11.999999269843102 -13.339999936521053 -11.639999531209469 -11.829999264329672 -10.189999915659428 -10.979999501258135
153 1 0 0 0 1 0 0 0 0 1 0 0 0 0 0 0 0 0 0 0 0 0 0 0 0 0 0 0 0 0 0 0 0 0 1 0 0 126.43999814987183 0 0 0 126.43999814987183 0 0 0 0 126.43999814987183 0 0 0 0 0 0 0 0 0 0 0 0 0 0 0 0 0 0 0 0 0 0 0 0 126.43999814987183 0 0 14.489999890327454 103.11999809741974 126.43999814987183 7.450580596923828e-9 -0.3999999985098839 0.0 0.02000001072883606 -0.4699999988079071 0.09000000357627869 153 1 4 0 0 1 4 0 4 0 1 0 4 0 0 0 0 4 0 0 0 0 1 3 0 0 0 0 0 0 0 0 0 0 0 1 0 0 126.43999814987183 599.8400043994188 0 0 126.43999814987183 599.8400043994188 0 599.8400043994188 0 126.43999814987183 0 599.8400043994188 0 0 0 0 599.8400043994188 0 0 0 0 143.64999949932098 456.19000490009785 0 0 0 0 0 0 0 0 0 0 0 126.43999814987183 0 0 115.8600018620491 553.520001038909 726.2800025492907 -3.9999998435378075 -1.9999999925494194 -3.9999998807907104 -3.89999982714653 -2.3499999940395355 -3.549999862909317 153 1 8 2 0 1 6 0 6 0 1 1 7 0 0 1 1 6 0 0 0 0 1 5 0 0 0 0 0 0 0 1 0 1 0 1 0 0 126.43999814987183 1178.3900029063225 247.83000119030476 0 126.43999814987183 930.5600017160177 0 930.5600017160177 0 126.43999814987183 81.62999939918518 1096.7600035071373 0 0 81.62999939918518 166.20000179111958 930.5600017160177 0 0 0 0 143.64999949932098 786.9100022166967 0 0 0 0 0 0 0 166.20000179111958 0 81.62999939918518 0 126.43999814987183 0 0 210.46000361442566 985.2199980318546 1304.8300010561943 -5.999999765306711 -3.599999986588955 -5.999999832361937 -6.049999725073576 -4.739999979734421 -4.9099997989833355 153 1 11 2 0 1 9 0 9 0 1 1 10 0 0 1 1 9 0 0 0 0 1 8 0 0 0 0 0 0 0 1 0 1 0 1 0 0 126.43999814987183 1703.710007891059 247.83000119030476 0 126.43999814987183 1455.8800067007542 0 1455.8800067007542 0 126.43999814987183 81.62999939918518 1622.0800084918737 0 0 81.62999939918518 166.20000179111958 1455.8800067007542 0 0 0 0 143.64999949932098 1312.2300072014332 0 0 0 0 0 0 0 166.20000179111958 0 81.62999939918518 0 126.43999814987183 0 0 289.0700042396784 1385.1700018048286 1830.1500060409307 -8.999999653548002 -4.799999982118607 -8.99999974295497 -8.2499996162951 -5.139999978244305 -7.909999709576368 153 3 18 3 0 3 15 2 13 0 1 3 15 2 0 1 2 13 0 0 0 0 3 10 0 0 1 0 1 0 0 2 2 1 0 1 0 0 417.45000149309635 2655.2700111418962 348.8100006580353 0 417.45000149309635 2306.460010483861 335.3100012987852 1971.1500091850758 0 126.43999814987183 372.6400027424097 2238.330010443926 335.3100012987852 0 81.62999939918518 267.1800012588501 1971.1500091850758 0 0 0 0 389.11999924480915 1582.0300099402666 0 0 149.64000272750854 0 141.37000061571598 0 0 267.1800012588501 335.3100012987852 81.62999939918518 0 126.43999814987183 0 0 407.34000377357006 2441.2900088578463 3072.7200126349926 -10.999999437481165 -8.399999968707561 -10.999999593943357 -10.87999938055873 -8.009999945759773 -10.029999550431967 153 10 23 6 1 8 17 2 15 1 3 7 18 2 2 3 3 15 0 1 1 0 4 11 1 0 2 0 2 0 0 3 2 3 0 2 0 0 690.9400009810925 3193.940009340644 669.9199997335672 50.620000407099724 553.6600022315979 2524.0200096070766 335.3100012987852 2188.7100083082914 20.139999821782112 187.75999796390533 570.9200044721365 2633.4700080156326 335.3100012987852 106.79999816417694 225.16000002622604 444.7599997073412 2188.7100083082914 0 50.620000407099724 58.079999923706055 0 468.5299978107214 1720.18001049757 50.620000407099724 0 149.64000272750854 0 196.1200017184019 0 0 444.7599997073412 335.3100012987852 225.16000002622604 0 129.67999804019928 0 0 524.3000039309263 3072.3900063335896 3905.0200101435184 -12.999999277293682 -13.429999936372042 -12.549999538809061 -12.899999275803566 -10.169999923557043 -11.849999506026506
154 0 1 0 0 0 1 0 1 0 0 0 1 0 0 0 0 1 0 0 0 0 0 1 0 0 0 0 0 0 0 0 0 0 0 0 0 0 0 161.80000279843807 0 0 0 161.80000279843807 0 161.80000279843807 0 0 0 161.80000279843807 0 0 0 0 161.80000279843807 0 0 0 0 0 161.80000279843807 0 0 0 0 0 0 0 0 0 0 0 0 0 0 31.84000074863434 121.86000190675259 161.80000279843807 -0.999999962747097 -0.3999999985098839 -0.9999999701976776 -1.0699999630451202 -0.4699999988079071 -0.9999999701976776 154 1 4 0 0 1 4 0 4 0 1 0 4 0 0 0 0 4 0 0 0 0 0 4 0 0 0 0 0 0 0 0 0 0 0 1 0 0 126.43999814987183 639.8300027698278 0 0 126.43999814987183 639.8300027698278 0 639.8300027698278 0 126.43999814987183 0 639.8300027698278 0 0 0 0 639.8300027698278 0 0 0 0 0 639.8300027698278 0 0 0 0 0 0 0 0 0 0 0 126.43999814987183 0 0 116.93000227212906 589.9899987131357 766.2700009196997 -3.9999998435378075 -1.9999999925494194 -3.9999998807907104 -4.409999817609787 -2.8599999845027924 -3.549999862909317 154 1 8 1 0 1 7 0 7 0 1 0 8 0 0 0 1 7 0 0 0 0 1 6 0 0 0 0 0 0 0 1 0 0 0 1 0 0 126.43999814987183 1268.710005581379 166.20000179111958 0 126.43999814987183 1102.5100037902594 0 1102.5100037902594 0 126.43999814987183 0 1268.710005581379 0 0 0 166.20000179111958 1102.5100037902594 0 0 0 0 143.64999949932098 958.8600042909384 0 0 0 0 0 0 0 166.20000179111958 0 0 0 126.43999814987183 0 0 212.41000366210938 1065.4800007641315 1395.1500037312508 -6.999999724328518 -3.599999986588955 -6.999999791383743 -6.579999685287476 -4.269999980926514 -5.909999758005142 154 1 12 2 0 1 10 0 10 0 1 1 11 0 0 1 1 10 0 0 0 0 2 8 0 0 0 0 0 0 0 1 0 1 0 1 0 0 126.43999814987183 1832.1500102132559 247.83000119030476 0 126.43999814987183 1584.3200090229511 0 1584.3200090229511 0 126.43999814987183 81.62999939918518 1750.5200108140707 0 0 81.62999939918518 166.20000179111958 1584.3200090229511 0 0 0 0 272.09000182151794 1312.2300072014332 0 0 0 0 0 0 0 166.20000179111958 0 81.62999939918518 0 126.43999814987183 0 0 318.20000495016575 1478.550003349781 1958.5900083631277 -9.9999996162951 -5.1999999806284904 -9.999999713152647 -9.31999957934022 -5.609999977052212 -8.909999679774046 154 1 16 3 0 1 13 1 12 0 1 1 14 1 0 1 2 12 0 0 0 0 3 9 0 0 0 0 0 0 0 2 1 1 0 1 0 0 126.43999814987183 2432.7500072717667 425.40999963879585 0 126.43999814987183 2007.3400076329708 206.33000048995018 1801.0100071430206 0 126.43999814987183 81.62999939918518 2144.7900073826313 206.33000048995018 0 81.62999939918518 343.7800002396107 1801.0100071430206 0 0 0 0 389.11999924480915 1411.8900078982115 0 0 0 0 0 0 0 343.7800002396107 206.33000048995018 81.62999939918518 0 126.43999814987183 0 0 388.930003836751 1961.0900014191866 2559.1900054216385 -10.999999511986971 -6.799999974668026 -10.999999638646841 -9.759999472647905 -6.4099999740719795 -9.839999597519636 154 7 23 6 0 3 17 2 15 0 1 5 18 2 4 3 3 15 0 0 0 0 4 11 0 0 1 0 1 0 0 3 2 3 0 1 0 0 797.5000032484531 3217.53000767529 676.8099977076054 0 417.45000149309635 2540.7200099676847 335.3100012987852 2205.4100086688995 0 126.43999814987183 523.0600013434887 2650.1700083762407 335.3100012987852 380.0500017553568 232.04999800026417 444.7599997073412 2205.4100086688995 0 0 0 0 468.5299978107214 1736.8800108581781 0 0 149.64000272750854 0 141.37000061571598 0 0 444.7599997073412 335.3100012987852 232.04999800026417 0 126.43999814987183 0 0 534.910003811121 3181.4800076037645 4015.0300109237432 -12.999999288469553 -11.47999992966652 -12.279999528080225 -12.53999923542142 -10.659999907016754 -11.219999480992556
155 0 1 0 0 0 1 0 1 0 0 0 1 0 0 0 0 1 0 0 0 0 0 1 0 0 0 0 0 0 0 0 0 0 0 0 0 0 0 140.33000022172928 0 0 0 140.33000022172928 0 140.33000022172928 0 0 0 140.33000022172928 0 0 0 0 140.33000022172928 0 0 0 0 0 140.33000022172928 0 0 0 0 0 0 0 0 0 0 0 0 0 0 24.400000870227814 96.81999969482422 140.33000022172928 -0.999999962747097 -0.3999999985098839 -0.9999999701976776 -0.8899999558925629 -0.4699999988079071 -0.8199999630451202 155 1 4 1 0 1 3 0 3 0 1 0 4 0 0 0 1 3 0 0 0 0 0 3 0 0 0 0 0 0 0 1 0 0 0 1 0 0 126.43999814987183 651.9700026810169 166.20000179111958 0 126.43999814987183 485.77000088989735 0 485.77000088989735 0 126.43999814987183 0 651.9700026810169 0 0 0 166.20000179111958 485.77000088989735 0 0 0 0 0 485.77000088989735 0 0 0 0 0 0 0 166.20000179111958 0 0 0 126.43999814987183 0 0 122.24000239372253 589.2999985516071 778.4100008308887 -2.99999987334013 -1.9999999925494194 -2.999999910593033 -3.4099998474121094 -2.8599999845027924 -2.5499998927116394 155 1 8 1 0 1 7 0 7 0 1 0 8 0 0 0 1 7 0 0 0 0 2 5 0 0 0 0 0 0 0 1 0 0 0 1 0 0 126.43999814987183 1250.070008456707 166.20000179111958 0 126.43999814987183 1083.8700066655874 0 1083.8700066655874 0 126.43999814987183 0 1250.070008456707 0 0 0 166.20000179111958 1083.8700066655874 0 0 0 0 272.09000182151794 811.7800048440695 0 0 0 0 0 0 0 166.20000179111958 0 0 0 126.43999814987183 0 0 217.02000391483307 1052.660002976656 1376.5100066065788 -6.999999724328518 -3.599999986588955 -6.999999791383743 -7.039999693632126 -4.269999980926514 -6.3699997663497925 155 1 11 2 0 1 9 1 8 0 1 0 10 1 0 0 2 8 0 0 0 0 2 6 0 0 0 0 0 0 0 2 1 0 0 1 0 0 126.43999814987183 1781.0600068420172 343.7800002396107 0 126.43999814987183 1437.2800066024065 206.33000048995018 1230.9500061124563 0 126.43999814987183 0 1574.730006352067 206.33000048995018 0 0 343.7800002396107 1230.9500061124563 0 0 0 0 272.09000182151794 958.8600042909384 0 0 0 0 0 0 0 343.7800002396107 206.33000048995018 0 0 126.43999814987183 0 0 288.1500041335821 1459.5400016009808 1907.500004991889 -6.9999996572732925 -4.799999982118607 -6.99999974668026 -6.649999611079693 -5.609999977052212 -5.839999705553055 155 4 16 4 0 1 12 1 11 0 1 2 13 1 3 2 2 11 0 0 0 0 2 9 0 0 0 0 0 0 0 2 1 2 0 1 0 0 499.3599997907877 2425.630009174347 535.3199989646673 0 126.43999814987183 1890.3100102096796 206.33000048995018 1683.9800097197294 0 126.43999814987183 191.53999872505665 2027.76000995934 206.33000048995018 372.92000164091587 191.53999872505665 343.7800002396107 1683.9800097197294 0 0 0 0 272.09000182151794 1411.8900078982115 0 0 0 0 0 0 0 343.7800002396107 206.33000048995018 191.53999872505665 0 126.43999814987183 0 0 435.0900045335293 2247.7200052291155 2924.9900089651346 -9.99999949708581 -7.60999995097518 -9.459999658167362 -9.799999445676804 -8.259999938309193 -8.299999617040157 155 7 23 7 0 3 16 2 14 0 2 4 18 2 4 3 4 14 0 0 0 0 4 10 0 0 1 0 0 0 0 4 2 3 0 2 0 0 787.6600019782782 3226.300008609891 855.7200006842613 0 407.61000022292137 2370.5800079256296 335.3100012987852 2035.2700066268444 0 257.9699974954128 381.6900007277727 2658.9400093108416 335.3100012987852 380.0500017553568 232.04999800026417 623.6700026839972 2035.2700066268444 0 0 0 0 468.5299978107214 1566.740008816123 0 0 149.64000272750854 0 0 0 0 623.6700026839972 335.3100012987852 232.04999800026417 0 257.9699974954128 0 0 549.0200040489435 3164.270007058978 4013.960010588169 -11.999999318271875 -11.47999992966652 -11.279999557882547 -11.719999272376299 -10.659999907016754 -10.399999517947435
156 0 1 0 0 0 1 0 1 0 0 0 1 0 0 0 0 1 0 0 0 0 0 1 0 0 0 0 0 0 0 0 0 0 0 0 0 0 0 183.63999786973 0 0 0 183.63999786973 0 183.63999786973 0 0 0 183.63999786973 0 0 0 0 183.63999786973 0 0 0 0 0 183.63999786973 0 0 0 0 0 0 0 0 0 0 0 0 0 0 23.53000032901764 143.0299976170063 183.63999786973 -0.999999962747097 -0.3999999985098839 -0.9999999701976776 -1.579999953508377 -0.9799999892711639 -0.9999999701976776 156 0 5 1 0 0 4 0 4 0 0 0 5 0 0 0 1 4 0 0 0 0 0 4 0 0 0 0 0 0 0 1 0 0 0 0 0 0 0 823.9200047552586 166.20000179111958 0 0 657.720002964139 0 657.720002964139 0 0 0 823.9200047552586 0 0 0 166.20000179111958 657.720002964139 0 0 0 0 0 657.720002964139 0 0 0 0 0 0 0 166.20000179111958 0 0 0 0 0 0 128.27000296115875 624.4400019943714 823.9200047552586 -3.9999998435378075 -1.9999999925494194 -3.9999998807907104 -4.029999822378159 -2.3899999856948853 -3.6399998664855957 156 1 8 1 0 1 7 1 6 0 1 0 7 1 0 0 1 6 0 0 0 0 1 5 0 0 0 0 0 0 0 1 1 0 0 1 0 0 126.43999814987183 1312.7500094473362 166.20000179111958 0 126.43999814987183 1146.5500076562166 206.33000048995018 940.2200071662664 0 126.43999814987183 0 1106.420008957386 206.33000048995018 0 0 166.20000179111958 940.2200071662664 0 0 0 0 128.44000232219696 811.7800048440695 0 0 0 0 0 0 0 166.20000179111958 206.33000048995018 0 0 126.43999814987183 0 0 206.64000430703163 1118.7800035178661 1439.190007597208 -4.999999739229679 -3.599999986588955 -4.9999998062849045 -4.969999700784683 -4.269999980926514 -4.29999977350235 156 1 13 3 0 1 10 1 9 0 1 1 11 1 0 1 2 9 0 0 0 0 2 7 0 0 0 0 0 0 0 2 1 1 0 1 0 0 126.43999814987183 1962.3500069379807 425.40999963879585 0 126.43999814987183 1536.9400072991848 206.33000048995018 1330.6100068092346 0 126.43999814987183 81.62999939918518 1674.3900070488453 206.33000048995018 0 81.62999939918518 343.7800002396107 1330.6100068092346 0 0 0 0 272.09000182151794 1058.5200049877167 0 0 0 0 0 0 0 343.7800002396107 206.33000048995018 81.62999939918518 0 126.43999814987183 0 0 306.72000454366207 1616.7700010985136 2088.7900050878525 -7.99999962374568 -5.599999979138374 -7.999999728053808 -7.629999581724405 -6.079999975860119 -6.839999686926603 156 4 20 6 0 1 14 2 12 0 1 3 15 2 3 3 3 12 0 0 0 0 3 9 0 0 0 0 0 0 0 3 2 3 0 1 0 0 370.0699992328882 2775.5100072920322 676.8099977076054 0 126.43999814987183 2098.700009584427 335.3100012987852 1763.3900082856417 0 126.43999814987183 232.04999800026417 2208.150007992983 335.3100012987852 243.6300010830164 232.04999800026417 444.7599997073412 1763.3900082856417 0 0 0 0 351.5000003874302 1411.8900078982115 0 0 0 0 0 0 0 444.7599997073412 335.3100012987852 232.04999800026417 0 126.43999814987183 0 0 420.2200050652027 2484.770002141595 3145.5800065249205 -9.999999433755875 -9.209999945014715 -9.45999962463975 -9.859999414533377 -8.4799999371171 -8.939999599009752 156 15 27 9 2 8 18 3 15 1 3 9 20 2 5 5 4 15 1 2 0 0 5 10 2 1 2 0 2 1 1 3 2 5 0 3 0 0 1147.8300056606531 3414.900009959936 936.0000009387732 50.620000407099724 554.930003285408 2478.900009021163 374.29000179469585 2104.610007226467 20.139999821782112 189.02999901771545 738.0000049620867 2751.9100069254637 335.3100012987852 458.88000251352787 392.2400005161762 543.7600004225969 2104.610007226467 103.53999927639961 50.620000407099724 0 0 537.8699984103441 1566.740008816123 50.620000407099724 38.980000495910645 149.64000272750854 0 196.1200017184019 103.53999927639961 99.00000071525574 444.7599997073412 335.3100012987852 392.2400005161762 0 189.02999901771545 0 0 625.2700057476759 3593.380010306835 4582.870015442371 -11.999999172985554 -16.6399999037385 -11.009999513626099 -14.039999157190323 -14.379999864846468 -9.939999472349882
157 0 1 1 0 0 0 0 0 0 0 0 1 0 0 0 1 0 0 0 0 0 0 0 0 0 0 0 0 0 0 1 0 0 0 0 0 0 0 166.20000179111958 166.20000179111958 0 0 0 0 0 0 0 0 166.20000179111958 0 0 0 166.20000179111958 0 0 0 0 0 0 0 0 0 0 0 0 0 0 166.20000179111958 0 0 0 0 0 0 27.98000055551529 124.47000123560429 166.20000179111958 7.450580596923828e-9 -0.3999999985098839 0.0 0.11000001430511475 -0.4699999988079071 0.18000000715255737 157 0 5 1 0 0 4 0 4 0 0 0 5 0 0 0 1 4 0 0 0 0 1 3 0 0 0 0 0 0 0 1 0 0 0 0 0 0 0 790.5600042790174 166.20000179111958 0 0 624.3600024878979 0 624.3600024878979 0 0 0 790.5600042790174 0 0 0 166.20000179111958 624.3600024878979 0 0 0 0 128.44000232219696 495.9200001657009 0 0 0 0 0 0 0 166.20000179111958 0 0 0 0 0 0 125.56000292301178 595.9600016325712 790.5600042790174 -3.9999998435378075 -1.9999999925494194 -3.9999998807907104 -4.029999822378159 -2.3899999856948853 -3.6399998664855957 157 1 8 2 0 1 6 1 5 0 1 0 7 1 0 0 2 5 0 0 0 0 1 4 0 0 0 0 0 0 0 2 1 0 0 1 0 0 126.43999814987183 1336.2700060158968 343.7800002396107 0 126.43999814987183 992.4900057762861 206.33000048995018 786.160005286336 0 126.43999814987183 0 1129.9400055259466 206.33000048995018 0 0 343.7800002396107 786.160005286336 0 0 0 0 128.44000232219696 657.720002964139 0 0 0 0 0 0 0 343.7800002396107 206.33000048995018 0 0 126.43999814987183 0 0 218.50000332295895 1121.6200009286404 1462.7100041657686 -3.9999997690320015 -3.599999986588955 -3.999999836087227 -4.07999973744154 -4.1999999806284904 -3.4799998104572296 157 2 11 3 0 1 8 1 7 0 1 1 9 1 1 1 2 7 0 0 0 0 2 5 0 0 0 0 0 0 0 2 1 1 0 1 0 0 234.37999720871449 1743.8900067210197 453.68999956548214 0 126.43999814987183 1290.2000071555376 206.33000048995018 1083.8700066655874 0 126.43999814987183 109.90999932587147 1427.650006905198 206.33000048995018 107.93999905884266 109.90999932587147 343.7800002396107 1083.8700066655874 0 0 0 0 272.09000182151794 811.7800048440695 0 0 0 0 0 0 0 343.7800002396107 206.33000048995018 109.90999932587147 0 126.43999814987183 0 0 299.0600036531687 1504.920001477003 1978.2700039297342 -5.999999679625034 -5.069999974220991 -5.819999780505896 -6.059999641031027 -5.829999968409538 -5.119999747723341 157 4 15 4 0 1 11 1 10 0 1 2 12 1 3 2 2 10 0 0 0 0 2 8 0 0 0 0 0 0 0 2 1 2 0 1 0 0 499.3599997907877 2227.1100071817636 535.3199989646673 0 126.43999814987183 1691.7900082170963 206.33000048995018 1485.4600077271461 0 126.43999814987183 191.53999872505665 1829.2400079667568 206.33000048995018 372.92000164091587 191.53999872505665 343.7800002396107 1485.4600077271461 0 0 0 0 272.09000182151794 1213.3700059056282 0 0 0 0 0 0 0 343.7800002396107 206.33000048995018 191.53999872505665 0 126.43999814987183 0 0 399.76000513136387 2107.5500032156706 2726.4700069725513 -8.999999534338713 -7.209999952465296 -8.459999687969685 -9.089999474585056 -8.329999938607216 -7.119999639689922 157 6 22 7 0 3 15 2 13 1 2 3 17 2 4 3 4 13 0 0 0 0 3 10 0 0 0 0 0 0 0 4 2 3 0 2 0 0 638.0199992507696 3109.2700111865997 855.7200006842613 0 278.10999731719494 2253.5500105023384 335.3100012987852 1918.2400092035532 20.139999821782112 257.9699974954128 232.04999800026417 2541.9100118875504 335.3100012987852 380.0500017553568 232.04999800026417 623.6700026839972 1918.2400092035532 0 0 0 0 351.5000003874302 1566.740008816123 0 0 0 0 0 0 0 623.6700026839972 335.3100012987852 232.04999800026417 0 257.9699974954128 0 0 511.59000493586063 2954.5900063961744 3767.4300102591515 -10.999999351799488 -11.169999931007624 -10.189999584108591 -10.749999329447746 -10.199999924749136 -9.489999551326036
158 0 1 0 0 0 1 0 1 0 0 0 1 0 0 0 0 1 0 0 0 0 0 1 0 0 0 0 0 0 0 0 0 0 0 0 0 0 0 171.95000207424164 0 0 0 171.95000207424164 0 171.95000207424164 0 0 0 171.95000207424164 0 0 0 0 171.95000207424164 0 0 0 0 0 171.95000207424164 0 0 0 0 0 0 0 0 0 0 0 0 0 0 20.520000457763672 138.26000154018402 171.95000207424164 -0.999999962747097 -0.3999999985098839 -0.9999999701976776 -0.5999999642372131 0.0 -0.9999999701976776 158 0 5 1 0 0 4 1 3 0 0 0 4 1 0 0 1 3 0 0 0 0 1 2 0 0 0 0 0 0 0 1 1 0 0 0 0 0 0 856.5600045472383 166.20000179111958 0 0 690.3600027561188 206.33000048995018 484.0300022661686 0 0 0 650.2300040572882 206.33000048995018 0 0 166.20000179111958 484.0300022661686 0 0 0 0 128.44000232219696 355.58999994397163 0 0 0 0 0 0 0 166.20000179111958 206.33000048995018 0 0 0 0 0 113.24000236392021 671.8200024217367 856.5600045472383 -1.9999998584389687 -1.9999999925494194 -1.9999998956918716 -2.1399998366832733 -2.3899999856948853 -1.7499998807907104 158 1 8 2 0 0 6 1 5 0 0 0 7 1 1 0 2 5 0 0 0 0 1 4 0 0 0 0 0 0 0 2 1 0 0 0 0 0 107.93999905884266 1336.2700060158968 343.7800002396107 0 0 992.4900057762861 206.33000048995018 786.160005286336 0 0 0 1129.9400055259466 206.33000048995018 107.93999905884266 0 343.7800002396107 786.160005286336 0 0 0 0 128.44000232219696 657.720002964139 0 0 0 0 0 0 0 343.7800002396107 206.33000048995018 0 0 0 0 0 218.91000372171402 1102.5600020587444 1444.2100050747395 -3.9999997578561306 -3.4699999801814556 -3.8199998289346695 -4.1199997290968895 -4.019999973475933 -3.389999806880951 158 2 10 3 0 1 7 1 6 0 1 1 8 1 1 1 2 6 0 0 0 0 1 5 0 0 0 0 0 0 0 2 1 1 0 1 0 0 234.37999720871449 1600.2400072216988 453.68999956548214 0 126.43999814987183 1146.5500076562166 206.33000048995018 940.2200071662664 0 126.43999814987183 109.90999932587147 1284.000007405877 206.33000048995018 107.93999905884266 109.90999932587147 343.7800002396107 940.2200071662664 0 0 0 0 128.44000232219696 811.7800048440695 0 0 0 0 0 0 0 343.7800002396107 206.33000048995018 109.90999932587147 0 126.43999814987183 0 0 276.600003734231 1398.3600015342236 1834.6200044304132 -4.999999716877937 -4.669999975711107 -4.819999810308218 -4.989999677985907 -5.359999969601631 -4.119999777525663 158 4 17 3 0 1 14 2 12 0 1 1 14 2 3 1 2 12 0 0 0 0 4 8 0 0 0 0 0 0 0 2 2 1 0 1 0 0 499.3599997907877 2423.2100077569485 453.68999956548214 0 126.43999814987183 1969.5200081914663 335.3100012987852 1634.2100068926811 0 126.43999814987183 109.90999932587147 1977.9900071322918 335.3100012987852 372.92000164091587 109.90999932587147 343.7800002396107 1634.2100068926811 0 0 0 0 420.8400009870529 1213.3700059056282 0 0 0 0 0 0 0 343.7800002396107 335.3100012987852 109.90999932587147 0 126.43999814987183 0 0 394.02000500261784 2311.1200040876865 2922.570007547736 -9.999999433755875 -8.009999949485064 -9.459999602288008 -11.009999375790358 -8.879999920725822 -8.669999565929174 158 12 27 10 2 5 17 3 14 1 4 5 20 2 5 5 5 14 1 2 0 0 4 10 2 1 0 0 0 1 1 4 2 5 0 4 0 0 933.6000005602837 3476.780015513301 1114.9100039154291 50.620000407099724 340.69999818503857 2361.870011597872 374.29000179469585 1987.580009803176 20.139999821782112 320.55999836325645 392.2400005161762 2813.7900124788284 335.3100012987852 458.88000251352787 392.2400005161762 722.6700033992529 1987.580009803176 103.53999927639961 50.620000407099724 0 0 420.8400009870529 1566.740008816123 50.620000407099724 38.980000495910645 0 0 0 103.53999927639961 99.00000071525574 623.6700026839972 335.3100012987852 392.2400005161762 0 320.55999836325645 0 0 608.6600064784288 3461.980010420084 4430.520015895367 -10.999999225139618 -15.439999908208847 -10.009999543428421 -12.959999211132526 -13.939999874681234 -9.20999951288104
159 0 1 0 0 0 1 0 1 0 0 0 1 0 0 0 0 1 0 0 0 0 1 0 0 0 0 0 0 0 0 0 0 0 0 0 0 0 0 128.44000232219696 0 0 0 128.44000232219696 0 128.44000232219696 0 0 0 128.44000232219696 0 0 0 0 128.44000232219696 0 0 0 0 128.44000232219696 0 0 0 0 0 0 0 0 0 0 0 0 0 0 0 29.130000710487366 93.38000154495239 128.44000232219696 -0.999999962747097 -0.3999999985098839 -0.9999999701976776 -1.0699999630451202 -0.4699999988079071 -0.9999999701976776 159 0 5 2 0 0 3 1 2 0 0 0 4 1 0 0 2 2 0 0 0 0 1 1 0 0 0 0 0 0 0 2 1 0 0 0 0 0 0 850.5000051259995 343.7800002396107 0 0 506.7200048863888 206.33000048995018 300.3900043964386 0 0 0 644.1700046360493 206.33000048995018 0 0 343.7800002396107 300.3900043964386 0 0 0 0 128.44000232219696 171.95000207424164 0 0 0 0 0 0 0 343.7800002396107 206.33000048995018 0 0 0 0 0 124.2400014847517 656.7900036126375 850.5000051259995 -0.999999888241291 -1.9999999925494194 -0.999999925494194 -0.5599998757243156 -1.8099999949336052 -0.7499999105930328 159 1 8 3 0 0 5 1 4 0 0 1 6 1 1 1 2 4 0 0 0 0 1 3 0 0 0 0 0 0 0 2 1 1 0 0 0 0 107.93999905884266 1284.3800025433302 453.68999956548214 0 0 830.690002977848 206.33000048995018 624.3600024878979 0 0 109.90999932587147 968.1400027275085 206.33000048995018 107.93999905884266 109.90999932587147 343.7800002396107 624.3600024878979 0 0 0 0 128.44000232219696 495.9200001657009 0 0 0 0 0 0 0 343.7800002396107 206.33000048995018 109.90999932587147 0 0 0 0 207.6000026613474 1048.2200001329184 1392.3200016021729 -2.999999798834324 -3.4699999801814556 -2.8199998699128628 -3.0499997697770596 -3.94999997317791 -2.389999847859144 159 3 10 3 0 0 7 1 6 0 0 1 8 1 3 1 2 6 0 0 0 0 1 5 0 0 0 0 0 0 0 2 1 1 0 0 0 0 372.92000164091587 1601.0300062596798 453.68999956548214 0 0 1147.3400066941977 206.33000048995018 941.0100062042475 0 0 109.90999932587147 1284.7900064438581 206.33000048995018 372.92000164091587 109.90999932587147 343.7800002396107 941.0100062042475 0 0 0 0 128.44000232219696 812.5700038820505 0 0 0 0 0 0 0 343.7800002396107 206.33000048995018 109.90999932587147 0 0 0 0 297.0500040203333 1509.2800049483776 1973.9500079005957 -4.999999687075615 -4.8099999614059925 -4.459999796003103 -5.559999641031027 -5.97999994456768 -3.8499997667968273 159 5 12 3 0 2 9 1 8 0 2 1 10 1 3 1 2 8 0 0 0 0 2 6 0 0 0 0 0 0 0 2 1 1 0 2 0 0 630.8899991363287 1898.7400076389313 453.68999956548214 0 257.9699974954128 1445.0500080734491 206.33000048995018 1238.720007583499 0 257.9699974954128 109.90999932587147 1582.5000078231096 206.33000048995018 372.92000164091587 109.90999932587147 343.7800002396107 1238.720007583499 0 0 0 0 272.09000182151794 966.630005761981 0 0 0 0 0 0 0 343.7800002396107 206.33000048995018 109.90999932587147 0 257.9699974954128 0 0 376.93000350892544 1941.2000049054623 2529.63000677526 -6.999999597668648 -6.409999955445528 -6.4599997363984585 -7.479999538511038 -7.859999939799309 -5.489999692887068 159 6 20 6 0 3 14 2 12 1 2 2 16 2 4 2 4 12 0 0 0 0 4 8 0 0 0 0 0 0 1 3 2 2 0 2 0 0 638.0199992507696 2782.7500108480453 813.230002656579 0 278.10999731719494 1969.5200081914663 335.3100012987852 1634.2100068926811 20.139999821782112 257.9699974954128 191.53999872505665 2255.9000108242035 335.3100012987852 380.0500017553568 191.53999872505665 621.6900039315224 1634.2100068926811 0 0 0 0 420.8400009870529 1213.3700059056282 0 0 0 0 0 0 99.00000071525574 522.6900032162666 335.3100012987852 191.53999872505665 0 257.9699974954128 0 0 466.86000496149063 2696.4000069499016 3440.910009920597 -9.9999993853271 -10.369999933987856 -9.189999602735043 -10.529999356716871 -10.26999992504716 -8.489999569952488
160 0 1 0 0 0 1 1 0 0 0 0 0 1 0 0 0 0 0 0 0 0 0 0 0 0 0 0 0 0 0 0 1 0 0 0 0 0 0 206.33000048995018 0 0 0 206.33000048995018 206.33000048995018 0 0 0 0 0 206.33000048995018 0 0 0 0 0 0 0 0 0 0 0 0 0 0 0 0 0 0 206.33000048995018 0 0 0 0 0 12.080000311136246 172.68000048398972 206.33000048995018 1.0000000223517418 -0.3999999985098839 1.0000000149011612 1.0000000298023224 -0.4699999988079071 1.070000022649765 160 1 4 1 0 0 3 1 2 0 0 0 3 1 1 0 1 2 0 0 0 0 1 1 0 0 0 0 0 0 0 1 1 0 0 0 0 0 107.93999905884266 684.3000033348799 177.5799984484911 0 0 506.7200048863888 206.33000048995018 300.3900043964386 0 0 0 477.9700028449297 206.33000048995018 107.93999905884266 0 177.5799984484911 300.3900043964386 0 0 0 0 128.44000232219696 171.95000207424164 0 0 0 0 0 0 0 177.5799984484911 206.33000048995018 0 0 0 0 0 111.16000121831894 616.380001604557 792.2400023937225 -0.9999998770654202 -1.86999998614192 -0.8199999183416367 -0.6899998709559441 -1.6299999877810478 -0.7499999105930328 160 1 7 3 0 0 4 1 3 0 0 1 5 1 1 1 2 3 0 0 0 0 1 2 0 0 0 0 0 0 0 2 1 1 0 0 0 0 107.93999905884266 1144.050002321601 453.68999956548214 0 0 690.3600027561188 206.33000048995018 484.0300022661686 0 0 109.90999932587147 827.8100025057793 206.33000048995018 107.93999905884266 109.90999932587147 343.7800002396107 484.0300022661686 0 0 0 0 128.44000232219696 355.58999994397163 0 0 0 0 0 0 0 343.7800002396107 206.33000048995018 109.90999932587147 0 0 0 0 183.20000179111958 951.4000004380941 1251.9900013804436 -1.9999998360872269 -3.0699999816715717 -1.8199998997151852 -2.1599998138844967 -3.4799999743700027 -1.569999884814024 160 3 9 3 0 0 6 1 5 0 0 1 7 1 3 1 2 5 0 0 0 0 1 4 0 0 0 0 0 0 0 2 1 1 0 0 0 0 372.92000164091587 1439.2300034612417 453.68999956548214 0 0 985.5400038957596 206.33000048995018 779.2100034058094 0 0 109.90999932587147 1122.99000364542 206.33000048995018 372.92000164091587 109.90999932587147 343.7800002396107 779.2100034058094 0 0 0 0 128.44000232219696 650.7700010836124 0 0 0 0 0 0 0 343.7800002396107 206.33000048995018 109.90999932587147 0 0 0 0 265.21000327169895 1387.420003041625 1812.1500051021576 -3.999999724328518 -4.409999962896109 -3.4599998258054256 -4.489999677985907 -5.509999945759773 -2.8499997965991497 160 5 11 3 0 2 8 1 7 0 2 1 9 1 3 1 2 7 0 0 0 0 1 6 0 0 0 0 0 0 0 2 1 1 0 2 0 0 630.8899991363287 1755.0900081396103 453.68999956548214 0 257.9699974954128 1301.4000085741282 206.33000048995018 1095.070008084178 0 257.9699974954128 109.90999932587147 1438.8500083237886 206.33000048995018 372.92000164091587 109.90999932587147 343.7800002396107 1095.070008084178 0 0 0 0 128.44000232219696 966.630005761981 0 0 0 0 0 0 0 343.7800002396107 206.33000048995018 109.90999932587147 0 257.9699974954128 0 0 354.47000358998775 1834.6400049626827 2385.980007275939 -5.999999634921551 -6.009999956935644 -5.459999766200781 -6.409999575465918 -7.389999940991402 -4.48999972268939 160 10 21 7 1 5 14 2 12 1 4 3 17 2 4 3 4 12 1 1 0 0 4 8 1 0 0 0 0 1 1 3 2 3 0 4 0 0 855.910000026226 2844.650012075901 875.1300038844347 50.620000407099724 341.83999840915203 1969.5200081914663 335.3100012987852 1634.2100068926811 20.139999821782112 321.6999985873699 253.43999995291233 2359.440010100603 335.3100012987852 380.0500017553568 253.43999995291233 621.6900039315224 1634.2100068926811 103.53999927639961 50.620000407099724 0 0 420.8400009870529 1213.3700059056282 50.620000407099724 0 0 0 0 103.53999927639961 99.00000071525574 522.6900032162666 335.3100012987852 253.43999995291233 0 321.6999985873699 0 0 531.9000059366226 2885.230007663369 3720.700011923909 -9.999999344348907 -12.369999926537275 -9.189999599009752 -11.469999305903912 -11.79999989643693 -8.079999554902315
161 0 1 1 0 0 0 0 0 0 0 0 1 0 0 0 1 0 0 0 0 0 0 0 0 0 0 0 0 0 0 1 0 0 0 0 0 0 0 177.5799984484911 177.5799984484911 0 0 0 0 0 0 0 0 177.5799984484911 0 0 0 177.5799984484911 0 0 0 0 0 0 0 0 0 0 0 0 0 0 177.5799984484911 0 0 0 0 0 0 34.52999944984913 127.9999988079071 177.5799984484911 7.450580596923828e-9 -0.3999999985098839 0.0 7.450580596923828e-9 -0.3999999985098839 0.0 161 1 4 2 0 0 2 1 1 0 0 1 2 1 1 1 1 1 0 0 0 0 1 0 0 0 0 0 0 0 0 1 1 1 0 0 0 0 107.93999905884266 622.2600005865097 287.48999777436256 0 0 334.77000281214714 206.33000048995018 128.44000232219696 0 0 109.90999932587147 306.02000077068806 206.33000048995018 107.93999905884266 109.90999932587147 177.5799984484911 128.44000232219696 0 0 0 0 128.44000232219696 0 0 0 0 0 0 0 0 177.5799984484911 206.33000048995018 109.90999932587147 0 0 0 0 111.17000044882298 545.6400000452995 730.1999996453524 8.195638656616211e-8 -1.86999998614192 0.18000004068017006 -0.08999991044402122 -2.0299999862909317 0.2500000484287739 161 2 6 3 0 0 3 1 2 0 0 1 4 1 2 1 2 2 0 0 0 0 1 1 0 0 0 0 0 0 0 2 1 1 0 0 0 0 236.50000096857548 960.4100044518709 453.68999956548214 0 0 506.7200048863888 206.33000048995018 300.3900043964386 0 0 109.90999932587147 644.1700046360493 206.33000048995018 236.50000096857548 109.90999932587147 343.7800002396107 300.3900043964386 0 0 0 0 128.44000232219696 171.95000207424164 0 0 0 0 0 0 0 343.7800002396107 206.33000048995018 109.90999932587147 0 0 0 0 177.8200018554926 916.4600044041872 1196.9100054204464 -0.9999998547136784 -2.9399999752640724 -0.6399999223649502 -0.5999998413026333 -2.7899999767541885 -0.389999907463789 161 3 9 3 0 0 6 1 5 0 0 1 7 1 3 1 2 5 0 0 0 0 1 4 0 0 0 0 0 0 0 2 1 1 0 0 0 0 372.92000164091587 1439.2300034612417 453.68999956548214 0 0 985.5400038957596 206.33000048995018 779.2100034058094 0 0 109.90999932587147 1122.99000364542 206.33000048995018 372.92000164091587 109.90999932587147 343.7800002396107 779.2100034058094 0 0 0 0 128.44000232219696 650.7700010836124 0 0 0 0 0 0 0 343.7800002396107 206.33000048995018 109.90999932587147 0 0 0 0 265.21000327169895 1387.420003041625 1812.1500051021576 -3.999999724328518 -4.409999962896109 -3.4599998258054256 -4.489999677985907 -5.509999945759773 -2.8499997965991497 161 4 11 4 0 1 7 1 6 0 1 1 9 1 3 1 3 6 0 0 0 0 1 5 0 0 0 0 0 0 0 3 1 1 0 1 0 0 504.45000098645687 1779.9400092363358 632.6000025421381 0 131.529999345541 1147.3400066941977 206.33000048995018 941.0100062042475 0 131.529999345541 109.90999932587147 1463.700009420514 206.33000048995018 372.92000164091587 109.90999932587147 522.6900032162666 941.0100062042475 0 0 0 0 128.44000232219696 812.5700038820505 0 0 0 0 0 0 0 522.6900032162666 206.33000048995018 109.90999932587147 0 131.529999345541 0 0 347.06000362336636 1747.9900078773499 2284.3900102227926 -4.999999672174454 -5.60999995842576 -4.459999796003103 -5.139999624341726 -6.4499999433755875 -3.7599997632205486 161 8 19 5 0 5 14 1 13 1 2 3 17 1 4 1 4 13 0 0 0 0 1 12 0 0 1 0 1 0 1 3 1 1 0 2 0 0 1025.559997573495 2964.4000072330236 771.3200014978647 0 625.3399969935417 2193.080005735159 206.33000048995018 1986.7500052452087 64.90999913215637 257.9699974954128 412.369999691844 2648.160007417202 206.33000048995018 465.12999971210957 109.90999932587147 661.4100021719933 1986.7500052452087 0 0 0 0 128.44000232219696 1858.3100029230118 0 0 152.75999927520752 0 149.700001090765 0 138.71999895572662 522.6900032162666 206.33000048995018 109.90999932587147 0 257.9699974954128 0 0 698.1600005328655 2985.990007340908 4054.870003938675 -11.999999351799488 -10.76999993249774 -11.18999957665801 -11.939999289810658 -11.609999921172857 -9.66999952122569
162 1 0 0 0 0 0 0 0 0 0 0 0 0 1 0 0 0 0 0 0 0 0 0 0 0 0 0 0 0 0 0 0 0 0 0 0 0 107.93999905884266 0 0 0 0 0 0 0 0 0 0 0 0 107.93999905884266 0 0 0 0 0 0 0 0 0 0 0 0 0 0 0 0 0 0 0 0 0 0 0 14.900000289082527 84.0599992275238 107.93999905884266 1.862645149230957e-8 -0.26999999210238457 0.18000000715255737 -0.019999980926513672 -0.28999999165534973 0.18000000715255737 162 2 3 2 0 0 1 1 0 0 0 1 1 1 2 1 1 0 0 0 0 0 0 0 0 0 0 0 0 0 0 1 1 1 0 0 0 0 236.50000096857548 493.81999826431274 287.48999777436256 0 0 206.33000048995018 206.33000048995018 0 0 0 109.90999932587147 177.5799984484911 206.33000048995018 236.50000096857548 109.90999932587147 177.5799984484911 0 0 0 0 0 0 0 0 0 0 0 0 0 0 177.5799984484911 206.33000048995018 109.90999932587147 0 0 0 0 100.19000013172626 560.3500000834465 730.3199992328882 1.000000063329935 -1.7399999797344208 1.360000018030405 0.9600000716745853 -1.8499999791383743 1.4300000257790089 162 3 6 2 0 0 4 1 3 0 0 1 4 1 3 1 1 3 0 0 0 0 1 2 0 0 0 0 0 0 0 1 1 1 0 0 0 0 372.92000164091587 949.0600035786629 287.48999777436256 0 0 661.5700058043003 206.33000048995018 455.2400053143501 0 0 109.90999932587147 632.8200037628412 206.33000048995018 372.92000164091587 109.90999932587147 177.5799984484911 455.2400053143501 0 0 0 0 128.44000232219696 326.80000299215317 0 0 0 0 0 0 0 177.5799984484911 206.33000048995018 109.90999932587147 0 0 0 0 189.3000015169382 1023.1000044941902 1321.9800052195787 -1.9999998062849045 -3.209999967366457 -1.4599998854100704 -2.1299997828900814 -3.589999958872795 -1.2099998705089092 162 4 7 3 0 1 4 1 3 0 1 1 5 1 3 1 2 3 0 0 0 0 1 2 0 0 0 0 0 0 0 2 1 1 0 1 0 0 504.45000098645687 1115.2600053697824 453.68999956548214 0 131.529999345541 661.5700058043003 206.33000048995018 455.2400053143501 0 131.529999345541 109.90999932587147 799.0200055539608 206.33000048995018 372.92000164091587 109.90999932587147 343.7800002396107 455.2400053143501 0 0 0 0 128.44000232219696 326.80000299215317 0 0 0 0 0 0 0 343.7800002396107 206.33000048995018 109.90999932587147 0 131.529999345541 0 0 237.5400013178587 1244.650006249547 1619.7100063562393 -1.9999997913837433 -4.009999964386225 -1.4599998854100704 -1.9999997578561306 -4.529999956488609 -0.9399998597800732 162 4 10 4 0 1 6 1 5 0 1 1 8 1 3 1 3 5 0 0 0 0 1 4 0 0 0 0 0 0 0 3 1 1 0 1 0 0 504.45000098645687 1618.1400064378977 632.6000025421381 0 131.529999345541 985.5400038957596 206.33000048995018 779.2100034058094 0 131.529999345541 109.90999932587147 1301.900006622076 206.33000048995018 372.92000164091587 109.90999932587147 522.6900032162666 779.2100034058094 0 0 0 0 128.44000232219696 650.7700010836124 0 0 0 0 0 0 0 522.6900032162666 206.33000048995018 109.90999932587147 0 131.529999345541 0 0 315.220002874732 1626.1300059705973 2122.5900074243546 -3.9999997094273567 -5.209999959915876 -3.4599998258054256 -4.069999661296606 -5.97999994456768 -2.759999793022871 162 6 14 5 0 4 9 1 8 1 2 2 12 1 3 1 4 8 0 0 1 0 1 7 0 0 1 0 0 0 1 3 1 1 0 1 0 0 729.1100003123283 2249.360004708171 771.3200014978647 0 421.09999780356884 1478.0400032103062 206.33000048995018 1271.710002720356 64.90999913215637 203.42999939620495 262.669998601079 1933.1200048923492 206.33000048995018 372.92000164091587 109.90999932587147 661.4100021719933 1271.710002720356 0 0 71.90000005066395 0 128.44000232219696 1143.270000398159 0 0 152.75999927520752 0 0 0 138.71999895572662 522.6900032162666 206.33000048995018 109.90999932587147 0 131.529999345541 0 0 522.6500005275011 2219.0700062811375 3043.3800041526556 -6.999999564141035 -8.099999949336052 -6.36999973282218 -6.959999512881041 -9.129999935626984 -5.299999695271254
163 0 1 1 0 0 0 0 0 0 0 1 0 0 0 1 0 0 0 0 0 0 0 0 0 0 0 0 0 0 0 0 0 1 0 0 0 0 0 109.90999932587147 109.90999932587147 0 0 0 0 0 0 0 109.90999932587147 0 0 0 109.90999932587147 0 0 0 0 0 0 0 0 0 0 0 0 0 0 0 0 0 109.90999932587147 0 0 0 0 20.529999688267708 67.51999998092651 109.90999932587147 -3.725290298461914e-9 -0.3999999985098839 -1.1175870895385742e-8 -3.725290298461914e-9 -0.3999999985098839 -1.1175870895385742e-8 163 2 3 2 0 0 1 0 1 0 0 1 2 0 2 1 1 1 0 0 0 0 0 1 0 0 0 0 0 0 0 1 0 1 0 0 0 0 236.50000096857548 442.3399986922741 287.48999777436256 0 0 154.85000091791153 0 154.85000091791153 0 0 109.90999932587147 332.4299993664026 0 236.50000096857548 109.90999932587147 177.5799984484911 154.85000091791153 0 0 0 0 0 154.85000091791153 0 0 0 0 0 0 0 177.5799984484911 0 109.90999932587147 0 0 0 0 110.87000058591366 509.1899998188019 678.8399996608496 -0.9999999217689037 -1.7399999797344208 -0.6399999670684338 -0.9299999140202999 -1.8499999791383743 -0.4599999599158764 163 4 5 2 0 1 3 1 2 0 1 1 3 1 3 1 1 2 0 0 0 0 1 1 0 0 0 0 0 0 0 1 1 1 0 1 0 0 504.45000098645687 777.1100015044212 287.48999777436256 0 131.529999345541 489.62000373005867 206.33000048995018 283.2900032401085 0 131.529999345541 109.90999932587147 460.8700016885996 206.33000048995018 372.92000164091587 109.90999932587147 177.5799984484911 283.2900032401085 0 0 0 0 128.44000232219696 154.85000091791153 0 0 0 0 0 0 0 177.5799984484911 206.33000048995018 109.90999932587147 0 131.529999345541 0 0 189.04000030457973 981.9200034737587 1281.560002490878 -0.9999998360872269 -3.209999967366457 -0.4599999152123928 -1.5099998079240322 -4.059999957680702 -0.11999989673495293 163 4 8 4 0 1 4 1 3 0 1 1 6 1 3 1 3 3 0 0 0 0 1 2 0 0 0 0 0 0 0 3 1 1 0 1 0 0 504.45000098645687 1294.1700083464384 632.6000025421381 0 131.529999345541 661.5700058043003 206.33000048995018 455.2400053143501 0 131.529999345541 109.90999932587147 977.9300085306168 206.33000048995018 372.92000164091587 109.90999932587147 522.6900032162666 455.2400053143501 0 0 0 0 128.44000232219696 326.80000299215317 0 0 0 0 0 0 0 522.6900032162666 206.33000048995018 109.90999932587147 0 131.529999345541 0 0 267.29000167548656 1386.2800086587667 1798.6200093328953 -1.9999997839331627 -4.409999962896109 -1.4599998854100704 -1.5999997518956661 -4.529999956488609 -0.9399998597800732 163 4 12 5 0 1 7 1 6 0 1 1 10 1 3 1 4 6 0 0 0 0 1 5 0 0 0 0 0 0 1 3 1 1 0 1 0 0 504.45000098645687 1930.610001474619 771.3200014978647 0 131.529999345541 1159.2899999767542 206.33000048995018 952.959999486804 0 131.529999345541 109.90999932587147 1614.3700016587973 206.33000048995018 372.92000164091587 109.90999932587147 661.4100021719933 952.959999486804 0 0 0 0 128.44000232219696 824.519997164607 0 0 0 0 0 0 138.71999895572662 522.6900032162666 206.33000048995018 109.90999932587147 0 131.529999345541 0 0 370.2200014591217 1857.11000277102 2435.060002461076 -4.999999664723873 -6.009999956935644 -4.459999796003103 -4.679999608546495 -6.849999941885471 -3.2999997548758984 163 8 18 8 0 5 10 1 9 1 3 3 15 1 4 2 6 9 0 0 1 0 1 8 0 0 1 0 0 0 3 3 1 1 1 2 0 0 983.6300019770861 2781.560008108616 1168.1000038683414 0 560.7100000977516 1613.4600042402744 206.33000048995018 1407.1300037503242 64.90999913215637 343.0400016903877 366.6199990361929 2361.3700078576803 206.33000048995018 487.8300010114908 213.85999976098537 954.2400041073561 1407.1300037503242 0 0 71.90000005066395 0 128.44000232219696 1278.6900014281273 0 0 152.75999927520752 0 0 0 431.55000089108944 522.6900032162666 206.33000048995018 109.90999932587147 103.9500004351139 271.1400016397238 0 0 678.5500028729439 2774.4900076538324 3830.1000092178583 -7.999999493360519 -10.369999933987856 -7.189999710768461 -8.169999446719885 -11.339999929070473 -6.079999666661024
164 1 0 0 0 0 0 0 0 0 0 0 0 0 1 0 0 0 0 0 0 0 0 0 0 0 0 0 0 0 0 0 0 0 0 0 0 0 128.56000190973282 0 0 0 0 0 0 0 0 0 0 0 0 128.56000190973282 0 0 0 0 0 0 0 0 0 0 0 0 0 0 0 0 0 0 0 0 0 0 0 18.150000393390656 108.09000158309937 128.56000190973282 1.862645149230957e-8 -0.26999999210238457 0.18000000715255737 -0.019999980926513672 -0.28999999165534973 0.18000000715255737 164 3 2 1 0 0 1 0 1 0 0 1 1 0 3 1 0 1 0 0 0 0 0 1 0 0 0 0 0 0 0 0 0 1 0 0 0 0 372.92000164091587 264.760000243783 109.90999932587147 0 0 154.85000091791153 0 154.85000091791153 0 0 109.90999932587147 154.85000091791153 0 372.92000164091587 109.90999932587147 0 154.85000091791153 0 0 0 0 0 154.85000091791153 0 0 0 0 0 0 0 0 0 109.90999932587147 0 0 0 0 93.0400005877018 490.780002117157 637.6800018846989 -0.9999999105930328 -1.6099999733269215 -0.4599999599158764 -1.459999892860651 -2.249999962747097 -0.279999952763319 164 4 3 2 0 1 1 0 1 0 1 1 2 0 3 1 1 1 0 0 0 0 0 1 0 0 0 0 0 0 0 1 0 1 0 1 0 0 504.45000098645687 442.3399986922741 287.48999777436256 0 131.529999345541 154.85000091791153 0 154.85000091791153 0 131.529999345541 109.90999932587147 332.4299993664026 0 372.92000164091587 109.90999932587147 177.5799984484911 154.85000091791153 0 0 0 0 0 154.85000091791153 0 0 0 0 0 0 0 177.5799984484911 0 109.90999932587147 0 131.529999345541 0 0 147.82999928295612 715.8600014448166 946.789999678731 -0.9999998956918716 -2.4099999703466892 -0.4599999599158764 -1.4399998746812344 -3.119999960064888 -0.18999994918704033 164 4 8 4 0 1 4 1 3 0 1 1 6 1 3 1 3 3 0 0 0 0 1 2 0 0 0 0 0 0 1 2 1 1 0 1 0 0 504.45000098645687 1268.4899995177984 605.1199997067451 0 131.529999345541 663.3699998110533 206.33000048995018 457.0399993211031 0 131.529999345541 109.90999932587147 952.2499997019768 206.33000048995018 372.92000164091587 109.90999932587147 495.2100003808737 457.0399993211031 0 0 0 0 128.44000232219696 328.59999699890614 0 0 0 0 0 0 138.71999895572662 356.49000142514706 206.33000048995018 109.90999932587147 0 131.529999345541 0 0 273.7899992465973 1354.530002683401 1772.9400005042553 -1.9999997839331627 -4.409999962896109 -1.4599998854100704 -1.719999749213457 -4.929999954998493 -0.6599998585879803 164 5 12 5 0 2 7 1 6 0 2 1 10 1 3 1 4 6 0 0 1 0 1 5 0 0 0 0 0 0 1 3 1 1 0 1 0 0 576.3500010371208 1930.610001474619 771.3200014978647 0 203.42999939620495 1159.2899999767542 206.33000048995018 952.959999486804 0 203.42999939620495 109.90999932587147 1614.3700016587973 206.33000048995018 372.92000164091587 109.90999932587147 661.4100021719933 952.959999486804 0 0 71.90000005066395 0 128.44000232219696 824.519997164607 0 0 0 0 0 0 138.71999895572662 522.6900032162666 206.33000048995018 109.90999932587147 0 131.529999345541 0 0 395.00000162422657 1883.6800024658442 2506.9600025117397 -4.9999996572732925 -6.409999955445528 -4.459999796003103 -4.679999601095915 -7.249999940395355 -3.2999997548758984 164 10 20 9 0 6 11 2 9 1 4 4 15 1 5 3 6 9 0 0 2 0 1 8 0 1 1 0 0 0 3 3 1 2 1 2 0 0 1149.3199994266033 3087.530007407069 1278.4000050127506 0 634.1899994760752 1809.1300023943186 401.99999864399433 1407.1300037503242 64.90999913215637 416.5200010687113 476.9200001806021 2361.3700078576803 206.33000048995018 580.0399990826845 324.16000090539455 954.2400041073561 1407.1300037503242 0 0 145.3799994289875 0 128.44000232219696 1278.6900014281273 0 195.66999815404415 152.75999927520752 0 0 0 431.55000089108944 522.6900032162666 206.33000048995018 220.21000047028065 103.9500004351139 271.1400016397238 0 0 787.6700006723404 3074.9300072938204 4301.760005965829 -6.999999452382326 -11.839999921619892 -6.009999703615904 -7.239999406039715 -12.879999917000532 -4.899999659508467
165 0 1 0 0 0 1 0 1 0 0 0 1 0 0 0 0 1 0 0 0 0 0 1 0 0 0 0 0 0 0 0 0 0 0 0 0 0 0 154.85000091791153 0 0 0 154.85000091791153 0 154.85000091791153 0 0 0 154.85000091791153 0 0 0 0 154.85000091791153 0 0 0 0 0 154.85000091791153 0 0 0 0 0 0 0 0 0 0 0 0 0 0 22.76000076532364 121.52000021934509 154.85000091791153 -0.999999962747097 -0.3999999985098839 -0.9999999701976776 -0.8899999558925629 -0.4699999988079071 -0.8199999630451202 165 3 2 1 0 1 1 0 1 0 1 1 1 0 2 1 0 1 0 0 0 0 0 1 0 0 0 0 0 0 0 0 0 1 0 1 0 0 396.5100019276142 264.760000243783 109.90999932587147 0 131.529999345541 154.85000091791153 0 154.85000091791153 0 131.529999345541 109.90999932587147 154.85000091791153 0 264.9800025820732 109.90999932587147 0 154.85000091791153 0 0 0 0 0 154.85000091791153 0 0 0 0 0 0 0 0 0 109.90999932587147 0 131.529999345541 0 0 98.39999954402447 503.8000034093857 661.2700021713972 -0.9999999217689037 -1.7399999797344208 -0.6399999670684338 -1.4199999012053013 -2.4299999698996544 -0.3699999563395977 165 4 5 3 0 1 2 0 2 0 1 1 4 0 3 1 2 2 0 0 0 0 0 2 0 0 0 0 0 0 1 1 0 1 0 1 0 0 504.45000098645687 756.1399982571602 427.54000125825405 0 131.529999345541 328.59999699890614 0 328.59999699890614 0 131.529999345541 109.90999932587147 646.2299989312887 0 372.92000164091587 109.90999932587147 317.6300019323826 328.59999699890614 0 0 0 0 0 328.59999699890614 0 0 0 0 0 0 138.71999895572662 178.91000297665596 0 109.90999932587147 0 131.529999345541 0 0 198.04999877512455 960.4700018465519 1260.589999243617 -1.999999850988388 -3.209999967366457 -1.459999930113554 -1.6499998234212399 -3.589999958872795 -0.7299999110400677 165 5 8 4 0 2 4 1 3 0 2 1 6 1 3 1 3 3 0 0 1 0 1 2 0 0 0 0 0 0 1 2 1 1 0 1 0 0 576.3500010371208 1268.4899995177984 605.1199997067451 0 203.42999939620495 663.3699998110533 206.33000048995018 457.0399993211031 0 203.42999939620495 109.90999932587147 952.2499997019768 206.33000048995018 372.92000164091587 109.90999932587147 495.2100003808737 457.0399993211031 0 0 71.90000005066395 0 128.44000232219696 328.59999699890614 0 0 0 0 0 0 138.71999895572662 356.49000142514706 206.33000048995018 109.90999932587147 0 131.529999345541 0 0 298.56999941170216 1381.1000023782253 1844.8400005549192 -1.999999776482582 -4.8099999614059925 -1.4599998854100704 -1.7199997417628765 -5.329999953508377 -0.6599998585879803 165 5 11 6 0 2 5 1 4 0 2 1 9 1 3 1 5 4 0 0 1 0 1 3 0 0 0 0 0 0 2 3 1 1 0 1 0 0 576.3500010371208 1746.8100053668022 911.4900034815073 0 203.42999939620495 835.3200018852949 206.33000048995018 628.9900013953447 0 203.42999939620495 109.90999932587147 1430.5700055509806 206.33000048995018 372.92000164091587 109.90999932587147 801.5800041556358 628.9900013953447 0 0 71.90000005066395 0 128.44000232219696 500.5499990731478 0 0 0 0 0 0 278.8900009393692 522.6900032162666 206.33000048995018 109.90999932587147 0 131.529999345541 0 0 372.2600014358759 1736.3700055927038 2323.160006403923 -2.999999724328518 -6.009999956935644 -2.459999855607748 -2.09999967738986 -6.269999951124191 -1.2999998144805431 165 10 21 11 2 7 10 2 8 1 5 4 14 1 4 3 6 8 0 2 3 0 2 6 0 1 1 0 0 0 3 3 1 2 1 2 0 2 1153.180000334978 3271.3200078308582 1648.390007302165 369.9900022894144 730.2599984556437 1622.9300005286932 401.99999864399433 1220.9300018846989 64.90999913215637 512.5900000482798 476.9200001806021 2175.170005992055 206.33000048995018 487.8300010114908 324.16000090539455 954.2400041073561 1220.9300018846989 0 369.9900022894144 241.44999840855598 0 234.61000192165375 986.3199999630451 0 195.66999815404415 152.75999927520752 0 0 0 431.55000089108944 522.6900032162666 206.33000048995018 220.21000047028065 103.9500004351139 271.1400016397238 0 369.9900022894144 799.7500004023314 3199.1100080758333 4489.410007297993 -5.999999515712261 -12.369999926537275 -5.189999770373106 -5.839999463409185 -13.479999922215939 -3.919999722391367
166 1 0 0 0 0 0 0 0 0 0 0 0 0 1 0 0 0 0 0 0 0 0 0 0 0 0 0 0 0 0 0 0 0 0 0 0 0 136.4200006723404 0 0 0 0 0 0 0 0 0 0 0 0 136.4200006723404 0 0 0 0 0 0 0 0 0 0 0 0 0 0 0 0 0 0 0 0 0 0 0 16.699999451637268 109.5900011062622 136.4200006723404 1.862645149230957e-8 -0.26999999210238457 0.18000000715255737 -0.5299999713897705 -0.7999999821186066 0.18000000715255737 166 3 2 1 0 1 1 0 1 0 1 0 2 0 2 0 1 1 0 0 0 0 0 1 0 0 0 0 0 0 0 1 0 0 0 1 0 0 396.5100019276142 333.7600038945675 178.91000297665596 0 131.529999345541 154.85000091791153 0 154.85000091791153 0 131.529999345541 0 333.7600038945675 0 264.9800025820732 0 178.91000297665596 154.85000091791153 0 0 0 0 0 154.85000091791153 0 0 0 0 0 0 0 178.91000297665596 0 0 0 131.529999345541 0 0 107.62000021338463 577.9100058376789 730.2700058221817 -0.9999999105930328 -1.7399999797344208 -0.6399999558925629 -1.0199998915195465 -2.0299999713897705 -0.3699999451637268 166 4 5 3 0 1 2 0 2 0 1 1 4 0 3 1 2 2 0 0 0 0 0 2 0 0 0 0 0 0 1 1 0 1 0 1 0 0 504.45000098645687 756.1399982571602 427.54000125825405 0 131.529999345541 328.59999699890614 0 328.59999699890614 0 131.529999345541 109.90999932587147 646.2299989312887 0 372.92000164091587 109.90999932587147 317.6300019323826 328.59999699890614 0 0 0 0 0 328.59999699890614 0 0 0 0 0 0 138.71999895572662 178.91000297665596 0 109.90999932587147 0 131.529999345541 0 0 198.04999877512455 960.4700018465519 1260.589999243617 -1.999999850988388 -3.209999967366457 -1.459999930113554 -1.6499998234212399 -3.589999958872795 -0.7299999110400677 166 5 8 4 0 2 4 1 3 0 2 1 6 1 3 1 3 3 0 0 1 0 1 2 0 0 0 0 0 0 1 2 1 1 0 1 0 0 576.3500010371208 1268.4899995177984 605.1199997067451 0 203.42999939620495 663.3699998110533 206.33000048995018 457.0399993211031 0 203.42999939620495 109.90999932587147 952.2499997019768 206.33000048995018 372.92000164091587 109.90999932587147 495.2100003808737 457.0399993211031 0 0 71.90000005066395 0 128.44000232219696 328.59999699890614 0 0 0 0 0 0 138.71999895572662 356.49000142514706 206.33000048995018 109.90999932587147 0 131.529999345541 0 0 298.56999941170216 1381.1000023782253 1844.8400005549192 -1.999999776482582 -4.8099999614059925 -1.4599998854100704 -1.7199997417628765 -5.329999953508377 -0.6599998585879803 166 5 13 7 0 2 6 1 5 0 2 2 10 1 3 2 5 5 0 0 1 0 1 4 0 0 0 0 0 0 2 3 1 2 0 1 0 0 576.3500010371208 1997.4400067329407 1021.7900046259165 0 203.42999939620495 975.6500021070242 206.33000048995018 769.320001617074 0 203.42999939620495 220.21000047028065 1570.9000057727098 206.33000048995018 372.92000164091587 220.21000047028065 801.5800041556358 769.320001617074 0 0 71.90000005066395 0 128.44000232219696 640.879999294877 0 0 0 0 0 0 278.8900009393692 522.6900032162666 206.33000048995018 220.21000047028065 0 131.529999345541 0 0 413.56000240147114 1897.0600066035986 2573.7900077700615 -3.9999996908009052 -6.809999953955412 -3.4599998369812965 -3.0599996373057365 -7.2099999487400055 -2.1199997887015343 166 9 21 11 2 6 10 2 8 1 5 3 14 1 4 3 6 8 0 2 3 0 2 6 0 1 0 0 0 0 3 3 1 2 1 2 0 2 1000.4200010597706 3271.3200078308582 1648.390007302165 369.9900022894144 577.4999991804361 1622.9300005286932 401.99999864399433 1220.9300018846989 64.90999913215637 512.5900000482798 324.16000090539455 2175.170005992055 206.33000048995018 487.8300010114908 324.16000090539455 954.2400041073561 1220.9300018846989 0 369.9900022894144 241.44999840855598 0 234.61000192165375 986.3199999630451 0 195.66999815404415 0 0 0 0 431.55000089108944 522.6900032162666 206.33000048995018 220.21000047028065 103.9500004351139 271.1400016397238 0 369.9900022894144 772.230000898242 3089.9400079995394 4336.650008022785 -5.999999523162842 -11.969999928027391 -5.189999770373106 -5.8599994741380215 -13.009999923408031 -4.009999725967646
167 1 0 0 0 1 0 0 0 0 1 0 0 0 0 0 0 0 0 0 0 0 0 0 0 0 0 0 0 0 0 0 0 0 0 1 0 0 131.529999345541 0 0 0 131.529999345541 0 0 0 0 131.529999345541 0 0 0 0 0 0 0 0 0 0 0 0 0 0 0 0 0 0 0 0 0 0 0 0 131.529999345541 0 0 20.259999245405197 97.0800005197525 131.529999345541 7.450580596923828e-9 -0.3999999985098839 0.0 0.02000001072883606 -0.4699999988079071 0.09000000357627869 167 2 4 2 0 1 2 0 2 0 1 0 4 0 1 0 2 2 0 0 0 0 0 2 0 0 0 0 0 0 1 1 0 0 0 1 0 0 267.9500000178814 646.2299989312887 317.6300019323826 0 131.529999345541 328.59999699890614 0 328.59999699890614 0 131.529999345541 0 646.2299989312887 0 136.4200006723404 0 317.6300019323826 328.59999699890614 0 0 0 0 0 328.59999699890614 0 0 0 0 0 0 138.71999895572662 178.91000297665596 0 0 0 131.529999345541 0 0 144.46999840438366 700.8000010550022 914.1799989491701 -1.9999998845160007 -2.269999984651804 -1.8199999332427979 -1.6099998578429222 -2.6099999770522118 -1.0899999141693115 167 4 5 3 0 2 2 0 2 0 2 1 4 0 2 1 2 2 0 0 1 0 0 2 0 0 0 0 0 0 1 1 0 1 0 1 0 0 468.41000197827816 756.1399982571602 427.54000125825405 0 203.42999939620495 328.59999699890614 0 328.59999699890614 0 203.42999939620495 109.90999932587147 646.2299989312887 0 264.9800025820732 109.90999932587147 317.6300019323826 328.59999699890614 0 0 71.90000005066395 0 0 328.59999699890614 0 0 0 0 0 0 138.71999895572662 178.91000297665596 0 109.90999932587147 0 131.529999345541 0 0 207.9299986511469 902.9800023138523 1224.5500002354383 -1.999999862164259 -3.3399999737739563 -1.6399999372661114 -1.6299998350441456 -3.6999999657273293 -0.909999918192625 167 5 7 5 0 2 2 0 2 0 2 2 5 0 3 2 3 2 0 0 1 0 0 2 0 0 0 0 0 0 2 1 0 2 0 1 0 0 576.3500010371208 1006.610001385212 678.0100043863058 0 203.42999939620495 328.59999699890614 0 328.59999699890614 0 203.42999939620495 220.21000047028065 786.4000009149313 0 372.92000164091587 220.21000047028065 457.80000391602516 328.59999699890614 0 0 71.90000005066395 0 0 328.59999699890614 0 0 0 0 0 0 278.8900009393692 178.91000297665596 0 220.21000047028065 0 131.529999345541 0 0 264.9200000464916 1143.4500032961369 1582.9600024223328 -1.9999998398125172 -4.409999962896109 -1.459999941289425 -1.609999805688858 -4.929999954998493 -0.5499999150633812 167 8 14 8 2 4 6 2 4 0 4 2 8 1 4 2 4 4 0 2 3 0 2 2 0 1 0 0 0 0 2 2 1 2 0 1 0 2 860.8099987655878 2190.7900026887655 1225.5800051242113 369.9900022894144 372.979997754097 965.2099975645542 401.99999864399433 563.2099989205599 0 372.979997754097 220.21000047028065 1198.5900012850761 206.33000048995018 487.8300010114908 220.21000047028065 635.3800023645163 563.2099989205599 0 369.9900022894144 241.44999840855598 0 234.61000192165375 328.59999699890614 0 195.66999815404415 0 0 0 0 278.8900009393692 356.49000142514706 206.33000048995018 220.21000047028065 0 131.529999345541 0 369.9900022894144 513.2999981045723 2196.6800044178963 3051.6000014543533 -1.9999996982514858 -8.279999941587448 -1.279999878257513 -1.5499996654689312 -8.879999943077564 -0.2299998439848423 167 9 19 11 2 6 8 2 6 1 5 3 12 1 4 3 6 6 0 2 3 0 2 4 0 1 0 0 0 0 3 3 1 2 1 2 0 2 1000.4200010597706 2925.88000716269 1648.390007302165 369.9900022894144 577.4999991804361 1277.4899998605251 401.99999864399433 875.4900012165308 64.90999913215637 512.5900000482798 324.16000090539455 1829.7300053238869 206.33000048995018 487.8300010114908 324.16000090539455 954.2400041073561 875.4900012165308 0 369.9900022894144 241.44999840855598 0 234.61000192165375 640.879999294877 0 195.66999815404415 0 0 0 0 431.55000089108944 522.6900032162666 206.33000048995018 220.21000047028065 103.9500004351139 271.1400016397238 0 369.9900022894144 716.85999982059 2825.0500084757805 3991.210007354617 -3.9999995976686478 -11.169999931007624 -3.189999829977751 -3.209999557584524 -11.55999993532896 -2.0099997855722904
168 0 1 1 0 0 0 0 0 0 0 0 1 0 0 0 1 0 0 0 0 0 0 0 0 0 0 0 0 0 0 1 0 0 0 0 0 0 0 178.91000297665596 178.91000297665596 0 0 0 0 0 0 0 0 178.91000297665596 0 0 0 178.91000297665596 0 0 0 0 0 0 0 0 0 0 0 0 0 0 178.91000297665596 0 0 0 0 0 0 29.75000035762787 141.63000240921974 178.91000297665596 7.450580596923828e-9 -0.3999999985098839 0.0 0.4000000059604645 0.0 0.0 168 2 3 2 0 1 1 0 1 0 1 0 3 0 1 0 2 1 0 0 0 0 0 1 0 0 0 0 0 0 1 1 0 0 0 1 0 0 267.9500000178814 491.3799980133772 317.6300019323826 0 131.529999345541 173.7499960809946 0 173.7499960809946 0 131.529999345541 0 491.3799980133772 0 136.4200006723404 0 317.6300019323826 173.7499960809946 0 0 0 0 0 173.7499960809946 0 0 0 0 0 0 138.71999895572662 178.91000297665596 0 0 0 131.529999345541 0 0 121.70999763906002 579.2800008356571 759.3299980312586 -0.9999999217689037 -1.86999998614192 -0.8199999630451202 -0.7199999019503593 -2.1399999782443047 -0.2699999511241913 168 3 4 2 0 2 2 0 2 0 2 0 4 0 1 0 2 2 0 0 1 0 0 2 0 0 0 0 0 0 1 1 0 0 0 1 0 0 339.85000006854534 646.2299989312887 317.6300019323826 0 203.42999939620495 328.59999699890614 0 328.59999699890614 0 203.42999939620495 0 646.2299989312887 0 136.4200006723404 0 317.6300019323826 328.59999699890614 0 0 71.90000005066395 0 0 328.59999699890614 0 0 0 0 0 0 138.71999895572662 178.91000297665596 0 0 0 131.529999345541 0 0 169.24999856948853 727.3700007498264 986.0799989998341 -1.9999998770654202 -2.669999983161688 -1.8199999332427979 -1.6099998503923416 -3.0099999755620956 -1.0899999141693115 168 4 7 5 0 2 2 0 2 0 2 2 5 0 2 2 3 2 0 0 1 0 0 2 0 0 0 0 0 0 2 1 0 2 0 1 0 0 468.41000197827816 1006.610001385212 678.0100043863058 0 203.42999939620495 328.59999699890614 0 328.59999699890614 0 203.42999939620495 220.21000047028065 786.4000009149313 0 264.9800025820732 220.21000047028065 457.80000391602516 328.59999699890614 0 0 71.90000005066395 0 0 328.59999699890614 0 0 0 0 0 0 278.8900009393692 178.91000297665596 0 220.21000047028065 0 131.529999345541 0 0 250.0199997574091 1059.390004068613 1475.02000336349 -1.9999998584389687 -4.139999970793724 -1.6399999484419823 -1.5899998247623444 -4.6399999633431435 -0.7299999222159386 168 6 11 8 2 3 3 0 3 0 3 2 7 0 3 2 4 3 0 2 2 0 1 2 0 0 0 0 0 0 2 2 0 2 0 1 0 2 672.4200000166893 1660.3500017225742 1225.5800051242113 369.9900022894144 299.49999837577343 434.7699965983629 0 434.7699965983629 0 299.49999837577343 220.21000047028065 1070.1499989628792 0 372.92000164091587 220.21000047028065 635.3800023645163 434.7699965983629 0 369.9900022894144 167.96999903023243 0 106.16999959945679 328.59999699890614 0 0 0 0 0 0 278.8900009393692 356.49000142514706 0 220.21000047028065 0 131.529999345541 0 369.9900022894144 389.3499985933304 1663.0200041234493 2332.7700017392635 -2.999999802559614 -6.409999955445528 -2.459999941289425 -2.7499997690320015 -7.139999948441982 -1.479999914765358 168 9 19 11 2 5 8 2 6 0 5 3 12 1 4 3 6 6 0 2 3 0 2 4 0 1 0 0 0 0 3 3 1 2 1 2 0 2 1000.4200010597706 2925.88000716269 1648.390007302165 369.9900022894144 512.5900000482798 1277.4899998605251 401.99999864399433 875.4900012165308 0 512.5900000482798 324.16000090539455 1829.7300053238869 206.33000048995018 487.8300010114908 324.16000090539455 954.2400041073561 875.4900012165308 0 369.9900022894144 241.44999840855598 0 234.61000192165375 640.879999294877 0 195.66999815404415 0 0 0 0 431.55000089108944 522.6900032162666 206.33000048995018 220.21000047028065 103.9500004351139 271.1400016397238 0 369.9900022894144 677.2800006121397 2825.0500084757805 3926.3000082224607 -3.9999996088445187 -10.679999932646751 -3.2799998335540295 -3.1399995647370815 -11.089999936521053 -2.0099997855722904
169 0 1 0 0 0 1 0 1 0 0 0 1 0 0 0 0 1 0 0 0 0 0 1 0 0 0 0 0 0 0 0 0 0 0 0 0 0 0 173.7499960809946 0 0 0 173.7499960809946 0 173.7499960809946 0 0 0 173.7499960809946 0 0 0 0 173.7499960809946 0 0 0 0 0 173.7499960809946 0 0 0 0 0 0 0 0 0 0 0 0 0 0 28.369999304413795 130.60999727249146 173.7499960809946 -0.999999962747097 -0.3999999985098839 -0.9999999701976776 -0.5399999544024467 -0.3999999985098839 -0.5399999618530273 169 2 3 2 0 2 1 0 1 0 2 0 3 0 0 0 2 1 0 0 1 0 0 1 0 0 0 0 0 0 1 1 0 0 0 1 0 0 203.42999939620495 491.3799980133772 317.6300019323826 0 203.42999939620495 173.7499960809946 0 173.7499960809946 0 203.42999939620495 0 491.3799980133772 0 0 0 317.6300019323826 173.7499960809946 0 0 71.90000005066395 0 0 173.7499960809946 0 0 0 0 0 0 138.71999895572662 178.91000297665596 0 0 0 131.529999345541 0 0 129.78999835252762 496.25999942421913 694.8099974095821 -0.9999999329447746 -1.9999999925494194 -0.9999999701976776 -0.18999992311000824 -1.739999994635582 -0.44999995827674866 169 3 5 3 0 2 2 0 2 0 2 0 5 0 1 0 3 2 0 0 1 0 0 2 0 0 0 0 0 0 2 1 0 0 0 1 0 0 339.85000006854534 786.4000009149313 457.80000391602516 0 203.42999939620495 328.59999699890614 0 328.59999699890614 0 203.42999939620495 0 786.4000009149313 0 136.4200006723404 0 457.80000391602516 328.59999699890614 0 0 71.90000005066395 0 0 328.59999699890614 0 0 0 0 0 0 278.8900009393692 178.91000297665596 0 0 0 131.529999345541 0 0 194.4399995803833 819.9100011885166 1126.2500009834766 -1.9999998696148396 -3.0699999816715717 -1.8199999332427979 -1.4999998360872269 -3.4799999743700027 -0.9099999070167542 169 5 7 5 1 3 2 0 2 0 3 1 5 0 2 1 3 2 0 1 2 0 0 2 0 0 0 0 0 0 2 1 0 1 0 1 0 1 564.4800009578466 1081.6200027912855 753.0200057923794 184.92000073194504 299.49999837577343 328.59999699890614 0 328.59999699890614 0 299.49999837577343 110.30000114440918 786.4000009149313 0 264.9800025820732 110.30000114440918 457.80000391602516 328.59999699890614 0 184.92000073194504 167.96999903023243 0 0 328.59999699890614 0 0 0 0 0 0 278.8900009393692 178.91000297665596 0 110.30000114440918 0 131.529999345541 0 184.92000073194504 268.8099996447563 1180.5600042045116 1646.1000037491322 -1.9999998547136784 -4.539999969303608 -1.6399999521672726 -1.7299998216331005 -5.179999962449074 -0.7299999259412289 169 6 10 7 2 4 3 0 3 0 4 2 6 0 2 2 3 3 0 2 3 0 1 2 0 0 0 0 0 0 2 1 0 2 0 1 0 2 637.9600003361702 1482.7700032740831 1048.0000066757202 369.9900022894144 372.979997754097 434.7699965983629 0 434.7699965983629 0 372.979997754097 220.21000047028065 892.5700005143881 0 264.9800025820732 220.21000047028065 457.80000391602516 434.7699965983629 0 369.9900022894144 241.44999840855598 0 106.16999959945679 328.59999699890614 0 0 0 0 0 0 278.8900009393692 178.91000297665596 0 220.21000047028065 0 131.529999345541 0 369.9900022894144 372.24999825656414 1482.270006030798 2120.7300036102533 -2.9999998211860657 -6.1399999633431435 -2.6399999484419823 -2.729999788105488 -6.8499999567866325 -1.6599999219179153 169 9 13 9 2 5 4 1 3 0 5 3 7 0 4 3 4 3 0 2 3 0 1 2 0 1 0 0 0 0 2 2 0 2 1 2 0 2 1000.4200010597706 1959.9700003117323 1329.5300055593252 369.9900022894144 512.5900000482798 630.4399947524071 195.66999815404415 434.7699965983629 0 512.5900000482798 324.16000090539455 1070.1499989628792 0 487.8300010114908 324.16000090539455 635.3800023645163 434.7699965983629 0 369.9900022894144 241.44999840855598 0 106.16999959945679 328.59999699890614 0 195.66999815404415 0 0 0 0 278.8900009393692 356.49000142514706 0 220.21000047028065 103.9500004351139 271.1400016397238 0 369.9900022894144 526.6699979901314 2101.6600038558245 2960.390001371503 -1.9999997578561306 -8.279999941587448 -1.2799999378621578 -1.689999733120203 -8.809999942779541 -0.43999991193413734
170 0 1 1 0 0 0 0 0 0 0 0 1 0 0 0 1 0 0 0 0 0 0 0 0 0 0 0 0 0 1 0 0 0 0 0 0 0 0 138.71999895572662 138.71999895572662 0 0 0 0 0 0 0 0 138.71999895572662 0 0 0 138.71999895572662 0 0 0 0 0 0 0 0 0 0 0 0 0 138.71999895572662 0 0 0 0 0 0 0 26.62999927997589 100.36999952793121 138.71999895572662 7.450580596923828e-9 -0.3999999985098839 0.0 -0.06999999284744263 -0.4699999988079071 0.0 170 2 4 3 0 2 1 0 1 0 2 0 4 0 0 0 3 1 0 0 1 0 0 1 0 0 0 0 0 0 2 1 0 0 0 1 0 0 203.42999939620495 631.5499999970198 457.80000391602516 0 203.42999939620495 173.7499960809946 0 173.7499960809946 0 203.42999939620495 0 631.5499999970198 0 0 0 457.80000391602516 173.7499960809946 0 0 71.90000005066395 0 0 173.7499960809946 0 0 0 0 0 0 278.8900009393692 178.91000297665596 0 0 0 131.529999345541 0 0 154.9799993634224 588.7999998629093 834.9799993932247 -0.999999925494194 -2.3999999910593033 -0.9999999701976776 -0.0799999088048935 -2.209999993443489 -0.2699999511241913 170 4 6 4 0 3 2 0 2 0 3 1 5 0 1 1 3 2 0 0 2 0 0 2 0 0 0 0 0 0 2 1 0 1 0 1 0 0 435.9199990481138 896.7000020593405 568.1000050604343 0 299.49999837577343 328.59999699890614 0 328.59999699890614 0 299.49999837577343 110.30000114440918 786.4000009149313 0 136.4200006723404 110.30000114440918 457.80000391602516 328.59999699890614 0 0 167.96999903023243 0 0 328.59999699890614 0 0 0 0 0 0 278.8900009393692 178.91000297665596 0 110.30000114440918 0 131.529999345541 0 0 234.5099995136261 926.28000202775 1332.6200011074543 -1.9999998658895493 -3.8699999786913395 -1.8199999444186687 -1.639999832957983 -4.419999971985817 -0.909999918192625 170 5 8 6 2 3 2 0 2 0 3 1 5 0 2 1 3 2 0 2 2 0 0 2 0 0 0 0 0 0 2 1 0 1 0 1 0 2 564.4800009578466 1266.6900043487549 938.0900073498487 369.9900022894144 299.49999837577343 328.59999699890614 0 328.59999699890614 0 299.49999837577343 110.30000114440918 786.4000009149313 0 264.9800025820732 110.30000114440918 457.80000391602516 328.59999699890614 0 369.9900022894144 167.96999903023243 0 0 328.59999699890614 0 0 0 0 0 0 278.8900009393692 178.91000297665596 0 110.30000114440918 0 131.529999345541 0 369.9900022894144 299.62999941408634 1315.560005992651 1831.1700053066015 -1.999999862164259 -4.939999967813492 -1.6399999670684338 -1.849999826401472 -5.579999960958958 -0.849999938160181 170 7 11 7 2 4 4 1 3 0 4 2 6 0 3 2 3 3 0 2 3 0 1 2 0 1 0 0 0 0 2 1 0 2 0 1 0 2 752.8699997067451 1678.4400014281273 1048.0000066757202 369.9900022894144 372.979997754097 630.4399947524071 195.66999815404415 434.7699965983629 0 372.979997754097 220.21000047028065 892.5700005143881 0 379.89000195264816 220.21000047028065 457.80000391602516 434.7699965983629 0 369.9900022894144 241.44999840855598 0 106.16999959945679 328.59999699890614 0 195.66999815404415 0 0 0 0 278.8900009393692 178.91000297665596 0 220.21000047028065 0 131.529999345541 0 369.9900022894144 422.65999734401703 1718.5600043535233 2431.3100011348724 -1.9999997839331627 -6.809999953955412 -1.459999930113554 -1.4599997587502003 -7.249999955296516 -0.4799999035894871 170 9 13 9 2 5 4 1 3 0 5 3 7 0 4 3 4 3 0 2 3 0 1 2 0 1 0 0 0 0 2 2 0 2 1 2 0 2 1000.4200010597706 1959.9700003117323 1329.5300055593252 369.9900022894144 512.5900000482798 630.4399947524071 195.66999815404415 434.7699965983629 0 512.5900000482798 324.16000090539455 1070.1499989628792 0 487.8300010114908 324.16000090539455 635.3800023645163 434.7699965983629 0 369.9900022894144 241.44999840855598 0 106.16999959945679 328.59999699890614 0 195.66999815404415 0 0 0 0 278.8900009393692 356.49000142514706 0 220.21000047028065 103.9500004351139 271.1400016397238 0 369.9900022894144 526.6699979901314 2101.6600038558245 2960.390001371503 -1.9999997578561306 -8.279999941587448 -1.2799999378621578 -1.689999733120203 -8.809999942779541 -0.43999991193413734
171 1 0 0 0 1 0 0 0 0 1 0 0 0 0 0 0 0 0 0 1 0 0 0 0 0 0 0 0 0 0 0 0 0 0 0 0 0 71.90000005066395 0 0 0 71.90000005066395 0 0 0 0 71.90000005066395 0 0 0 0 0 0 0 0 0 71.90000005066395 0 0 0 0 0 0 0 0 0 0 0 0 0 0 0 0 0 24.780000165104866 26.56999969482422 71.90000005066395 7.450580596923828e-9 -0.3999999985098839 0.0 7.450580596923828e-9 -0.3999999985098839 0.0 171 1 4 3 0 1 1 0 1 0 1 1 3 0 0 1 2 1 0 0 1 0 0 1 0 0 0 0 0 0 2 0 0 1 0 0 0 0 71.90000005066395 562.939998164773 389.1900020837784 0 71.90000005066395 173.7499960809946 0 173.7499960809946 0 71.90000005066395 110.30000114440918 452.6399970203638 0 0 110.30000114440918 278.8900009393692 173.7499960809946 0 0 71.90000005066395 0 0 173.7499960809946 0 0 0 0 0 0 278.8900009393692 0 0 110.30000114440918 0 0 0 0 121.86999985575676 413.95999825000763 634.8399982154369 -0.9999999441206455 -1.9999999925494194 -0.9999999813735485 -0.5699999295175076 -2.209999993443489 -0.35999996587634087 171 3 6 5 1 3 1 0 1 0 3 1 4 0 0 1 3 1 0 1 2 0 0 1 0 0 0 0 0 0 2 1 0 1 0 1 0 1 299.49999837577343 926.770001873374 753.0200057923794 184.92000073194504 299.49999837577343 173.7499960809946 0 173.7499960809946 0 299.49999837577343 110.30000114440918 631.5499999970198 0 0 110.30000114440918 457.80000391602516 173.7499960809946 0 184.92000073194504 167.96999903023243 0 0 173.7499960809946 0 0 0 0 0 0 278.8900009393692 178.91000297665596 0 110.30000114440918 0 131.529999345541 0 184.92000073194504 211.19999903440475 841.360001295805 1226.2700002491474 -0.9999999292194843 -3.599999986588955 -0.9999999962747097 -0.28999991342425346 -3.6199999898672104 -0.2699999772012234 171 4 9 6 2 3 3 0 3 0 3 1 6 0 1 1 3 3 0 2 2 0 1 2 0 0 0 0 0 0 2 1 0 1 0 1 0 2 435.9199990481138 1372.8600039482117 938.0900073498487 369.9900022894144 299.49999837577343 434.7699965983629 0 434.7699965983629 0 299.49999837577343 110.30000114440918 892.5700005143881 0 136.4200006723404 110.30000114440918 457.80000391602516 434.7699965983629 0 369.9900022894144 167.96999903023243 0 106.16999959945679 328.59999699890614 0 0 0 0 0 0 278.8900009393692 178.91000297665596 0 110.30000114440918 0 131.529999345541 0 369.9900022894144 301.23999877274036 1275.3500045239925 1808.7800029963255 -2.9999998435378075 -5.069999974220991 -2.8199999444186687 -2.7099998109042645 -5.759999968111515 -1.8399999178946018 171 7 10 6 2 4 4 1 3 0 4 1 6 0 3 1 3 3 0 2 3 0 1 2 0 1 0 0 0 0 2 1 0 1 0 1 0 2 752.8699997067451 1568.5300021022558 938.0900073498487 369.9900022894144 372.979997754097 630.4399947524071 195.66999815404415 434.7699965983629 0 372.979997754097 110.30000114440918 892.5700005143881 0 379.89000195264816 110.30000114440918 457.80000391602516 434.7699965983629 0 369.9900022894144 241.44999840855598 0 106.16999959945679 328.59999699890614 0 195.66999815404415 0 0 0 0 278.8900009393692 178.91000297665596 0 110.30000114440918 0 131.529999345541 0 369.9900022894144 402.1299976557493 1651.0400043725967 2321.400001809001 -1.9999997802078724 -6.409999955445528 -1.459999918937683 -1.45999975502491 -6.8499999567866325 -0.4799998924136162 171 9 11 7 2 5 4 1 3 0 5 2 6 0 4 2 3 3 0 2 3 0 1 2 0 1 0 0 0 0 2 1 0 2 0 2 0 2 1000.4200010597706 1678.4400014281273 1048.0000066757202 369.9900022894144 512.5900000482798 630.4399947524071 195.66999815404415 434.7699965983629 0 512.5900000482798 220.21000047028065 892.5700005143881 0 487.8300010114908 220.21000047028065 457.80000391602516 434.7699965983629 0 369.9900022894144 241.44999840855598 0 106.16999959945679 328.59999699890614 0 195.66999815404415 0 0 0 0 278.8900009393692 178.91000297665596 0 220.21000047028065 0 271.1400016397238 0 369.9900022894144 465.1299984008074 1904.9700048714876 2678.860002487898 -1.9999997578561306 -7.47999994456768 -1.2799999229609966 -1.5499997325241566 -8.009999945759773 -0.2999998964369297
172 0 1 1 0 0 0 0 0 0 0 0 1 0 0 0 1 0 0 0 0 0 0 0 0 0 0 0 0 0 1 0 0 0 0 0 0 0 0 140.17000198364258 140.17000198364258 0 0 0 0 0 0 0 0 140.17000198364258 0 0 0 140.17000198364258 0 0 0 0 0 0 0 0 0 0 0 0 0 140.17000198364258 0 0 0 0 0 0 0 25.190001010894775 92.54000043869019 140.17000198364258 7.450580596923828e-9 -0.3999999985098839 0.0 0.11000001430511475 -0.4699999988079071 0.18000000715255737 172 2 3 3 0 2 0 0 0 0 2 1 2 0 0 1 2 0 0 0 2 0 0 0 0 0 0 0 0 0 2 0 0 1 0 0 0 0 167.96999903023243 389.1900020837784 389.1900020837784 0 167.96999903023243 0 0 0 0 167.96999903023243 110.30000114440918 278.8900009393692 0 0 110.30000114440918 278.8900009393692 0 0 0 167.96999903023243 0 0 0 0 0 0 0 0 0 278.8900009393692 0 0 110.30000114440918 0 0 0 0 116.67000038921833 325.850000500679 557.1600011140108 2.60770320892334e-8 -1.9999999925494194 -1.1175870895385742e-8 -0.09999996796250343 -2.2799999937415123 0.17999999597668648 172 2 6 5 2 2 1 0 1 0 2 1 3 0 0 1 2 1 0 2 2 0 0 1 0 0 0 0 0 0 2 0 0 1 0 0 0 2 167.96999903023243 932.9300004541874 759.1800043731928 369.9900022894144 167.96999903023243 173.7499960809946 0 173.7499960809946 0 167.96999903023243 110.30000114440918 452.6399970203638 0 0 110.30000114440918 278.8900009393692 173.7499960809946 0 369.9900022894144 167.96999903023243 0 0 173.7499960809946 0 0 0 0 0 0 278.8900009393692 0 0 110.30000114440918 0 0 0 369.9900022894144 192.0099992007017 737.6500001549721 1100.8999994844198 -0.9999999515712261 -3.199999988079071 -1.000000011175871 -0.8299999348819256 -3.549999989569187 -0.47999999299645424 172 4 8 6 2 4 2 0 2 0 4 1 5 0 0 1 3 2 0 2 3 0 1 1 0 0 0 0 0 0 2 1 0 1 0 1 0 2 372.979997754097 1218.0100030303001 938.0900073498487 369.9900022894144 372.979997754097 279.9199956804514 0 279.9199956804514 0 372.979997754097 110.30000114440918 737.7199995964766 0 0 110.30000114440918 457.80000391602516 279.9199956804514 0 369.9900022894144 241.44999840855598 0 106.16999959945679 173.7499960809946 0 0 0 0 0 0 278.8900009393692 178.91000297665596 0 110.30000114440918 0 131.529999345541 0 369.9900022894144 294.10999795794487 1075.5500031411648 1590.9900007843971 -1.9999998919665813 -4.799999982118607 -1.9999999813735485 -1.2899998761713505 -4.889999985694885 -1.199999962002039 172 6 10 6 2 4 4 1 3 0 4 1 6 0 2 1 3 3 0 2 3 0 1 2 0 1 0 0 0 0 2 1 0 1 0 1 0 2 624.3099977970123 1568.5300021022558 938.0900073498487 369.9900022894144 372.979997754097 630.4399947524071 195.66999815404415 434.7699965983629 0 372.979997754097 110.30000114440918 892.5700005143881 0 251.33000004291534 110.30000114440918 457.80000391602516 434.7699965983629 0 369.9900022894144 241.44999840855598 0 106.16999959945679 328.59999699890614 0 195.66999815404415 0 0 0 0 278.8900009393692 178.91000297665596 0 110.30000114440918 0 131.529999345541 0 369.9900022894144 383.97999726235867 1542.9500027894974 2192.839999899268 -1.9999997988343239 -6.1399999633431435 -1.6399999260902405 -1.4399997740983963 -6.559999965131283 -0.6599998995661736 172 8 11 7 2 5 4 1 3 0 5 2 6 0 3 2 3 3 0 2 3 0 1 2 0 1 0 0 0 0 2 1 0 2 0 2 0 2 892.4800020009279 1678.4400014281273 1048.0000066757202 369.9900022894144 512.5900000482798 630.4399947524071 195.66999815404415 434.7699965983629 0 512.5900000482798 220.21000047028065 892.5700005143881 0 379.89000195264816 220.21000047028065 457.80000391602516 434.7699965983629 0 369.9900022894144 241.44999840855598 0 106.16999959945679 328.59999699890614 0 195.66999815404415 0 0 0 0 278.8900009393692 178.91000297665596 0 220.21000047028065 0 271.1400016397238 0 369.9900022894144 450.22999811172485 1820.9100056439638 2570.920003429055 -1.999999776482582 -7.209999952465296 -1.459999930113554 -1.529999751597643 -7.7199999541044235 -0.4799999035894871
173 0 1 1 0 0 0 0 0 0 0 1 0 0 0 1 0 0 0 0 0 0 0 0 0 0 0 0 0 0 0 0 0 1 0 0 0 0 0 110.30000114440918 110.30000114440918 0 0 0 0 0 0 0 110.30000114440918 0 0 0 110.30000114440918 0 0 0 0 0 0 0 0 0 0 0 0 0 0 0 0 0 110.30000114440918 0 0 0 0 16.90000009536743 63.87000131607056 110.30000114440918 -3.725290298461914e-9 -0.3999999985098839 -1.1175870895385742e-8 -0.07000000402331352 -0.4699999988079071 -1.1175870895385742e-8 173 2 3 3 1 2 0 0 0 0 2 1 1 0 0 1 1 0 0 1 2 0 0 0 0 0 0 0 0 0 1 0 0 1 0 0 0 1 167.96999903023243 435.3900038599968 435.3900038599968 184.92000073194504 167.96999903023243 0 0 0 0 167.96999903023243 110.30000114440918 140.17000198364258 0 0 110.30000114440918 140.17000198364258 0 0 184.92000073194504 167.96999903023243 0 0 0 0 0 0 0 0 0 140.17000198364258 0 0 110.30000114440918 0 0 0 184.92000073194504 106.190000846982 371.67000156641006 603.3600028902292 1.1175870895385742e-8 -1.9999999925494194 -2.60770320892334e-8 -0.09999998286366463 -2.2799999937415123 0.17999998107552528 173 2 5 5 2 2 0 0 0 0 2 1 2 0 0 1 2 0 0 2 2 0 0 0 0 0 0 0 0 0 2 0 0 1 0 0 0 2 167.96999903023243 759.1800043731928 759.1800043731928 369.9900022894144 167.96999903023243 0 0 0 0 167.96999903023243 110.30000114440918 278.8900009393692 0 0 110.30000114440918 278.8900009393692 0 0 369.9900022894144 167.96999903023243 0 0 0 0 0 0 0 0 0 278.8900009393692 0 0 110.30000114440918 0 0 0 369.9900022894144 163.63999989628792 607.0400028824806 927.1500034034252 1.1175870895385742e-8 -2.799999989569187 -4.0978193283081055e-8 -0.28999998047947884 -3.1499999910593033 0.059999968856573105 173 4 8 6 2 4 2 0 2 0 4 1 5 0 0 1 3 2 0 2 3 0 1 1 0 0 0 0 0 0 2 1 0 1 0 1 0 2 372.979997754097 1218.0100030303001 938.0900073498487 369.9900022894144 372.979997754097 279.9199956804514 0 279.9199956804514 0 372.979997754097 110.30000114440918 737.7199995964766 0 0 110.30000114440918 457.80000391602516 279.9199956804514 0 369.9900022894144 241.44999840855598 0 106.16999959945679 173.7499960809946 0 0 0 0 0 0 278.8900009393692 178.91000297665596 0 110.30000114440918 0 131.529999345541 0 369.9900022894144 294.10999795794487 1075.5500031411648 1590.9900007843971 -1.9999998919665813 -4.799999982118607 -1.9999999813735485 -1.2899998761713505 -4.889999985694885 -1.199999962002039 173 6 9 6 2 4 3 1 2 0 4 1 5 0 2 1 3 2 0 2 3 0 1 1 0 1 0 0 0 0 2 1 0 1 0 1 0 2 624.3099977970123 1413.6800011843443 938.0900073498487 369.9900022894144 372.979997754097 475.58999383449554 195.66999815404415 279.9199956804514 0 372.979997754097 110.30000114440918 737.7199995964766 0 251.33000004291534 110.30000114440918 457.80000391602516 279.9199956804514 0 369.9900022894144 241.44999840855598 0 106.16999959945679 173.7499960809946 0 195.66999815404415 0 0 0 0 278.8900009393692 178.91000297665596 0 110.30000114440918 0 131.529999345541 0 369.9900022894144 361.219996497035 1421.4300025701523 2037.9899989813566 -0.9999998360872269 -5.73999996483326 -0.6399999558925629 -0.5499998182058334 -6.089999966323376 0.16000006347894669 173 8 10 6 2 5 4 1 3 0 5 1 6 0 3 1 3 3 0 2 3 0 1 2 0 1 0 0 0 0 2 1 0 1 0 2 0 2 892.4800020009279 1568.5300021022558 938.0900073498487 369.9900022894144 512.5900000482798 630.4399947524071 195.66999815404415 434.7699965983629 0 512.5900000482798 110.30000114440918 892.5700005143881 0 379.89000195264816 110.30000114440918 457.80000391602516 434.7699965983629 0 369.9900022894144 241.44999840855598 0 106.16999959945679 328.59999699890614 0 195.66999815404415 0 0 0 0 278.8900009393692 178.91000297665596 0 110.30000114440918 0 271.1400016397238 0 369.9900022894144 429.69999842345715 1753.3900056630373 2461.0100041031837 -1.9999997727572918 -6.809999953955412 -1.459999918937683 -1.5299997478723526 -7.31999995559454 -0.4799998924136162
174 1 0 0 0 1 0 0 0 0 1 0 0 0 0 0 0 0 0 0 1 0 0 0 0 0 0 0 0 0 0 0 0 0 0 0 0 0 96.06999897956848 0 0 0 96.06999897956848 0 0 0 0 96.06999897956848 0 0 0 0 0 0 0 0 0 96.06999897956848 0 0 0 0 0 0 0 0 0 0 0 0 0 0 0 0 0 23.169999837875366 42.49999952316284 96.06999897956848 7.450580596923828e-9 -0.3999999985098839 0.0 -0.06999999284744263 -0.4699999988079071 0.0 174 1 4 4 2 1 0 0 0 0 1 1 1 0 0 1 1 0 0 2 1 0 0 0 0 0 0 0 0 0 1 0 0 1 0 0 0 2 96.06999897956848 620.4600054174662 620.4600054174662 369.9900022894144 96.06999897956848 0 0 0 0 96.06999897956848 110.30000114440918 140.17000198364258 0 0 110.30000114440918 140.17000198364258 0 0 369.9900022894144 96.06999897956848 0 0 0 0 0 0 0 0 0 140.17000198364258 0 0 110.30000114440918 0 0 0 369.9900022894144 112.23000045120716 480.1000036597252 716.5300043970346 -3.725290298461914e-9 -1.9999999925494194 -4.0978193283081055e-8 -0.2199999950826168 -2.2799999937415123 0.059999968856573105 174 2 6 5 2 2 1 0 1 0 2 1 3 0 0 1 2 1 0 2 2 0 1 0 0 0 0 0 0 0 2 0 0 1 0 0 0 2 167.96999903023243 865.3500039726496 759.1800043731928 369.9900022894144 167.96999903023243 106.16999959945679 0 106.16999959945679 0 167.96999903023243 110.30000114440918 385.060000538826 0 0 110.30000114440918 278.8900009393692 106.16999959945679 0 369.9900022894144 167.96999903023243 0 106.16999959945679 0 0 0 0 0 0 0 278.8900009393692 0 0 110.30000114440918 0 0 0 369.9900022894144 183.3999996483326 674.9200029969215 1033.320003002882 -0.9999999515712261 -3.199999988079071 -1.000000011175871 -1.1699999459087849 -3.6199999898672104 -0.7500000037252903 174 3 8 5 2 3 3 1 2 0 3 1 4 0 0 1 2 2 0 2 3 0 1 1 0 1 0 0 0 0 2 0 0 1 0 0 0 2 241.44999840855598 1234.7699982076883 759.1800043731928 369.9900022894144 241.44999840855598 475.58999383449554 195.66999815404415 279.9199956804514 0 241.44999840855598 110.30000114440918 558.8099966198206 0 0 110.30000114440918 278.8900009393692 279.9199956804514 0 369.9900022894144 241.44999840855598 0 106.16999959945679 173.7499960809946 0 195.66999815404415 0 0 0 0 278.8900009393692 0 0 110.30000114440918 0 0 0 369.9900022894144 278.3699975758791 984.4899991452694 1476.2199966162443 -0.999999888241291 -4.399999983608723 -0.9999999701976776 -0.7099998742341995 -4.819999985396862 -0.28999995440244675 174 5 9 6 2 4 3 1 2 0 4 1 5 0 1 1 3 2 0 2 3 0 1 1 0 1 0 0 0 0 2 1 0 1 0 1 0 2 487.88999712467194 1413.6800011843443 938.0900073498487 369.9900022894144 372.979997754097 475.58999383449554 195.66999815404415 279.9199956804514 0 372.979997754097 110.30000114440918 737.7199995964766 0 114.90999937057495 110.30000114440918 457.80000391602516 279.9199956804514 0 369.9900022894144 241.44999840855598 0 106.16999959945679 173.7499960809946 0 195.66999815404415 0 0 0 0 278.8900009393692 178.91000297665596 0 110.30000114440918 0 131.529999345541 0 369.9900022894144 344.51999704539776 1311.84000146389 1901.5699983090162 -0.9999998547136784 -5.469999972730875 -0.8199999630451202 -0.019999846816062927 -5.289999984204769 -0.019999943673610687 174 7 11 7 2 5 4 1 3 0 5 2 6 0 2 2 3 3 0 2 3 0 1 2 0 1 0 0 0 0 2 1 0 1 1 2 0 2 763.9200000911951 1672.4800025373697 1042.0400077849627 369.9900022894144 512.5900000482798 630.4399947524071 195.66999815404415 434.7699965983629 0 512.5900000482798 214.2500015795231 892.5700005143881 0 251.33000004291534 214.2500015795231 457.80000391602516 434.7699965983629 0 369.9900022894144 241.44999840855598 0 106.16999959945679 328.59999699890614 0 195.66999815404415 0 0 0 0 278.8900009393692 178.91000297665596 0 110.30000114440918 103.9500004351139 271.1400016397238 0 369.9900022894144 438.55999816954136 1713.9900042563677 2436.400002628565 -1.9999997988343239 -6.939999960362911 -1.6399999409914017 -1.649999774992466 -7.429999962449074 -0.7999999150633812
175 0 1 1 1 0 0 0 0 0 0 0 0 0 0 0 0 0 0 1 0 0 0 0 0 0 0 0 0 0 0 0 0 0 0 0 0 1 0 184.92000073194504 184.92000073194504 184.92000073194504 0 0 0 0 0 0 0 0 0 0 0 0 0 0 184.92000073194504 0 0 0 0 0 0 0 0 0 0 0 0 0 0 0 0 0 184.92000073194504 16.149999737739563 146.19000059366226 184.92000073194504 -7.450580596923828e-9 -0.3999999985098839 -1.4901161193847656e-8 -0.07000000774860382 -0.4699999988079071 -1.4901161193847656e-8 175 1 4 3 2 1 1 0 1 0 1 1 1 0 0 1 0 1 0 2 1 0 1 0 0 0 0 0 0 0 0 0 0 1 0 0 0 2 96.06999897956848 586.4600030332804 480.2900034338236 369.9900022894144 96.06999897956848 106.16999959945679 0 106.16999959945679 0 96.06999897956848 110.30000114440918 106.16999959945679 0 0 110.30000114440918 0 106.16999959945679 0 369.9900022894144 96.06999897956848 0 106.16999959945679 0 0 0 0 0 0 0 0 0 0 110.30000114440918 0 0 0 369.9900022894144 106.79999919235706 455.4400033354759 682.5300020128489 -0.9999999739229679 -1.9999999925494194 -1.000000011175871 -1.2099999748170376 -2.2799999937415123 -0.9300000108778477 175 3 5 4 2 3 1 0 1 0 3 1 2 0 0 1 1 1 0 2 3 0 1 0 0 0 0 0 0 0 1 0 0 1 0 0 0 2 241.44999840855598 726.630005016923 620.4600054174662 369.9900022894144 241.44999840855598 106.16999959945679 0 106.16999959945679 0 241.44999840855598 110.30000114440918 246.34000158309937 0 0 110.30000114440918 140.17000198364258 106.16999959945679 0 369.9900022894144 241.44999840855598 0 106.16999959945679 0 0 0 0 0 0 0 140.17000198364258 0 0 110.30000114440918 0 0 0 369.9900022894144 189.09999977052212 605.8600034117699 968.0800034254789 -0.9999999515712261 -3.199999988079071 -1.000000011175871 -1.0999999456107616 -3.549999989569187 -0.7500000037252903 175 4 8 5 2 3 3 1 2 0 3 1 4 0 1 1 2 2 0 2 3 0 1 1 0 1 0 0 0 0 2 0 0 1 0 0 0 2 356.35999777913094 1234.7699982076883 759.1800043731928 369.9900022894144 241.44999840855598 475.58999383449554 195.66999815404415 279.9199956804514 0 241.44999840855598 110.30000114440918 558.8099966198206 0 114.90999937057495 110.30000114440918 278.8900009393692 279.9199956804514 0 369.9900022894144 241.44999840855598 0 106.16999959945679 173.7499960809946 0 195.66999815404415 0 0 0 0 278.8900009393692 0 0 110.30000114440918 0 0 0 369.9900022894144 294.5099974423647 1073.1299985349178 1591.1299959868193 -0.9999998696148396 -4.669999975711107 -0.8199999630451202 -0.43999986350536346 -4.819999985396862 -0.10999994724988937 175 6 9 6 2 5 3 1 2 0 5 1 5 0 1 1 3 2 0 2 3 0 1 1 0 1 0 0 0 0 2 1 0 1 0 2 0 2 627.4999994188547 1413.6800011843443 938.0900073498487 369.9900022894144 512.5900000482798 475.58999383449554 195.66999815404415 279.9199956804514 0 512.5900000482798 110.30000114440918 737.7199995964766 0 114.90999937057495 110.30000114440918 457.80000391602516 279.9199956804514 0 369.9900022894144 241.44999840855598 0 106.16999959945679 173.7499960809946 0 195.66999815404415 0 0 0 0 278.8900009393692 178.91000297665596 0 110.30000114440918 0 271.1400016397238 0 369.9900022894144 372.0899978131056 1414.1900027543306 2041.180000603199 -0.9999998472630978 -5.869999971240759 -0.8199999630451202 -0.08999983966350555 -5.759999983012676 -0.019999943673610687 175 7 11 7 2 5 4 1 3 0 5 2 6 0 2 2 3 3 0 2 3 0 1 2 0 1 0 0 0 0 2 1 0 1 1 2 0 2 763.9200000911951 1672.4800025373697 1042.0400077849627 369.9900022894144 512.5900000482798 630.4399947524071 195.66999815404415 434.7699965983629 0 512.5900000482798 214.2500015795231 892.5700005143881 0 251.33000004291534 214.2500015795231 457.80000391602516 434.7699965983629 0 369.9900022894144 241.44999840855598 0 106.16999959945679 328.59999699890614 0 195.66999815404415 0 0 0 0 278.8900009393692 178.91000297665596 0 110.30000114440918 103.9500004351139 271.1400016397238 0 369.9900022894144 438.55999816954136 1713.9900042563677 2436.400002628565 -1.9999997988343239 -6.939999960362911 -1.6399999409914017 -1.649999774992466 -7.429999962449074 -0.7999999150633812
176 0 1 1 1 0 0 0 0 0 0 0 0 0 0 0 0 0 0 1 0 0 0 0 0 0 0 0 0 0 0 0 0 0 0 0 0 1 0 185.07000155746937 185.07000155746937 185.07000155746937 0 0 0 0 0 0 0 0 0 0 0 0 0 0 185.07000155746937 0 0 0 0 0 0 0 0 0 0 0 0 0 0 0 0 0 185.07000155746937 30.819999769330025 135.00000178813934 185.07000155746937 -7.450580596923828e-9 -0.3999999985098839 -1.4901161193847656e-8 -0.12000000476837158 -0.3999999985098839 -0.12000001221895218 176 1 3 2 2 1 1 0 1 0 1 0 1 0 0 0 0 1 0 2 1 0 1 0 0 0 0 0 0 0 0 0 0 0 0 0 0 2 96.06999897956848 476.1600018888712 369.9900022894144 369.9900022894144 96.06999897956848 106.16999959945679 0 106.16999959945679 0 96.06999897956848 0 106.16999959945679 0 0 0 0 106.16999959945679 0 369.9900022894144 96.06999897956848 0 106.16999959945679 0 0 0 0 0 0 0 0 0 0 0 0 0 0 369.9900022894144 89.89999909698963 391.57000201940536 572.2300008684397 -0.9999999701976776 -1.5999999940395355 -1.0 -1.139999970793724 -1.8099999949336052 -0.9299999997019768 176 2 6 4 2 2 2 1 1 0 2 1 2 0 0 1 1 1 0 2 2 0 1 0 0 1 0 0 0 0 1 0 0 1 0 0 0 2 169.54999835789204 922.3000031709671 620.4600054174662 369.9900022894144 169.54999835789204 301.83999775350094 195.66999815404415 106.16999959945679 0 169.54999835789204 110.30000114440918 246.34000158309937 0 0 110.30000114440918 140.17000198364258 106.16999959945679 0 369.9900022894144 169.54999835789204 0 106.16999959945679 0 0 195.66999815404415 0 0 0 0 140.17000198364258 0 0 110.30000114440918 0 0 0 369.9900022894144 198.58999882638454 726.9400026500225 1091.8500015288591 5.960464477539063e-8 -3.199999988079071 0.0 -0.09999993443489075 -3.549999989569187 0.2500000074505806 176 4 7 5 2 3 2 1 1 0 3 1 3 0 1 1 2 1 0 2 3 0 1 0 0 1 0 0 0 0 2 0 0 1 0 0 0 2 356.35999777913094 1061.0200021266937 759.1800043731928 369.9900022894144 241.44999840855598 301.83999775350094 195.66999815404415 106.16999959945679 0 241.44999840855598 110.30000114440918 385.060000538826 0 114.90999937057495 110.30000114440918 278.8900009393692 106.16999959945679 0 369.9900022894144 241.44999840855598 0 106.16999959945679 0 0 195.66999815404415 0 0 0 0 278.8900009393692 0 0 110.30000114440918 0 0 0 369.9900022894144 266.1399981379509 942.5200012624264 1417.3799999058247 9.313225746154785e-8 -4.269999977201223 0.18000000715255737 0.10000009089708328 -4.419999986886978 0.43000001460313797 176 6 10 7 2 5 3 1 2 0 5 2 5 0 1 2 3 2 0 2 3 0 1 1 0 1 0 0 0 0 2 1 0 1 1 2 0 2 627.4999994188547 1517.6300016194582 1042.0400077849627 369.9900022894144 512.5900000482798 475.58999383449554 195.66999815404415 279.9199956804514 0 512.5900000482798 214.2500015795231 737.7199995964766 0 114.90999937057495 214.2500015795231 457.80000391602516 279.9199956804514 0 369.9900022894144 241.44999840855598 0 106.16999959945679 173.7499960809946 0 195.66999815404415 0 0 0 0 278.8900009393692 178.91000297665596 0 110.30000114440918 103.9500004351139 271.1400016397238 0 369.9900022894144 399.09999795258045 1482.8800029307604 2145.130001038313 -0.9999998547136784 -6.269999969750643 -0.8199999779462814 -0.2299998477101326 -6.15999998152256 -0.15999995917081833 176 7 12 8 2 5 4 1 3 0 5 2 7 0 2 2 4 3 0 2 3 0 1 2 0 1 0 0 0 0 3 1 0 1 1 2 0 2 763.9200000911951 1825.14000248909 1194.700007736683 369.9900022894144 512.5900000482798 630.4399947524071 195.66999815404415 434.7699965983629 0 512.5900000482798 214.2500015795231 1045.2300004661083 0 251.33000004291534 214.2500015795231 610.4600038677454 434.7699965983629 0 369.9900022894144 241.44999840855598 0 106.16999959945679 328.59999699890614 0 195.66999815404415 0 0 0 0 431.55000089108944 178.91000297665596 0 110.30000114440918 103.9500004351139 271.1400016397238 0 369.9900022894144 475.0599978864193 1811.770004376769 2589.060002580285 -1.9999997913837433 -7.339999958872795 -1.6399999409914017 -1.6499997675418854 -7.829999960958958 -0.7999999150633812
177 0 1 0 0 0 1 0 1 0 0 0 1 0 0 0 0 1 0 0 0 0 1 0 0 0 0 0 0 0 0 0 0 0 0 0 0 0 0 106.16999959945679 0 0 0 106.16999959945679 0 106.16999959945679 0 0 0 106.16999959945679 0 0 0 0 106.16999959945679 0 0 0 0 106.16999959945679 0 0 0 0 0 0 0 0 0 0 0 0 0 0 0 19.759999752044678 67.88000011444092 106.16999959945679 -0.999999962747097 -0.3999999985098839 -0.9999999701976776 -0.879999965429306 -0.4699999988079071 -0.8099999725818634 177 1 4 2 2 1 2 1 1 0 1 0 1 0 0 0 0 1 0 2 1 0 1 0 0 1 0 0 0 0 0 0 0 0 0 0 0 2 73.47999937832355 671.8300000429153 369.9900022894144 369.9900022894144 73.47999937832355 301.83999775350094 195.66999815404415 106.16999959945679 0 73.47999937832355 0 106.16999959945679 0 0 0 0 106.16999959945679 0 369.9900022894144 73.47999937832355 0 106.16999959945679 0 0 195.66999815404415 0 0 0 0 0 0 0 0 0 0 0 369.9900022894144 133.32999788224697 528.0300013720989 745.3099994212389 4.842877388000488e-8 -1.9999999925494194 1.1175870895385742e-8 -0.06999995186924934 -2.139999993145466 0.07000001147389412 177 3 4 2 2 2 2 1 1 0 2 0 1 0 1 0 0 1 0 2 2 0 1 0 0 1 0 0 0 0 0 0 0 0 0 0 0 2 284.459997728467 671.8300000429153 369.9900022894144 369.9900022894144 169.54999835789204 301.83999775350094 195.66999815404415 106.16999959945679 0 169.54999835789204 0 106.16999959945679 0 114.90999937057495 0 0 106.16999959945679 0 369.9900022894144 169.54999835789204 0 106.16999959945679 0 0 195.66999815404415 0 0 0 0 0 0 0 0 0 0 0 369.9900022894144 172.63999758660793 659.1700002849102 956.2899977713823 7.450580596923828e-8 -2.669999983161688 0.18000001832842827 0.1300000660121441 -2.609999991953373 0.2500000186264515 177 5 6 4 2 4 2 1 1 0 4 1 2 0 1 1 1 1 0 2 3 0 1 0 0 1 0 0 0 0 1 0 0 1 0 1 0 2 495.9700000733137 922.3000031709671 620.4600054174662 369.9900022894144 381.06000070273876 301.83999775350094 195.66999815404415 106.16999959945679 0 381.06000070273876 110.30000114440918 246.34000158309937 0 114.90999937057495 110.30000114440918 140.17000198364258 106.16999959945679 0 369.9900022894144 241.44999840855598 0 106.16999959945679 0 0 195.66999815404415 0 0 0 0 140.17000198364258 0 0 110.30000114440918 0 139.61000229418278 0 369.9900022894144 267.07999962568283 944.5000030249357 1418.2700032442808 9.313225746154785e-8 -4.269999977201223 0.18000000715255737 0.10000009089708328 -4.419999986886978 0.43000001460313797 177 6 11 8 2 5 3 1 2 0 5 2 6 0 1 2 4 2 0 2 3 0 1 1 0 1 0 0 0 0 3 1 0 1 1 2 0 2 627.4999994188547 1670.2900015711784 1194.700007736683 369.9900022894144 512.5900000482798 475.58999383449554 195.66999815404415 279.9199956804514 0 512.5900000482798 214.2500015795231 890.3799995481968 0 114.90999937057495 214.2500015795231 610.4600038677454 279.9199956804514 0 369.9900022894144 241.44999840855598 0 106.16999959945679 173.7499960809946 0 195.66999815404415 0 0 0 0 431.55000089108944 178.91000297665596 0 110.30000114440918 103.9500004351139 271.1400016397238 0 369.9900022894144 435.5999976694584 1580.6600030511618 2297.790000990033 -0.9999998472630978 -6.669999968260527 -0.8199999779462814 -0.229999840259552 -6.559999980032444 -0.15999995917081833 177 7 12 8 2 6 4 1 3 1 5 2 7 0 2 2 4 3 0 2 3 0 1 2 0 1 0 0 0 0 3 1 0 1 1 2 0 2 763.9200000911951 1825.14000248909 1194.700007736683 369.9900022894144 577.4999991804361 630.4399947524071 195.66999815404415 434.7699965983629 64.90999913215637 512.5900000482798 214.2500015795231 1045.2300004661083 0 251.33000004291534 214.2500015795231 610.4600038677454 434.7699965983629 0 369.9900022894144 241.44999840855598 0 106.16999959945679 328.59999699890614 0 195.66999815404415 0 0 0 0 431.55000089108944 178.91000297665596 0 110.30000114440918 103.9500004351139 271.1400016397238 0 369.9900022894144 514.6399970948696 1811.770004376769 2653.9700017124414 -1.9999997802078724 -7.829999957233667 -1.549999937415123 -1.719999760389328 -8.299999959766865 -0.7999999150633812
178 1 0 0 0 1 0 0 0 0 1 0 0 0 0 0 0 0 0 0 1 0 0 0 0 0 0 0 0 0 0 0 0 0 0 0 0 0 73.47999937832355 0 0 0 73.47999937832355 0 0 0 0 73.47999937832355 0 0 0 0 0 0 0 0 0 73.47999937832355 0 0 0 0 0 0 0 0 0 0 0 0 0 0 0 0 0 32.32999940216541 31.30999994277954 73.47999937832355 7.450580596923828e-9 -0.3999999985098839 0.0 7.450580596923828e-9 -0.3999999985098839 0.0 178 2 2 0 0 1 2 1 1 0 1 0 1 0 1 0 0 1 0 0 1 0 1 0 0 1 0 0 0 0 0 0 0 0 0 0 0 0 188.3899987488985 301.83999775350094 0 0 73.47999937832355 301.83999775350094 195.66999815404415 106.16999959945679 0 73.47999937832355 0 106.16999959945679 0 114.90999937057495 0 0 106.16999959945679 0 0 73.47999937832355 0 106.16999959945679 0 0 195.66999815404415 0 0 0 0 0 0 0 0 0 0 0 0 102.49999824166298 335.47999837994576 490.22999650239944 8.195638656616211e-8 -1.4699999876320362 0.18000004813075066 0.3900000713765621 -1.2699999958276749 0.37000004574656487 178 3 4 2 2 2 2 1 1 0 2 0 1 0 1 0 0 1 0 2 1 0 1 0 0 1 0 0 0 0 0 0 0 0 0 1 0 2 328.0000010430813 671.8300000429153 369.9900022894144 369.9900022894144 213.09000167250633 301.83999775350094 195.66999815404415 106.16999959945679 0 213.09000167250633 0 106.16999959945679 0 114.90999937057495 0 0 106.16999959945679 0 369.9900022894144 73.47999937832355 0 106.16999959945679 0 0 195.66999815404415 0 0 0 0 0 0 0 0 0 139.61000229418278 0 369.9900022894144 177.0399985164404 719.0200020521879 999.8300010859966 7.450580596923828e-8 -2.669999983161688 0.18000001832842827 0.1300000660121441 -2.609999991953373 0.2500000186264515 178 4 7 5 2 3 2 1 1 0 3 2 2 0 1 2 1 1 0 2 2 0 1 0 0 1 0 0 0 0 1 0 0 1 1 1 0 2 424.07000002264977 1026.250003606081 724.4100058525801 369.9900022894144 309.1600006520748 301.83999775350094 195.66999815404415 106.16999959945679 0 309.1600006520748 214.2500015795231 246.34000158309937 0 114.90999937057495 214.2500015795231 140.17000198364258 106.16999959945679 0 369.9900022894144 169.54999835789204 0 106.16999959945679 0 0 195.66999815404415 0 0 0 0 140.17000198364258 0 0 110.30000114440918 103.9500004351139 139.61000229418278 0 369.9900022894144 269.30999960005283 986.6200035065413 1450.3200036287308 7.82310962677002e-8 -4.269999977201223 0.17999999225139618 -0.03999992460012436 -4.419999986886978 0.28999999910593033 178 6 10 7 2 6 3 1 2 1 5 2 5 0 1 2 3 2 0 2 3 0 1 1 0 1 0 0 0 0 3 0 0 1 1 2 0 2 627.4999994188547 1491.3799985945225 1015.7900047600269 369.9900022894144 577.4999991804361 475.58999383449554 195.66999815404415 279.9199956804514 64.90999913215637 512.5900000482798 214.2500015795231 711.4699965715408 0 114.90999937057495 214.2500015795231 431.55000089108944 279.9199956804514 0 369.9900022894144 241.44999840855598 0 106.16999959945679 173.7499960809946 0 195.66999815404415 0 0 0 0 431.55000089108944 0 0 110.30000114440918 103.9500004351139 271.1400016397238 0 369.9900022894144 445.42999652028084 1439.030000641942 2183.7899971455336 -0.9999998435378075 -6.759999968111515 -0.7299999743700027 -0.6999998390674591 -7.029999978840351 -0.15999995917081833 178 9 12 8 2 7 4 1 3 1 5 3 7 0 3 2 4 3 0 2 3 0 1 2 0 1 1 0 0 0 3 1 0 1 1 2 0 2 1045.2400012761354 1825.14000248909 1194.700007736683 369.9900022894144 730.2599984556437 630.4399947524071 195.66999815404415 434.7699965983629 64.90999913215637 512.5900000482798 367.0100008547306 1045.2300004661083 0 379.89000195264816 214.2500015795231 610.4600038677454 434.7699965983629 0 369.9900022894144 241.44999840855598 0 106.16999959945679 328.59999699890614 0 195.66999815404415 152.75999927520752 0 0 0 431.55000089108944 178.91000297665596 0 110.30000114440918 103.9500004351139 271.1400016397238 0 369.9900022894144 560.3099969923496 2029.0300060361624 2935.290002897382 -1.9999997541308403 -8.499999947845936 -1.3699999302625656 -1.7199997305870056 -9.059999950230122 -0.5299999043345451
179 0 1 0 0 0 1 1 0 0 0 0 0 0 0 0 0 0 0 0 0 0 0 0 0 1 0 0 0 0 0 0 0 0 0 0 0 0 0 195.66999815404415 0 0 0 195.66999815404415 195.66999815404415 0 0 0 0 0 0 0 0 0 0 0 0 0 0 0 0 0 195.66999815404415 0 0 0 0 0 0 0 0 0 0 0 0 34.26999922096729 147.64999893307686 195.66999815404415 1.0000000186264515 -0.3999999985098839 1.000000011175871 1.0000000186264515 -0.3999999985098839 1.000000011175871 179 3 2 0 0 2 2 1 1 0 2 0 1 0 1 0 0 1 0 0 1 0 1 0 0 1 0 0 0 0 0 0 0 0 0 1 0 0 328.0000010430813 301.83999775350094 0 0 213.09000167250633 301.83999775350094 195.66999815404415 106.16999959945679 0 213.09000167250633 0 106.16999959945679 0 114.90999937057495 0 0 106.16999959945679 0 0 73.47999937832355 0 106.16999959945679 0 0 195.66999815404415 0 0 0 0 0 0 0 0 0 139.61000229418278 0 0 130.0699990093708 437.8299996703863 629.8399987965822 8.940696716308594e-8 -1.86999998614192 0.18000004813075066 0.3200000785291195 -1.739999994635582 0.37000004574656487 179 3 4 2 1 2 2 1 1 0 2 1 1 0 1 1 0 1 0 1 1 0 1 0 0 1 0 0 0 0 0 0 0 0 1 1 0 1 328.0000010430813 590.8599997460842 289.0200019925833 185.07000155746937 213.09000167250633 301.83999775350094 195.66999815404415 106.16999959945679 0 213.09000167250633 103.9500004351139 106.16999959945679 0 114.90999937057495 103.9500004351139 0 106.16999959945679 0 185.07000155746937 73.47999937832355 0 106.16999959945679 0 0 195.66999815404415 0 0 0 0 0 0 0 0 103.9500004351139 139.61000229418278 0 185.07000155746937 187.8999989181757 641.5200016349554 918.8600007891655 7.450580596923828e-8 -2.669999983161688 0.18000001832842827 0.060000065714120865 -2.5399999916553497 0.11000001803040504 179 4 6 4 2 3 2 1 1 0 3 1 2 0 1 1 1 1 0 2 2 0 1 0 0 1 0 0 0 0 1 0 0 0 1 1 0 2 424.07000002264977 928.4400004297495 626.6000026762486 369.9900022894144 309.1600006520748 301.83999775350094 195.66999815404415 106.16999959945679 0 309.1600006520748 103.9500004351139 258.829999551177 0 114.90999937057495 103.9500004351139 152.65999995172024 106.16999959945679 0 369.9900022894144 169.54999835789204 0 106.16999959945679 0 0 195.66999815404415 0 0 0 0 152.65999995172024 0 0 0 103.9500004351139 139.61000229418278 0 369.9900022894144 263.71999821066856 927.9900018721819 1352.5100004523993 8.195638656616211e-8 -3.8699999786913395 0.18000000342726707 -0.07999992743134499 -3.879999987781048 0.11000000312924385 179 7 9 7 2 7 2 1 1 1 5 3 4 0 1 2 3 1 0 2 3 0 1 0 0 1 1 0 0 0 3 0 0 1 1 2 0 2 780.2599986940622 1317.6300025135279 1015.7900047600269 369.9900022894144 730.2599984556437 301.83999775350094 195.66999815404415 106.16999959945679 64.90999913215637 512.5900000482798 367.0100008547306 537.7200004905462 0 114.90999937057495 214.2500015795231 431.55000089108944 106.16999959945679 0 369.9900022894144 241.44999840855598 0 106.16999959945679 0 0 195.66999815404415 152.75999927520752 0 0 0 431.55000089108944 0 0 110.30000114440918 103.9500004351139 271.1400016397238 0 369.9900022894144 444.5799967199564 1417.5900034457445 2162.8000003397465 1.2665987014770508e-7 -6.759999968111515 0.26999999582767487 -0.1399998739361763 -7.099999979138374 0.4700000062584877 179 9 13 8 2 7 5 1 4 1 5 3 8 0 3 2 4 4 0 2 3 0 1 3 0 1 1 0 0 0 3 1 0 1 1 2 0 2 1045.2400012761354 1960.5600035190582 1194.700007736683 369.9900022894144 730.2599984556437 765.8599957823753 195.66999815404415 570.1899976283312 64.90999913215637 512.5900000482798 367.0100008547306 1180.6500014960766 0 379.89000195264816 214.2500015795231 610.4600038677454 570.1899976283312 0 369.9900022894144 241.44999840855598 0 106.16999959945679 464.0199980288744 0 195.66999815404415 152.75999927520752 0 0 0 431.55000089108944 178.91000297665596 0 110.30000114440918 103.9500004351139 271.1400016397238 0 369.9900022894144 583.7999978363514 2134.450005993247 3070.71000392735 -2.9999997168779373 -8.89999994635582 -2.3699999004602432 -3.0999996960163116 -9.529999949038029 -1.5299998745322227
180 1 0 0 0 0 0 0 0 0 0 0 0 0 1 0 0 0 0 0 0 0 0 0 0 0 0 0 0 0 0 0 0 0 0 0 0 0 114.90999937057495 0 0 0 0 0 0 0 0 0 0 0 0 114.90999937057495 0 0 0 0 0 0 0 0 0 0 0 0 0 0 0 0 0 0 0 0 0 0 0 16.139999866485596 88.63999938964844 114.90999937057495 1.862645149230957e-8 -0.26999999210238457 0.18000000715255737 0.27000001072883606 0.0 0.18000000715255737 180 3 2 1 0 2 1 1 0 0 2 1 0 0 1 1 0 0 0 0 1 0 0 0 0 1 0 0 0 0 0 0 0 0 1 1 0 0 328.0000010430813 299.61999858915806 103.9500004351139 0 213.09000167250633 195.66999815404415 195.66999815404415 0 0 213.09000167250633 103.9500004351139 0 0 114.90999937057495 103.9500004351139 0 0 0 0 73.47999937832355 0 0 0 0 195.66999815404415 0 0 0 0 0 0 0 0 103.9500004351139 139.61000229418278 0 0 137.319999396801 438.63999973237514 627.6199996322393 1.0000000447034836 -1.86999998614192 1.180000003427267 1.0600000359117985 -1.6699999943375587 1.0400000028312206 180 3 4 2 0 2 2 1 1 0 2 1 2 0 1 1 1 1 0 0 1 0 1 0 0 1 0 0 0 0 1 0 0 0 1 1 0 0 328.0000010430813 558.4499981403351 256.61000038683414 0 213.09000167250633 301.83999775350094 195.66999815404415 106.16999959945679 0 213.09000167250633 103.9500004351139 258.829999551177 0 114.90999937057495 103.9500004351139 152.65999995172024 106.16999959945679 0 0 73.47999937832355 0 106.16999959945679 0 0 195.66999815404415 0 0 0 0 152.65999995172024 0 0 0 103.9500004351139 139.61000229418278 0 0 193.5799988657236 604.2999999672174 886.4499991834164 8.940696716308594e-8 -2.669999983161688 0.18000003322958946 0.18000007793307304 -2.5399999916553497 0.23000003024935722 180 3 6 4 2 3 2 1 1 1 2 1 2 0 1 1 1 1 0 2 1 0 1 0 0 1 0 0 0 0 1 0 0 0 1 1 0 2 328.0000010430813 928.4400004297495 626.6000026762486 369.9900022894144 278.0000008046627 301.83999775350094 195.66999815404415 106.16999959945679 64.90999913215637 213.09000167250633 103.9500004351139 258.829999551177 0 114.90999937057495 103.9500004351139 152.65999995172024 106.16999959945679 0 369.9900022894144 73.47999937832355 0 106.16999959945679 0 0 195.66999815404415 0 0 0 0 152.65999995172024 0 0 0 103.9500004351139 139.61000229418278 0 369.9900022894144 280.1299975812435 885.490002349019 1321.3500006049871 8.568167686462402e-8 -3.959999978542328 0.27000000700354576 -0.07999992743134499 -3.879999987781048 0.11000000312924385 180 7 10 7 2 7 3 1 2 1 5 3 5 0 1 2 3 2 0 2 3 0 1 1 0 1 1 0 0 0 3 0 0 1 1 2 0 2 780.2599986940622 1453.0500035434961 1015.7900047600269 369.9900022894144 730.2599984556437 437.2599987834692 195.66999815404415 241.59000062942505 64.90999913215637 512.5900000482798 367.0100008547306 673.1400015205145 0 114.90999937057495 214.2500015795231 431.55000089108944 241.59000062942505 0 369.9900022894144 241.44999840855598 0 106.16999959945679 135.42000102996826 0 195.66999815404415 152.75999927520752 0 0 0 431.55000089108944 0 0 110.30000114440918 103.9500004351139 271.1400016397238 0 369.9900022894144 468.06999756395817 1523.0100034028292 2298.2200013697147 -0.9999998360872269 -7.159999966621399 -0.7299999743700027 -1.5199998393654823 -7.569999977946281 -0.5299999639391899 180 9 15 9 2 7 6 1 5 1 5 4 9 0 3 3 4 5 0 2 3 0 1 4 0 1 1 0 0 0 3 1 0 2 1 2 0 2 1045.2400012761354 2227.4200032800436 1304.6100070625544 369.9900022894144 730.2599984556437 922.8099962174892 195.66999815404415 727.1399980634451 64.90999913215637 512.5900000482798 476.9200001806021 1337.6000019311905 0 379.89000195264816 324.16000090539455 610.4600038677454 727.1399980634451 0 369.9900022894144 241.44999840855598 0 106.16999959945679 620.9699984639883 0 195.66999815404415 152.75999927520752 0 0 0 431.55000089108944 178.91000297665596 0 220.21000047028065 103.9500004351139 271.1400016397238 0 369.9900022894144 633.0399969667196 2306.3300078064203 3337.5700036883354 -3.9999996833503246 -9.699999943375587 -3.3699998818337917 -4.259999666363001 -10.39999994635582 -2.61999985948205
181 1 0 0 0 1 0 0 0 0 1 0 0 0 0 0 0 0 0 0 0 0 0 0 0 0 0 0 0 0 0 0 0 0 0 1 0 0 139.61000229418278 0 0 0 139.61000229418278 0 0 0 0 139.61000229418278 0 0 0 0 0 0 0 0 0 0 0 0 0 0 0 0 0 0 0 0 0 0 0 0 139.61000229418278 0 0 27.570000767707825 102.35000129044056 139.61000229418278 7.450580596923828e-9 -0.3999999985098839 0.0 -0.06999999284744263 -0.4699999988079071 0.0 181 2 3 2 0 1 1 1 0 0 1 1 1 0 1 1 1 0 0 0 0 0 0 0 0 1 0 0 0 0 1 0 0 0 1 1 0 0 254.52000166475773 452.2799985408783 256.61000038683414 0 139.61000229418278 195.66999815404415 195.66999815404415 0 0 139.61000229418278 103.9500004351139 152.65999995172024 0 114.90999937057495 103.9500004351139 152.65999995172024 0 0 0 0 0 0 0 0 195.66999815404415 0 0 0 0 152.65999995172024 0 0 0 103.9500004351139 139.61000229418278 0 0 141.48999971151352 505.109999909997 706.800000205636 1.0000000447034836 -1.86999998614192 1.180000003427267 1.0600000359117985 -1.6699999943375587 1.0400000028312206 181 3 3 2 0 3 1 1 0 1 2 1 1 0 1 1 1 0 0 0 1 0 0 0 0 1 0 0 0 0 1 0 0 0 1 1 0 0 328.0000010430813 452.2799985408783 256.61000038683414 0 278.0000008046627 195.66999815404415 195.66999815404415 0 64.90999913215637 213.09000167250633 103.9500004351139 152.65999995172024 0 114.90999937057495 103.9500004351139 152.65999995172024 0 0 0 73.47999937832355 0 0 0 0 195.66999815404415 0 0 0 0 152.65999995172024 0 0 0 103.9500004351139 139.61000229418278 0 0 213.39999832212925 536.4199998527765 845.189998716116 1.000000063329935 -2.7599999830126762 1.2700000070035458 0.9900000505149364 -2.5399999916553497 1.0400000028312206 181 4 5 2 0 4 3 1 2 1 2 2 3 0 1 1 1 2 0 0 1 0 1 1 0 1 1 0 0 0 1 0 0 0 1 1 0 0 480.7600003182888 693.8699991703033 256.61000038683414 0 430.7600000798702 437.2599987834692 195.66999815404415 241.59000062942505 64.90999913215637 213.09000167250633 256.7099997103214 394.2500005811453 0 114.90999937057495 103.9500004351139 152.65999995172024 241.59000062942505 0 0 73.47999937832355 0 106.16999959945679 135.42000102996826 0 195.66999815404415 152.75999927520752 0 0 0 152.65999995172024 0 0 0 103.9500004351139 139.61000229418278 0 0 284.16999842226505 818.890000000596 1239.5399986207485 -0.9999998547136784 -3.959999978542328 -0.7299999333918095 -1.2499998696148396 -3.949999988079071 -0.6799999363720417 181 4 8 4 2 4 4 1 3 1 2 2 4 0 1 1 1 3 0 2 1 0 1 2 0 1 1 0 0 0 1 0 0 0 1 1 0 2 480.7600003182888 1220.8100018948317 626.6000026762486 369.9900022894144 430.7600000798702 594.2099992185831 195.66999815404415 398.54000106453896 64.90999913215637 213.09000167250633 256.7099997103214 551.2000010162592 0 114.90999937057495 103.9500004351139 152.65999995172024 398.54000106453896 0 369.9900022894144 73.47999937832355 0 106.16999959945679 292.37000146508217 0 195.66999815404415 152.75999927520752 0 0 0 152.65999995172024 0 0 0 103.9500004351139 139.61000229418278 0 369.9900022894144 359.84999737143517 1204.4400042146444 1766.4800013452768 -1.9999998323619366 -5.1599999740719795 -1.7299999333918095 -2.599999848753214 -5.289999984204769 -1.8899999372661114 181 10 15 9 2 7 6 1 5 1 5 4 9 0 4 3 4 5 0 2 3 0 1 4 0 1 1 0 0 0 3 1 0 2 1 2 0 2 1137.4499993473291 2227.4200032800436 1304.6100070625544 369.9900022894144 730.2599984556437 922.8099962174892 195.66999815404415 727.1399980634451 64.90999913215637 512.5900000482798 476.9200001806021 1337.6000019311905 0 472.10000002384186 324.16000090539455 610.4600038677454 727.1399980634451 0 369.9900022894144 241.44999840855598 0 106.16999959945679 620.9699984639883 0 195.66999815404415 152.75999927520752 0 0 0 431.55000089108944 178.91000297665596 0 220.21000047028065 103.9500004351139 271.1400016397238 0 369.9900022894144 658.659996047616 2363.9400072544813 3429.780001759529 -3.999999664723873 -9.969999935477972 -3.1899998746812344 -4.259999647736549 -10.669999938458204 -2.4399998523294926
182 0 1 1 0 0 0 0 0 0 0 1 0 0 0 1 0 0 0 0 0 0 0 0 0 0 0 0 0 0 0 0 0 0 1 0 0 0 0 103.9500004351139 103.9500004351139 0 0 0 0 0 0 0 103.9500004351139 0 0 0 103.9500004351139 0 0 0 0 0 0 0 0 0 0 0 0 0 0 0 0 0 0 103.9500004351139 0 0 0 27.01000013947487 68.69000017642975 103.9500004351139 -7.450580596923828e-9 -0.3999999985098839 -1.4901161193847656e-8 -0.14000000804662704 -0.3999999985098839 -0.14000001549720764 182 2 2 2 0 2 0 0 0 1 1 1 1 0 1 1 1 0 0 0 0 0 0 0 0 0 0 0 0 0 1 0 0 0 1 1 0 0 254.52000166475773 256.61000038683414 256.61000038683414 0 204.52000142633915 0 0 0 64.90999913215637 139.61000229418278 103.9500004351139 152.65999995172024 0 114.90999937057495 103.9500004351139 152.65999995172024 0 0 0 0 0 0 0 0 0 0 0 0 0 152.65999995172024 0 0 0 103.9500004351139 139.61000229418278 0 0 146.79999969899654 357.4600009769201 576.0400011837482 3.725290298461914e-8 -1.9599999859929085 0.26999999582767487 -0.009999975562095642 -1.739999994635582 0.03999999165534973 182 3 3 2 0 3 1 1 0 1 1 2 1 0 1 1 1 0 0 0 0 0 0 0 0 1 1 0 0 0 1 0 0 0 1 1 0 0 407.28000093996525 452.2799985408783 256.61000038683414 0 357.28000070154667 195.66999815404415 195.66999815404415 0 64.90999913215637 139.61000229418278 256.7099997103214 152.65999995172024 0 114.90999937057495 103.9500004351139 152.65999995172024 0 0 0 0 0 0 0 0 195.66999815404415 152.75999927520752 0 0 0 152.65999995172024 0 0 0 103.9500004351139 139.61000229418278 0 0 208.5899984240532 614.2799999862909 924.4699986129999 1.000000063329935 -2.7599999830126762 1.2700000070035458 1.010000053793192 -2.609999991953373 1.1300000064074993 182 4 4 2 0 4 2 1 1 1 2 2 2 0 1 1 1 1 0 0 1 0 0 1 0 1 1 0 0 0 1 0 0 0 1 1 0 0 480.7600003182888 587.6999995708466 256.61000038683414 0 430.7600000798702 331.0899991840124 195.66999815404415 135.42000102996826 64.90999913215637 213.09000167250633 256.7099997103214 288.0800009816885 0 114.90999937057495 103.9500004351139 152.65999995172024 135.42000102996826 0 0 73.47999937832355 0 0 135.42000102996826 0 195.66999815404415 152.75999927520752 0 0 0 152.65999995172024 0 0 0 103.9500004351139 139.61000229418278 0 0 264.4099986702204 751.0099998861551 1133.3699990212917 1.0803341865539551e-7 -3.559999980032444 0.27000003680586815 -0.3699999041855335 -3.479999989271164 0.1300000362098217 182 5 7 3 1 4 4 1 3 1 2 2 4 0 2 1 1 3 0 1 1 0 1 2 0 1 1 0 0 0 1 0 0 0 1 1 0 1 572.9699983894825 1035.8900011628866 441.6800019443035 185.07000155746937 430.7600000798702 594.2099992185831 195.66999815404415 398.54000106453896 64.90999913215637 213.09000167250633 256.7099997103214 551.2000010162592 0 207.11999744176865 103.9500004351139 152.65999995172024 398.54000106453896 0 185.07000155746937 73.47999937832355 0 106.16999959945679 292.37000146508217 0 195.66999815404415 152.75999927520752 0 0 0 152.65999995172024 0 0 0 103.9500004351139 139.61000229418278 0 185.07000155746937 369.319996714592 1115.8600030690432 1673.7699986845255 -1.9999998062849045 -5.02999996766448 -1.549999911338091 -2.5299998223781586 -5.089999977499247 -1.7099999152123928 182 10 13 7 2 7 6 1 5 1 4 4 8 0 4 2 3 5 0 2 2 0 1 4 0 1 1 0 1 0 2 1 0 1 1 2 0 2 1215.2500003874302 1976.9500001519918 1054.1400039345026 369.9900022894144 808.0599994957447 922.8099962174892 195.66999815404415 727.1399980634451 64.90999913215637 440.6899999976158 516.3200001269579 1197.429999947548 0 472.10000002384186 213.85999976098537 470.2900018841028 727.1399980634451 0 369.9900022894144 169.54999835789204 0 106.16999959945679 620.9699984639883 0 195.66999815404415 152.75999927520752 0 149.700001090765 0 291.37999890744686 178.91000297665596 0 109.90999932587147 103.9500004351139 271.1400016397238 0 369.9900022894144 628.5699950605631 2276.660006582737 3257.1099996715784 -3.9999996684491634 -9.169999938458204 -3.1899998635053635 -4.299999658018351 -9.72999994084239 -2.619999848306179
183 0 1 1 0 0 0 0 0 0 0 0 1 0 0 0 1 0 0 0 0 0 0 0 0 0 0 0 0 0 1 0 0 0 0 0 0 0 0 152.65999995172024 152.65999995172024 0 0 0 0 0 0 0 0 152.65999995172024 0 0 0 152.65999995172024 0 0 0 0 0 0 0 0 0 0 0 0 0 152.65999995172024 0 0 0 0 0 0 0 36.49999971687794 97.78000012040138 152.65999995172024 7.450580596923828e-9 -0.3999999985098839 0.0 7.450580596923828e-9 -0.3999999985098839 0.0 183 2 2 2 0 3 0 0 0 1 1 2 1 0 0 1 1 0 0 0 0 0 0 0 0 0 1 0 0 0 1 0 0 0 1 1 0 0 292.3700015693903 256.61000038683414 256.61000038683414 0 357.28000070154667 0 0 0 64.90999913215637 139.61000229418278 256.7099997103214 152.65999995172024 0 0 103.9500004351139 152.65999995172024 0 0 0 0 0 0 0 0 0 152.75999927520752 0 0 0 152.65999995172024 0 0 0 103.9500004351139 139.61000229418278 0 0 158.1799993366003 377.99000166356564 613.8900010883808 2.60770320892334e-8 -2.089999992400408 0.08999998867511749 -0.25999997556209564 -2.209999993443489 -0.050000011920928955 183 3 3 2 0 3 1 0 1 1 1 2 2 0 1 1 1 1 0 0 0 0 0 1 0 0 1 0 0 0 1 0 0 0 1 1 0 0 407.28000093996525 392.0300014168024 256.61000038683414 0 357.28000070154667 135.42000102996826 0 135.42000102996826 64.90999913215637 139.61000229418278 256.7099997103214 288.0800009816885 0 114.90999937057495 103.9500004351139 152.65999995172024 135.42000102996826 0 0 0 0 0 135.42000102996826 0 0 152.75999927520752 0 0 0 152.65999995172024 0 0 0 103.9500004351139 139.61000229418278 0 0 197.81000004708767 572.0500010102987 864.220001488924 -0.9999999180436134 -2.7599999830126762 -0.7299999743700027 -1.3699999302625656 -2.679999992251396 -0.8699999749660492 183 3 5 2 0 3 3 1 2 1 1 2 3 0 1 1 1 2 0 0 0 0 0 2 0 1 1 0 0 0 1 0 0 0 1 1 0 0 407.28000093996525 744.6500000059605 256.61000038683414 0 357.28000070154667 488.0399996191263 195.66999815404415 292.37000146508217 64.90999913215637 139.61000229418278 256.7099997103214 445.0300014168024 0 114.90999937057495 103.9500004351139 152.65999995172024 292.37000146508217 0 0 0 0 0 292.37000146508217 0 195.66999815404415 152.75999927520752 0 0 0 152.65999995172024 0 0 0 103.9500004351139 139.61000229418278 0 0 260.7899987101555 824.0600017756224 1216.840000078082 -0.999999862164259 -3.559999980032444 -0.7299999333918095 -1.529999878257513 -3.549999989569187 -0.9599999375641346 183 6 6 2 0 5 4 1 3 1 2 3 4 0 2 1 1 3 0 0 1 0 1 2 0 1 1 0 1 0 1 0 0 0 1 1 0 0 722.6699994802475 850.8199996054173 256.61000038683414 0 580.4600011706352 594.2099992185831 195.66999815404415 398.54000106453896 64.90999913215637 213.09000167250633 406.4100008010864 551.2000010162592 0 207.11999744176865 103.9500004351139 152.65999995172024 398.54000106453896 0 0 73.47999937832355 0 106.16999959945679 292.37000146508217 0 195.66999815404415 152.75999927520752 0 149.700001090765 0 152.65999995172024 0 0 0 103.9500004351139 139.61000229418278 0 0 375.2799972295761 1076.5600020587444 1638.3999982178211 -1.9999997913837433 -5.02999996766448 -1.5499998964369297 -2.4099998101592064 -5.089999977499247 -1.5899999029934406 183 9 11 5 1 6 6 1 5 1 3 4 7 0 4 2 2 5 0 1 1 0 1 4 0 1 1 0 1 0 1 1 0 1 1 2 0 1 1119.1800014078617 1630.000000923872 730.5000042468309 185.07000155746937 711.9900005161762 899.499996677041 195.66999815404415 703.8299985229969 64.90999913215637 344.62000101804733 516.3200001269579 1035.400001451373 0 472.10000002384186 213.85999976098537 331.5700029283762 703.8299985229969 0 185.07000155746937 73.47999937832355 0 106.16999959945679 597.6599989235401 0 195.66999815404415 152.75999927520752 0 149.700001090765 0 152.65999995172024 178.91000297665596 0 109.90999932587147 103.9500004351139 271.1400016397238 0 185.07000155746937 573.6299959719181 1947.9200079739094 2814.09000146389 -3.999999675899744 -7.969999942928553 -3.1899998486042023 -4.549999672919512 -8.319999944418669 -3.079999841749668
184 0 0 0 0 1 0 0 0 1 0 0 0 0 0 0 0 0 0 0 0 0 0 0 0 0 0 0 0 0 0 0 0 0 0 0 0 0 0 0 0 0 64.90999913215637 0 0 0 64.90999913215637 0 0 0 0 0 0 0 0 0 0 0 0 0 0 0 0 0 0 0 0 0 0 0 0 0 0 0 0 39.57999920845032 0.0 64.90999913215637 1.1175870895385742e-8 -0.48999999836087227 0.09000000357627869 -0.06999999284744263 -0.4699999988079071 0.0 184 1 2 2 0 2 0 0 0 1 0 2 1 0 0 1 1 0 0 0 0 0 0 0 0 0 1 0 0 0 1 0 0 0 1 0 0 0 152.75999927520752 256.61000038683414 256.61000038683414 0 217.6699984073639 0 0 0 64.90999913215637 0 256.7099997103214 152.65999995172024 0 0 103.9500004351139 152.65999995172024 0 0 0 0 0 0 0 0 0 152.75999927520752 0 0 0 152.65999995172024 0 0 0 103.9500004351139 0 0 0 130.60999856889248 275.6400003731251 474.27999879419804 1.862645149230957e-8 -1.689999993890524 0.08999998867511749 -0.18999998271465302 -1.739999994635582 -0.050000011920928955 184 2 4 2 0 3 2 0 2 1 1 2 3 0 0 1 1 2 0 0 0 0 0 2 0 0 1 0 0 0 1 0 0 0 1 1 0 0 292.3700015693903 548.9800018519163 256.61000038683414 0 357.28000070154667 292.37000146508217 0 292.37000146508217 64.90999913215637 139.61000229418278 256.7099997103214 445.0300014168024 0 0 103.9500004351139 152.65999995172024 292.37000146508217 0 0 0 0 0 292.37000146508217 0 0 152.75999927520752 0 0 0 152.65999995172024 0 0 0 103.9500004351139 139.61000229418278 0 0 210.3799996227026 587.7700034528971 906.260002553463 -1.999999899417162 -2.8899999894201756 -1.9099999517202377 -2.7999999076128006 -3.1499999910593033 -2.139999955892563 184 4 4 2 0 3 2 0 2 1 1 2 3 0 2 1 1 2 0 0 0 0 0 2 0 0 1 0 0 0 1 0 0 0 1 1 0 0 499.48999901115894 548.9800018519163 256.61000038683414 0 357.28000070154667 292.37000146508217 0 292.37000146508217 64.90999913215637 139.61000229418278 256.7099997103214 445.0300014168024 0 207.11999744176865 103.9500004351139 152.65999995172024 292.37000146508217 0 0 0 0 0 292.37000146508217 0 0 152.75999927520752 0 0 0 152.65999995172024 0 0 0 103.9500004351139 139.61000229418278 0 0 252.13999857008457 734.0200022906065 1113.3799999952316 -1.999999862164259 -3.4299999736249447 -1.549999937415123 -2.529999878257513 -3.419999983161688 -1.7799999415874481 184 6 6 2 0 5 4 1 3 1 2 3 4 0 2 1 1 3 0 0 1 0 0 3 0 1 1 0 1 0 1 0 0 0 1 1 0 0 722.6699994802475 895.0899965465069 256.61000038683414 0 580.4600011706352 638.4799961596727 195.66999815404415 442.8099980056286 64.90999913215637 213.09000167250633 406.4100008010864 595.4699979573488 0 207.11999744176865 103.9500004351139 152.65999995172024 442.8099980056286 0 0 73.47999937832355 0 0 442.8099980056286 0 195.66999815404415 152.75999927520752 0 149.700001090765 0 152.65999995172024 0 0 0 103.9500004351139 139.61000229418278 0 0 394.89999654889107 1099.6100002527237 1682.6699951589108 -1.9999997913837433 -5.02999996766448 -1.5499998964369297 -2.5299998074769974 -5.019999977201223 -1.7799999006092548 184 10 11 4 0 6 7 1 6 1 3 4 8 0 5 2 2 6 0 0 1 0 1 5 0 1 1 0 1 0 1 1 0 1 1 2 0 0 1227.1200004667044 1619.059997215867 544.0999981611967 0 711.9900005161762 1074.9599990546703 195.66999815404415 879.2900009006262 64.90999913215637 344.62000101804733 516.3200001269579 1209.5299993008375 0 580.0399990826845 213.85999976098537 330.23999840021133 879.2900009006262 0 0 73.47999937832355 0 106.16999959945679 773.1200013011694 0 195.66999815404415 152.75999927520752 0 149.700001090765 0 152.65999995172024 177.5799984484911 0 109.90999932587147 103.9500004351139 271.1400016397238 0 0 600.34999614954 1999.6700038909912 2911.089996814728 -4.999999612569809 -8.239999935030937 -4.009999796748161 -5.669999603182077 -9.009999934583902 -3.599999785423279
185 1 0 0 0 1 0 0 0 0 0 1 0 0 0 0 0 0 0 0 0 0 0 0 0 0 1 0 0 0 0 0 0 0 0 0 0 0 152.75999927520752 0 0 0 152.75999927520752 0 0 0 0 0 152.75999927520752 0 0 0 0 0 0 0 0 0 0 0 0 0 0 152.75999927520752 0 0 0 0 0 0 0 0 0 0 0 27.519999504089355 109.17000007629395 152.75999927520752 7.450580596923828e-9 -0.3999999985098839 0.0 0.02000001072883606 -0.4699999988079071 0.09000000357627869 185 1 3 1 0 2 2 0 2 1 0 1 3 0 0 0 1 2 0 0 0 0 0 2 0 0 1 0 0 0 1 0 0 0 0 0 0 0 152.75999927520752 445.0300014168024 152.65999995172024 0 217.6699984073639 292.37000146508217 0 292.37000146508217 64.90999913215637 0 152.75999927520752 445.0300014168024 0 0 0 152.65999995172024 292.37000146508217 0 0 0 0 0 292.37000146508217 0 0 152.75999927520752 0 0 0 152.65999995172024 0 0 0 0 0 0 0 155.7999987155199 416.73000198602676 662.6999998241663 -1.999999899417162 -2.089999992400408 -1.9099999368190765 -2.589999906718731 -2.2799999937415123 -1.9999999403953552 185 2 4 2 0 2 2 0 2 1 0 2 3 0 1 1 1 2 0 0 0 0 0 2 0 0 1 0 0 0 1 0 0 0 1 0 0 0 244.96999734640121 548.9800018519163 256.61000038683414 0 217.6699984073639 292.37000146508217 0 292.37000146508217 64.90999913215637 0 256.7099997103214 445.0300014168024 0 92.2099980711937 103.9500004351139 152.65999995172024 292.37000146508217 0 0 0 0 0 292.37000146508217 0 0 152.75999927520752 0 0 0 152.65999995172024 0 0 0 103.9500004351139 0 0 0 208.42999793589115 543.0300016105175 858.8599983304739 -1.999999888241291 -2.7599999830126762 -1.7299999445676804 -2.7299998961389065 -2.9499999843537807 -1.9599999487400055 185 4 4 2 0 4 2 0 2 1 1 3 3 0 1 1 1 2 0 0 0 0 0 2 0 0 1 0 1 0 1 0 0 0 1 1 0 0 534.280000731349 548.9800018519163 256.61000038683414 0 506.98000179231167 292.37000146508217 0 292.37000146508217 64.90999913215637 139.61000229418278 406.4100008010864 445.0300014168024 0 92.2099980711937 103.9500004351139 152.65999995172024 292.37000146508217 0 0 0 0 0 292.37000146508217 0 0 152.75999927520752 0 149.700001090765 0 152.65999995172024 0 0 0 103.9500004351139 139.61000229418278 0 0 272.77999898791313 741.0800036787987 1148.1700017154217 -1.9999998733401299 -3.559999980032444 -1.7299999445676804 -2.7999998815357685 -3.8199999816715717 -1.9599999487400055 185 5 7 2 0 4 5 1 4 1 1 3 5 0 2 1 1 4 0 0 0 0 0 4 0 1 1 0 1 0 1 0 0 0 1 1 0 0 649.1900001019239 1070.5499989241362 256.61000038683414 0 506.98000179231167 813.939998537302 195.66999815404415 618.2700003832579 64.90999913215637 139.61000229418278 406.4100008010864 770.9300003349781 0 207.11999744176865 103.9500004351139 152.65999995172024 618.2700003832579 0 0 0 0 0 618.2700003832579 0 195.66999815404415 152.75999927520752 0 149.700001090765 0 152.65999995172024 0 0 0 103.9500004351139 139.61000229418278 0 0 400.42999771237373 1184.6200023889542 1784.6499981582165 -2.999999761581421 -5.02999996766448 -2.5499998666346073 -3.3499997705221176 -5.019999977201223 -2.599999863654375 185 8 11 5 0 5 6 1 5 1 2 5 7 0 4 3 2 5 0 0 1 0 0 5 0 1 1 0 1 0 1 1 0 2 1 1 0 0 959.170000448823 1601.4599959105253 632.6699964553118 0 580.4600011706352 968.7899994552135 195.66999815404415 773.1200013011694 64.90999913215637 213.09000167250633 604.889998421073 1103.3599997013807 0 443.6199984103441 302.42999805510044 330.23999840021133 773.1200013011694 0 0 73.47999937832355 0 0 773.1200013011694 0 195.66999815404415 152.75999927520752 0 149.700001090765 0 152.65999995172024 177.5799984484911 0 198.47999761998653 103.9500004351139 139.61000229418278 0 0 577.129997253418 1764.550001502037 2625.5399954915047 -3.9999996796250343 -7.569999944418669 -3.189999844878912 -4.279999680817127 -7.6699999533593655 -3.0599998347461224
186 0 1 0 0 0 1 0 1 0 0 0 1 0 0 0 0 1 0 0 0 0 0 1 0 0 0 0 0 0 0 0 0 0 0 0 0 0 0 135.42000102996826 0 0 0 135.42000102996826 0 135.42000102996826 0 0 0 135.42000102996826 0 0 0 0 135.42000102996826 0 0 0 0 0 135.42000102996826 0 0 0 0 0 0 0 0 0 0 0 0 0 0 23.49000084400177 105.41999995708466 135.42000102996826 -0.999999962747097 -0.3999999985098839 -0.9999999701976776 -1.379999965429306 -0.4699999988079071 -0.9999999701976776 186 2 2 0 0 1 2 0 2 0 0 1 2 0 1 0 0 2 0 0 0 0 0 2 0 0 1 0 0 0 0 0 0 0 0 0 0 0 244.96999734640121 292.37000146508217 0 0 152.75999927520752 292.37000146508217 0 292.37000146508217 0 0 152.75999927520752 292.37000146508217 0 92.2099980711937 0 0 292.37000146508217 0 0 0 0 0 292.37000146508217 0 0 152.75999927520752 0 0 0 0 0 0 0 0 0 0 0 105.33999887108803 376.56000131368637 537.3399988114834 -1.999999899417162 -1.4699999876320362 -1.8199999332427979 -2.5199999026954174 -1.6799999885261059 -1.8199999332427979 186 3 3 1 0 3 2 0 2 1 0 2 3 0 1 0 1 2 0 0 0 0 0 2 0 0 1 0 1 0 1 0 0 0 0 0 0 0 394.6699984371662 445.0300014168024 152.65999995172024 0 367.3699994981289 292.37000146508217 0 292.37000146508217 64.90999913215637 0 302.4600003659725 445.0300014168024 0 92.2099980711937 0 152.65999995172024 292.37000146508217 0 0 0 0 0 292.37000146508217 0 0 152.75999927520752 0 149.700001090765 0 152.65999995172024 0 0 0 0 0 0 0 218.19999808073044 570.0400022119284 904.609998986125 -1.9999998733401299 -2.7599999830126762 -1.7299999296665192 -2.589999880641699 -2.9499999843537807 -1.8199999332427979 186 4 5 2 0 4 3 0 3 1 1 3 4 0 1 1 1 3 0 0 0 0 0 3 0 0 1 0 1 0 1 0 0 0 1 1 0 0 534.280000731349 699.4199983924627 256.61000038683414 0 506.98000179231167 442.8099980056286 0 442.8099980056286 64.90999913215637 139.61000229418278 406.4100008010864 595.4699979573488 0 92.2099980711937 103.9500004351139 152.65999995172024 442.8099980056286 0 0 0 0 0 442.8099980056286 0 0 152.75999927520752 0 149.700001090765 0 152.65999995172024 0 0 0 103.9500004351139 139.61000229418278 0 0 312.15999805927277 832.0100019872189 1298.609998255968 -2.999999836087227 -3.959999978542328 -2.729999914765358 -3.7999998442828655 -4.219999980181456 -2.959999918937683 186 5 7 3 0 4 4 0 4 1 1 4 5 0 2 2 1 4 0 0 0 0 0 4 0 0 1 0 1 0 1 0 0 1 1 1 0 0 649.1900001019239 963.4499990642071 345.1799986809492 0 506.98000179231167 618.2700003832579 0 618.2700003832579 64.90999913215637 139.61000229418278 494.9799990952015 770.9300003349781 0 207.11999744176865 192.51999872922897 152.65999995172024 618.2700003832579 0 0 0 0 0 618.2700003832579 0 0 152.75999927520752 0 149.700001090765 0 152.65999995172024 0 0 88.56999829411507 103.9500004351139 139.61000229418278 0 0 399.6599980443716 1076.4000028073788 1677.5499982982874 -3.9999997839331627 -5.02999996766448 -3.549999888986349 -4.349999792873859 -5.019999977201223 -3.599999886006117 186 6 11 6 0 4 5 1 4 1 1 6 6 0 3 4 2 4 0 0 0 0 0 4 0 1 1 0 1 0 1 1 0 3 1 1 0 0 777.7500020116568 1534.1399939656258 720.1999954283237 0 506.98000179231167 813.939998537302 195.66999815404415 618.2700003832579 64.90999913215637 139.61000229418278 692.4199973940849 948.5099987834692 0 335.67999935150146 389.9599970281124 330.23999840021133 618.2700003832579 0 0 0 0 0 618.2700003832579 0 195.66999815404415 152.75999927520752 0 149.700001090765 0 152.65999995172024 177.5799984484911 0 286.0099965929985 103.9500004351139 139.61000229418278 0 0 531.259996637702 1564.7200018167496 2376.799995109439 -2.9999997466802597 -6.8999999538064 -2.3699998930096626 -3.3699997551739216 -6.909999962896109 -2.4199998900294304
187 0 1 0 0 0 1 0 1 0 0 0 1 0 0 0 0 1 0 0 0 0 0 1 0 0 0 0 0 0 0 0 0 0 0 0 0 0 0 156.9500004351139 0 0 0 156.9500004351139 0 156.9500004351139 0 0 0 156.9500004351139 0 0 0 0 156.9500004351139 0 0 0 0 0 156.9500004351139 0 0 0 0 0 0 0 0 0 0 0 0 0 0 28.709999442100525 104.36000183224678 156.9500004351139 -0.999999962747097 -0.3999999985098839 -0.9999999701976776 -1.159999966621399 -0.4699999988079071 -1.0899999737739563 187 3 2 0 0 2 2 0 2 0 0 2 2 0 1 0 0 2 0 0 0 0 0 2 0 0 1 0 1 0 0 0 0 0 0 0 0 0 394.6699984371662 292.37000146508217 0 0 302.4600003659725 292.37000146508217 0 292.37000146508217 0 0 302.4600003659725 292.37000146508217 0 92.2099980711937 0 0 292.37000146508217 0 0 0 0 0 292.37000146508217 0 0 152.75999927520752 0 149.700001090765 0 0 0 0 0 0 0 0 0 142.11999915540218 472.260002091527 687.0399999022484 -1.9999998919665813 -1.86999998614192 -1.8199999332427979 -2.519999895244837 -2.0799999870359898 -1.8199999332427979 187 3 3 0 0 3 3 0 3 1 0 2 3 0 1 0 0 3 0 0 0 0 0 3 0 0 1 0 1 0 0 0 0 0 0 0 0 0 394.6699984371662 442.8099980056286 0 0 367.3699994981289 442.8099980056286 0 442.8099980056286 64.90999913215637 0 302.4600003659725 442.8099980056286 0 92.2099980711937 0 0 442.8099980056286 0 0 0 0 0 442.8099980056286 0 0 152.75999927520752 0 149.700001090765 0 0 0 0 0 0 0 0 0 221.07999743521214 563.1900003999472 902.3899955749512 -2.9999998435378075 -2.7599999830126762 -2.7299998998641968 -3.5899998508393764 -2.9499999843537807 -2.8199999034404755 187 3 6 2 0 3 4 0 4 1 0 3 5 0 1 1 1 4 0 0 0 0 0 4 0 0 1 0 1 0 1 0 0 1 0 0 0 0 394.6699984371662 859.4999986290932 241.2299982458353 0 367.3699994981289 618.2700003832579 0 618.2700003832579 64.90999913215637 0 391.0299986600876 770.9300003349781 0 92.2099980711937 88.56999829411507 152.65999995172024 618.2700003832579 0 0 0 0 0 618.2700003832579 0 0 152.75999927520752 0 149.700001090765 0 152.65999995172024 0 0 88.56999829411507 0 0 0 0 328.9399972707033 816.72000195086 1319.0799961984158 -3.999999802559614 -3.959999978542328 -3.7299998812377453 -4.409999802708626 -4.149999979883432 -3.6399998776614666 187 4 8 4 0 4 4 0 4 1 1 5 5 0 1 3 1 4 0 0 0 0 0 4 0 0 1 0 1 0 1 0 0 2 1 1 0 0 534.280000731349 1050.979998037219 432.7099976539612 0 506.98000179231167 618.2700003832579 0 618.2700003832579 64.90999913215637 139.61000229418278 582.5099980682135 770.9300003349781 0 92.2099980711937 280.04999770224094 152.65999995172024 618.2700003832579 0 0 0 0 0 618.2700003832579 0 0 152.75999927520752 0 149.700001090765 0 152.65999995172024 0 0 176.09999726712704 103.9500004351139 139.61000229418278 0 0 407.6399980187416 1024.8200031220913 1650.1699979007244 -3.9999998062849045 -5.1599999740719795 -3.7299999073147774 -4.619999807327986 -5.419999975711107 -3.779999904334545 187 7 12 6 0 4 6 1 5 1 1 6 7 0 4 4 2 5 0 0 0 0 0 5 0 1 1 0 1 0 1 1 0 3 1 1 0 0 885.6900010704994 1697.7899958640337 720.1999954283237 0 506.98000179231167 977.59000043571 196.18000215291977 781.4099982827902 64.90999913215637 139.61000229418278 692.4199973940849 1111.6499966830015 0 443.6199984103441 389.9599970281124 330.23999840021133 781.4099982827902 0 0 0 0 0 781.4099982827902 0 196.18000215291977 152.75999927520752 0 149.700001090765 0 152.65999995172024 177.5799984484911 0 286.0099965929985 103.9500004351139 139.61000229418278 0 0 577.6499973088503 1764.8700028657913 2648.3899960666895 -3.9999996908009052 -7.569999944418669 -3.189999856054783 -4.769999701529741 -7.6699999533593655 -3.2399998530745506
188 1 0 0 0 0 0 0 0 0 0 0 0 0 1 0 0 0 0 0 0 0 0 0 0 0 0 0 0 0 0 0 0 0 0 0 0 0 92.2099980711937 0 0 0 0 0 0 0 0 0 0 0 0 92.2099980711937 0 0 0 0 0 0 0 0 0 0 0 0 0 0 0 0 0 0 0 0 0 0 0 25.619999080896378 57.60999944806099 92.2099980711937 1.862645149230957e-8 -0.26999999210238457 0.18000000715255737 1.862645149230957e-8 -0.26999999210238457 0.18000000715255737 188 2 3 0 0 1 3 0 3 0 0 1 3 0 1 0 0 3 0 0 0 0 0 3 0 0 0 0 1 0 0 0 0 0 0 0 0 0 241.9099991619587 442.8099980056286 0 0 149.700001090765 442.8099980056286 0 442.8099980056286 0 0 149.700001090765 442.8099980056286 0 92.2099980711937 0 0 442.8099980056286 0 0 0 0 0 442.8099980056286 0 0 0 0 149.700001090765 0 0 0 0 0 0 0 0 0 153.97999872267246 454.0200003236532 684.7199971675873 -2.999999862164259 -1.86999998614192 -2.8199999034404755 -3.53999986872077 -2.0099999867379665 -2.909999907016754 188 3 4 0 0 2 4 0 4 0 0 2 4 0 1 0 0 4 0 0 0 0 0 4 0 0 1 0 1 0 0 0 0 0 0 0 0 0 394.6699984371662 618.2700003832579 0 0 302.4600003659725 618.2700003832579 0 618.2700003832579 0 0 302.4600003659725 618.2700003832579 0 92.2099980711937 0 0 618.2700003832579 0 0 0 0 0 618.2700003832579 0 0 152.75999927520752 0 149.700001090765 0 0 0 0 0 0 0 0 0 219.3599987924099 679.5100024789572 1012.9399988204241 -3.9999998174607754 -2.669999983161688 -3.819999873638153 -4.3399998135864735 -2.8799999840557575 -3.6399998664855957 188 3 5 1 0 3 4 0 4 1 0 3 4 0 1 1 0 4 0 0 0 0 0 4 0 0 1 0 1 0 0 0 0 1 0 0 0 0 394.6699984371662 706.8399986773729 88.56999829411507 0 367.3699994981289 618.2700003832579 0 618.2700003832579 64.90999913215637 0 391.0299986600876 618.2700003832579 0 92.2099980711937 88.56999829411507 0 618.2700003832579 0 0 0 0 0 618.2700003832579 0 0 152.75999927520752 0 149.700001090765 0 0 0 0 88.56999829411507 0 0 0 0 292.4399975538254 718.9400018304586 1166.4199962466955 -3.999999810010195 -3.559999980032444 -3.7299998812377453 -4.409999810159206 -3.7499999813735485 -3.6399998776614666 188 3 9 4 0 3 5 1 4 1 0 5 5 0 1 3 1 4 0 0 0 0 0 4 0 1 1 0 1 0 1 0 0 2 1 0 0 0 394.6699984371662 1247.1600001901388 432.7099976539612 0 367.3699994981289 814.4500025361776 196.18000215291977 618.2700003832579 64.90999913215637 0 582.5099980682135 770.9300003349781 0 92.2099980711937 280.04999770224094 152.65999995172024 618.2700003832579 0 0 0 0 0 618.2700003832579 0 196.18000215291977 152.75999927520752 0 149.700001090765 0 152.65999995172024 0 0 176.09999726712704 103.9500004351139 0 0 0 412.2999975681305 1066.0100038200617 1706.7399977594614 -2.9999997951090336 -5.1599999740719795 -2.7299998961389065 -3.619999796152115 -5.419999975711107 -2.7799998931586742 188 5 11 5 0 4 6 1 5 1 1 5 7 0 2 3 2 5 0 0 0 0 0 5 0 1 1 0 1 0 1 1 0 2 1 1 0 0 662.8400026410818 1587.8799965381622 610.2899961024523 0 506.98000179231167 977.59000043571 196.18000215291977 781.4099982827902 64.90999913215637 139.61000229418278 582.5099980682135 1111.6499966830015 0 220.7699999809265 280.04999770224094 330.23999840021133 781.4099982827902 0 0 0 0 0 781.4099982827902 0 196.18000215291977 152.75999927520752 0 149.700001090765 0 152.65999995172024 177.5799984484911 0 176.09999726712704 103.9500004351139 139.61000229418278 0 0 526.0799974650145 1524.6500042676926 2315.6299983114004 -3.999999724328518 -6.629999961704016 -3.5499998591840267 -5.019999727606773 -6.979999963194132 -3.5999998562037945
189 1 0 0 0 1 0 0 0 0 0 1 0 0 0 0 0 0 0 0 0 0 0 0 0 0 0 0 1 0 0 0 0 0 0 0 0 0 149.700001090765 0 0 0 149.700001090765 0 0 0 0 0 149.700001090765 0 0 0 0 0 0 0 0 0 0 0 0 0 0 0 0 149.700001090765 0 0 0 0 0 0 0 0 0 36.780000284314156 95.70000077784061 149.700001090765 7.450580596923828e-9 -0.3999999985098839 0.0 7.450580596923828e-9 -0.3999999985098839 0.0 189 2 2 0 0 1 2 0 2 0 0 1 2 0 1 0 0 2 0 0 0 0 0 2 0 0 0 0 1 0 0 0 0 0 0 0 0 0 241.9099991619587 307.3899969756603 0 0 149.700001090765 307.3899969756603 0 307.3899969756603 0 0 149.700001090765 307.3899969756603 0 92.2099980711937 0 0 307.3899969756603 0 0 0 0 0 307.3899969756603 0 0 0 0 149.700001090765 0 0 0 0 0 0 0 0 0 130.4899978786707 348.60000036656857 549.299996137619 -1.999999899417162 -1.4699999876320362 -1.8199999332427979 -2.159999903291464 -1.5399999879300594 -1.9099999368190765 189 2 5 1 0 1 4 0 4 0 0 2 4 0 1 1 0 4 0 0 0 0 0 4 0 0 0 0 1 0 0 0 0 1 0 0 0 0 241.9099991619587 706.8399986773729 88.56999829411507 0 149.700001090765 618.2700003832579 0 618.2700003832579 0 0 238.26999938488007 618.2700003832579 0 92.2099980711937 88.56999829411507 0 618.2700003832579 0 0 0 0 0 618.2700003832579 0 0 0 0 149.700001090765 0 0 0 0 88.56999829411507 0 0 0 0 225.3399988412857 609.7700017541647 948.7499978393316 -3.9999998286366463 -2.669999983161688 -3.819999884814024 -4.3599998280406 -2.8099999837577343 -3.7299998812377453 189 3 6 2 0 2 4 0 4 0 0 4 4 0 1 2 0 4 0 0 0 0 0 4 0 0 1 0 1 0 0 0 0 2 0 0 0 0 394.6699984371662 794.3699976503849 176.09999726712704 0 302.4600003659725 618.2700003832579 0 618.2700003832579 0 0 478.55999763309956 618.2700003832579 0 92.2099980711937 176.09999726712704 0 618.2700003832579 0 0 0 0 0 618.2700003832579 0 0 152.75999927520752 0 149.700001090765 0 0 0 0 176.09999726712704 0 0 0 0 276.97999818623066 756.0000015348196 1189.0399960875511 -3.999999824911356 -3.4699999801814556 -3.819999895989895 -4.339999821037054 -3.6799999810755253 -3.6399998888373375 189 3 9 3 0 3 6 1 5 1 0 4 6 0 1 2 1 5 0 0 0 0 0 5 0 1 1 0 1 0 1 0 0 2 0 0 0 0 394.6699984371662 1306.3499976545572 328.7599972188473 0 367.3699994981289 977.59000043571 196.18000215291977 781.4099982827902 64.90999913215637 0 478.55999763309956 934.0699982345104 0 92.2099980711937 176.09999726712704 152.65999995172024 781.4099982827902 0 0 0 0 0 781.4099982827902 0 196.18000215291977 152.75999927520752 0 149.700001090765 0 152.65999995172024 0 0 176.09999726712704 0 0 0 0 418.819996714592 1117.5200024098158 1765.9299952238798 -3.99999975040555 -5.1599999740719795 -3.729999851435423 -4.789999753236771 -5.419999975711107 -3.639999847859144 189 4 11 5 0 3 6 1 5 1 0 5 7 0 2 3 2 5 0 0 0 0 0 5 0 1 1 0 1 0 1 1 0 2 1 0 0 0 496.7299979776144 1587.8799965381622 610.2899961024523 0 367.3699994981289 977.59000043571 196.18000215291977 781.4099982827902 64.90999913215637 0 582.5099980682135 1111.6499966830015 0 194.26999761164188 280.04999770224094 330.23999840021133 781.4099982827902 0 0 0 0 0 781.4099982827902 0 196.18000215291977 152.75999927520752 0 149.700001090765 0 152.65999995172024 177.5799984484911 0 176.09999726712704 103.9500004351139 0 0 0 501.55999571084976 1381.7500018328428 2149.519993647933 -3.9999997317790985 -6.229999963194132 -3.5499998591840267 -4.929999735206366 -6.48999996483326 -3.5999998562037945
190 0 1 0 0 0 1 0 1 0 0 0 1 0 0 0 0 1 0 0 0 0 0 1 0 0 0 0 0 0 0 0 0 0 0 0 0 0 0 150.43999654054642 0 0 0 150.43999654054642 0 150.43999654054642 0 0 0 150.43999654054642 0 0 0 0 150.43999654054642 0 0 0 0 0 150.43999654054642 0 0 0 0 0 0 0 0 0 0 0 0 0 0 39.379999071359634 90.92999830842018 150.43999654054642 -0.999999962747097 -0.3999999985098839 -0.9999999701976776 -0.999999962747097 -0.3999999985098839 -0.9999999701976776 190 2 3 1 0 1 2 0 2 0 0 2 2 0 1 1 0 2 0 0 0 0 0 2 0 0 0 0 1 0 0 0 0 1 0 0 0 0 241.9099991619587 414.46999721229076 88.56999829411507 0 149.700001090765 325.8999989181757 0 325.8999989181757 0 0 238.26999938488007 325.8999989181757 0 92.2099980711937 88.56999829411507 0 325.8999989181757 0 0 0 0 0 325.8999989181757 0 0 0 0 149.700001090765 0 0 0 0 88.56999829411507 0 0 0 0 173.1399985551834 399.98999996483326 656.3799963742495 -1.9999999031424522 -1.86999998614192 -1.8199999444186687 -1.8199998959898949 -1.86999998614192 -1.6399999372661114 190 2 5 2 0 1 3 0 3 0 0 3 3 0 1 2 0 3 0 0 0 0 0 3 0 0 0 0 1 0 0 0 0 2 0 0 0 0 241.9099991619587 658.9499966204166 176.09999726712704 0 149.700001090765 482.8499993532896 0 482.8499993532896 0 0 325.79999835789204 482.8499993532896 0 92.2099980711937 176.09999726712704 0 482.8499993532896 0 0 0 0 0 482.8499993532896 0 0 0 0 149.700001090765 0 0 0 0 176.09999726712704 0 0 0 0 225.96999783813953 541.410001501441 900.8599957823753 -2.9999998696148396 -2.669999983161688 -2.8199999257922173 -2.979999866336584 -2.739999983459711 -2.7299999222159386 190 2 7 2 0 1 5 1 4 0 0 3 4 0 1 2 0 4 0 0 0 0 0 4 0 1 0 0 1 0 0 0 0 2 0 0 0 0 241.9099991619587 990.5499998033047 176.09999726712704 0 149.700001090765 814.4500025361776 196.18000215291977 618.2700003832579 0 0 325.79999835789204 618.2700003832579 0 92.2099980711937 176.09999726712704 0 618.2700003832579 0 0 0 0 0 618.2700003832579 0 196.18000215291977 0 0 149.700001090765 0 0 0 0 176.09999726712704 0 0 0 0 281.689998999238 790.3700034469366 1232.4599989652634 -2.999999813735485 -3.4699999801814556 -2.819999884814024 -3.429999813437462 -3.6799999810755253 -2.7299998812377453 190 4 8 2 0 3 6 1 5 1 0 4 5 0 2 2 0 5 0 0 0 0 0 5 0 1 1 0 1 0 0 0 0 2 0 0 0 0 496.7299979776144 1153.689997702837 176.09999726712704 0 367.3699994981289 977.59000043571 196.18000215291977 781.4099982827902 64.90999913215637 0 478.55999763309956 781.4099982827902 0 194.26999761164188 176.09999726712704 0 781.4099982827902 0 0 0 0 0 781.4099982827902 0 196.18000215291977 152.75999927520752 0 149.700001090765 0 0 0 0 176.09999726712704 0 0 0 0 403.5199964046478 1087.2800027281046 1715.3299948126078 -3.999999739229679 -5.02999996766448 -3.5499998442828655 -4.7899997420609 -5.289999969303608 -3.459999840706587 190 4 11 4 0 3 7 1 6 1 0 4 8 0 2 2 2 6 0 0 0 0 0 6 0 1 1 0 1 0 1 1 0 2 0 0 0 0 496.7299979776144 1649.4699981212616 506.33999566733837 0 367.3699994981289 1143.1300024539232 196.18000215291977 946.9500003010035 64.90999913215637 0 478.55999763309956 1277.1899987012148 0 194.26999761164188 176.09999726712704 330.23999840021133 946.9500003010035 0 0 0 0 0 946.9500003010035 0 196.18000215291977 152.75999927520752 0 149.700001090765 0 152.65999995172024 177.5799984484911 0 176.09999726712704 0 0 0 0 507.72999626398087 1423.1300030201674 2211.1099952310324 -4.999999687075615 -6.229999963194132 -4.549999814480543 -5.609999682754278 -6.48999996483326 -4.279999803751707
191 0 1 0 0 0 1 0 1 0 0 0 1 0 0 0 0 1 0 0 0 0 0 1 0 0 0 0 0 0 0 0 0 0 0 0 0 0 0 175.46000237762928 0 0 0 175.46000237762928 0 175.46000237762928 0 0 0 175.46000237762928 0 0 0 0 175.46000237762928 0 0 0 0 0 175.46000237762928 0 0 0 0 0 0 0 0 0 0 0 0 0 0 37.86000056564808 116.32000207901001 175.46000237762928 -0.999999962747097 -0.3999999985098839 -0.9999999701976776 -0.8199999555945396 -0.3999999985098839 -0.8199999630451202 191 0 3 1 0 0 2 0 2 0 0 1 2 0 0 1 0 2 0 0 0 0 0 2 0 0 0 0 0 0 0 0 0 1 0 0 0 0 0 414.46999721229076 88.56999829411507 0 0 325.8999989181757 0 325.8999989181757 0 0 88.56999829411507 325.8999989181757 0 0 88.56999829411507 0 325.8999989181757 0 0 0 0 0 325.8999989181757 0 0 0 0 0 0 0 0 0 88.56999829411507 0 0 0 0 110.73999918997288 246.67999973893166 414.46999721229076 -1.9999999292194843 -1.1999999955296516 -1.9999999515712261 -1.819999922066927 -1.1999999955296516 -1.8199999444186687 191 2 5 2 0 1 3 1 2 0 0 3 2 0 1 2 0 2 0 0 0 0 0 2 0 1 0 0 1 0 0 0 0 2 0 0 0 0 241.9099991619587 698.1799983382225 176.09999726712704 0 149.700001090765 522.0800010710955 196.18000215291977 325.8999989181757 0 0 325.79999835789204 325.8999989181757 0 92.2099980711937 176.09999726712704 0 325.8999989181757 0 0 0 0 0 325.8999989181757 0 196.18000215291977 0 0 149.700001090765 0 0 0 0 176.09999726712704 0 0 0 0 229.48999871313572 580.5900016576052 940.0899975001812 -0.999999888241291 -2.669999983161688 -0.8199999444186687 -0.8899998813867569 -2.739999983459711 -0.6399999372661114 191 2 7 2 0 1 5 1 4 0 0 3 4 0 1 2 0 4 0 0 0 0 0 4 0 1 0 0 1 0 0 0 0 2 0 0 0 0 241.9099991619587 1018.2699966728687 176.09999726712704 0 149.700001090765 842.1699994057417 196.18000215291977 645.9899972528219 0 0 325.79999835789204 645.9899972528219 0 92.2099980711937 176.09999726712704 0 645.9899972528219 0 0 0 0 0 645.9899972528219 0 196.18000215291977 0 0 149.700001090765 0 0 0 0 176.09999726712704 0 0 0 0 291.7299974411726 805.1500022560358 1260.1799958348274 -2.999999813735485 -3.4699999801814556 -2.819999884814024 -3.3599998131394386 -3.609999980777502 -2.7299998812377453 191 4 9 2 0 2 7 1 6 0 0 4 6 0 2 2 0 6 0 0 0 0 0 6 0 1 1 0 1 0 0 0 0 2 0 0 0 0 496.7299979776144 1319.2299997210503 176.09999726712704 0 302.4600003659725 1143.1300024539232 196.18000215291977 946.9500003010035 0 0 478.55999763309956 946.9500003010035 0 194.26999761164188 176.09999726712704 0 946.9500003010035 0 0 0 0 0 946.9500003010035 0 196.18000215291977 152.75999927520752 0 149.700001090765 0 0 0 0 176.09999726712704 0 0 0 0 397.1199978888035 1197.3500040918589 1815.9599976986647 -4.999999713152647 -4.939999967813492 -4.639999818056822 -5.539999704807997 -5.219999969005585 -4.279999803751707 191 5 10 3 0 3 7 1 6 1 0 4 7 0 3 2 1 6 0 0 0 0 0 6 0 1 1 0 1 0 0 1 0 2 0 0 0 0 615.8799969106913 1496.8099981695414 353.67999571561813 0 367.3699994981289 1143.1300024539232 196.18000215291977 946.9500003010035 64.90999913215637 0 478.55999763309956 1124.5299987494946 0 313.41999654471874 176.09999726712704 177.5799984484911 946.9500003010035 0 0 0 0 0 946.9500003010035 0 196.18000215291977 152.75999927520752 0 149.700001090765 0 0 177.5799984484911 0 176.09999726712704 0 0 0 0 494.1599961668253 1407.5300022512674 2177.599994212389 -4.999999675899744 -6.0999999567866325 -4.369999807327986 -5.609999671578407 -6.35999995842576 -4.09999979659915
192 0 1 1 0 0 0 0 0 0 0 1 0 0 0 1 0 0 0 0 0 0 0 0 0 0 0 0 0 0 0 0 0 1 0 0 0 0 0 88.56999829411507 88.56999829411507 0 0 0 0 0 0 0 88.56999829411507 0 0 0 88.56999829411507 0 0 0 0 0 0 0 0 0 0 0 0 0 0 0 0 0 88.56999829411507 0 0 0 0 33.499999552965164 39.429999351501465 88.56999829411507 -3.725290298461914e-9 -0.3999999985098839 -1.1175870895385742e-8 -3.725290298461914e-9 -0.3999999985098839 -1.1175870895385742e-8 192 0 5 2 0 0 3 1 2 0 0 2 2 0 0 2 0 2 0 0 0 0 0 2 0 1 0 0 0 0 0 0 0 2 0 0 0 0 0 698.1799983382225 176.09999726712704 0 0 522.0800010710955 196.18000215291977 325.8999989181757 0 0 176.09999726712704 325.8999989181757 0 0 176.09999726712704 0 325.8999989181757 0 0 0 0 0 325.8999989181757 0 196.18000215291977 0 0 0 0 0 0 0 176.09999726712704 0 0 0 0 167.0899993479252 427.28000143170357 698.1799983382225 -0.9999999143183231 -1.9999999925494194 -0.9999999515712261 -0.889999907463789 -2.0699999928474426 -0.8199999444186687 192 1 6 2 0 1 4 1 3 0 0 3 3 0 0 2 0 3 0 0 0 0 0 3 0 1 0 0 1 0 0 0 0 2 0 0 0 0 149.700001090765 861.3199962377548 176.09999726712704 0 149.700001090765 685.2199989706278 196.18000215291977 489.039996817708 0 0 325.79999835789204 489.039996817708 0 0 176.09999726712704 0 489.039996817708 0 0 0 0 0 489.039996817708 0 196.18000215291977 0 0 149.700001090765 0 0 0 0 176.09999726712704 0 0 0 0 237.3999989181757 643.180000975728 1011.0199973285198 -1.9999998696148396 -2.799999989569187 -1.9999999217689037 -2.199999865144491 -2.8699999898672104 -1.8199999146163464 192 3 7 2 0 1 5 1 4 0 0 3 4 0 2 2 0 4 0 0 0 0 0 4 0 1 0 0 1 0 0 0 0 2 0 0 0 0 343.9699987024069 1018.2699966728687 176.09999726712704 0 149.700001090765 842.1699994057417 196.18000215291977 645.9899972528219 0 0 325.79999835789204 645.9899972528219 0 194.26999761164188 176.09999726712704 0 645.9899972528219 0 0 0 0 0 645.9899972528219 0 196.18000215291977 0 0 149.700001090765 0 0 0 0 176.09999726712704 0 0 0 0 312.9299968481064 872.690002694726 1362.2399953752756 -2.9999997951090336 -3.73999997228384 -2.6399998776614666 -3.359999794512987 -3.8799999728798866 -2.549999874085188 192 4 9 2 0 1 7 1 6 0 0 3 6 0 3 2 0 6 0 0 0 0 0 6 0 1 0 0 1 0 0 0 0 2 0 0 0 0 463.11999763548374 1319.2299997210503 176.09999726712704 0 149.700001090765 1143.1300024539232 196.18000215291977 946.9500003010035 0 0 325.79999835789204 946.9500003010035 0 313.41999654471874 176.09999726712704 0 946.9500003010035 0 0 0 0 0 946.9500003010035 0 196.18000215291977 0 0 149.700001090765 0 0 0 0 176.09999726712704 0 0 0 0 392.5299980044365 1170.3600033670664 1782.349997356534 -4.999999701976776 -4.8099999614059925 -4.4599998109042645 -5.559999696910381 -5.019999962300062 -4.189999800175428 192 5 10 2 0 2 8 1 7 0 0 4 7 0 3 2 0 7 0 0 0 0 0 7 0 1 1 0 1 0 0 0 0 2 0 0 0 0 615.8799969106913 1476.1000019460917 176.09999726712704 0 302.4600003659725 1300.0000046789646 196.18000215291977 1103.8200025260448 0 0 478.55999763309956 1103.8200025260448 0 313.41999654471874 176.09999726712704 0 1103.8200025260448 0 0 0 0 0 1103.8200025260448 0 196.18000215291977 152.75999927520752 0 149.700001090765 0 0 0 0 176.09999726712704 0 0 0 0 435.45999754965305 1410.280005350709 2091.979998856783 -5.9999996572732925 -5.60999995842576 -5.459999781101942 -6.939999632537365 -6.469999950379133 -4.91999975964427
193 0 1 1 0 0 0 0 0 0 0 1 0 0 0 1 0 0 0 0 0 0 0 0 0 0 0 0 0 0 0 0 0 1 0 0 0 0 0 87.52999897301197 87.52999897301197 0 0 0 0 0 0 0 87.52999897301197 0 0 0 87.52999897301197 0 0 0 0 0 0 0 0 0 0 0 0 0 0 0 0 0 87.52999897301197 0 0 0 0 24.1199998408556 37.05999970436096 87.52999897301197 -3.725290298461914e-9 -0.3999999985098839 -1.1175870895385742e-8 -3.725290298461914e-9 -0.3999999985098839 -1.1175870895385742e-8 193 0 3 2 0 0 1 1 0 0 0 2 0 0 0 2 0 0 0 0 0 0 0 0 0 1 0 0 0 0 0 0 0 2 0 0 0 0 0 372.2799994200468 176.09999726712704 0 0 196.18000215291977 196.18000215291977 0 0 0 176.09999726712704 0 0 0 176.09999726712704 0 0 0 0 0 0 0 0 0 196.18000215291977 0 0 0 0 0 0 0 176.09999726712704 0 0 0 0 89.84999971091747 220.03000104427338 372.2799994200468 1.000000011175871 -1.1999999955296516 0.9999999888241291 0.9300000108778477 -1.2699999958276749 0.9999999888241291 193 1 6 2 0 0 4 1 3 0 0 2 3 0 1 2 0 3 0 0 0 0 0 3 0 1 0 0 0 0 0 0 0 2 0 0 0 0 102.05999954044819 861.3199962377548 176.09999726712704 0 0 685.2199989706278 196.18000215291977 489.039996817708 0 0 176.09999726712704 489.039996817708 0 102.05999954044819 176.09999726712704 0 489.039996817708 0 0 0 0 0 489.039996817708 0 196.18000215291977 0 0 0 0 0 0 0 176.09999726712704 0 0 0 0 221.81999804079533 615.0200006365776 963.379995778203 -1.9999998584389687 -2.669999983161688 -1.8199999146163464 -2.1999998539686203 -2.739999983459711 -1.639999907463789 193 2 7 2 0 1 5 1 4 0 0 3 4 0 1 2 0 4 0 0 0 0 0 4 0 1 0 0 1 0 0 0 0 2 0 0 0 0 251.7600006312132 1026.859998255968 176.09999726712704 0 149.700001090765 850.760000988841 196.18000215291977 654.5799988359213 0 0 325.79999835789204 654.5799988359213 0 102.05999954044819 176.09999726712704 0 654.5799988359213 0 0 0 0 0 654.5799988359213 0 196.18000215291977 0 0 149.700001090765 0 0 0 0 176.09999726712704 0 0 0 0 291.77999901771545 820.7900027781725 1278.6199988871813 -2.999999813735485 -3.4699999801814556 -2.819999884814024 -3.0199998021125793 -3.539999980479479 -2.4599998705089092 193 4 9 2 0 1 7 1 6 0 0 3 6 0 3 2 0 6 0 0 0 0 0 6 0 1 0 0 1 0 0 0 0 2 0 0 0 0 463.11999763548374 1340.6800009161234 176.09999726712704 0 149.700001090765 1164.5800036489964 196.18000215291977 968.4000014960766 0 0 325.79999835789204 968.4000014960766 0 313.41999654471874 176.09999726712704 0 968.4000014960766 0 0 0 0 0 968.4000014960766 0 196.18000215291977 0 0 149.700001090765 0 0 0 0 176.09999726712704 0 0 0 0 384.4499972015619 1195.6900053173304 1803.7999985516071 -4.999999701976776 -4.8099999614059925 -4.4599998109042645 -5.579999677836895 -5.529999952763319 -4.009999793022871 193 5 10 2 0 1 8 1 7 0 0 3 7 0 4 2 0 7 0 0 0 0 0 7 0 1 0 0 1 0 0 0 0 2 0 0 0 0 594.9899982959032 1476.1000019460917 176.09999726712704 0 149.700001090765 1300.0000046789646 196.18000215291977 1103.8200025260448 0 0 325.79999835789204 1103.8200025260448 0 445.2899972051382 176.09999726712704 0 1103.8200025260448 0 0 0 0 0 1103.8200025260448 0 196.18000215291977 0 0 149.700001090765 0 0 0 0 176.09999726712704 0 0 0 0 431.21999759972095 1401.7400063425303 2071.090000241995 -5.999999646097422 -5.479999952018261 -5.279999773949385 -6.979999624192715 -6.289999943226576 -4.829999756067991
194 0 1 0 0 0 1 1 0 0 0 0 0 0 0 0 0 0 0 0 0 0 0 0 0 1 0 0 0 0 0 0 0 0 0 0 0 0 0 196.18000215291977 0 0 0 196.18000215291977 196.18000215291977 0 0 0 0 0 0 0 0 0 0 0 0 0 0 0 0 0 196.18000215291977 0 0 0 0 0 0 0 0 0 0 0 0 32.23000031709671 143.54000198841095 196.18000215291977 1.0000000186264515 -0.3999999985098839 1.000000011175871 0.9300000183284283 -0.4699999988079071 1.000000011175871 194 0 4 2 0 0 2 1 1 0 0 2 1 0 0 2 0 1 0 0 0 0 0 1 0 1 0 0 0 0 0 0 0 2 0 0 0 0 0 535.4199973195791 176.09999726712704 0 0 359.3200000524521 196.18000215291977 163.13999789953232 0 0 176.09999726712704 163.13999789953232 0 0 176.09999726712704 0 163.13999789953232 0 0 0 0 0 163.13999789953232 0 196.18000215291977 0 0 0 0 0 0 0 176.09999726712704 0 0 0 0 123.37999899685383 340.22999981045723 535.4199973195791 4.842877388000488e-8 -1.5999999940395355 1.862645149230957e-8 -0.37999995425343513 -1.6699999943375587 1.862645149230957e-8 194 1 6 2 0 0 4 1 3 0 0 2 3 0 1 2 0 3 0 0 0 0 0 3 0 1 0 0 0 0 0 0 0 2 0 0 0 0 102.05999954044819 876.4200017154217 176.09999726712704 0 0 700.3200044482946 196.18000215291977 504.14000229537487 0 0 176.09999726712704 504.14000229537487 0 102.05999954044819 176.09999726712704 0 504.14000229537487 0 0 0 0 0 504.14000229537487 0 196.18000215291977 0 0 0 0 0 0 0 176.09999726712704 0 0 0 0 215.61999966204166 634.1600036919117 978.4800012558699 -1.9999998584389687 -2.669999983161688 -1.8199999146163464 -2.019999846816063 -2.739999983459711 -1.4599999003112316 194 2 7 2 0 0 5 1 4 0 0 2 4 0 2 2 0 4 0 0 0 0 0 4 0 1 0 0 0 0 0 0 0 2 0 0 0 0 221.20999847352505 1026.859998255968 176.09999726712704 0 0 850.760000988841 196.18000215291977 654.5799988359213 0 0 176.09999726712704 654.5799988359213 0 221.20999847352505 176.09999726712704 0 654.5799988359213 0 0 0 0 0 654.5799988359213 0 196.18000215291977 0 0 0 0 0 0 0 176.09999726712704 0 0 0 0 277.92999835312366 807.2700013518333 1248.0699967294931 -2.999999802559614 -3.3399999737739563 -2.6399998776614666 -3.0199997909367085 -3.4099999740719795 -2.279999863356352 194 5 8 2 0 1 6 1 5 0 0 3 5 0 4 2 0 5 0 0 0 0 0 5 0 1 0 0 1 0 0 0 0 2 0 0 0 0 594.9899982959032 1183.7300004810095 176.09999726712704 0 149.700001090765 1007.6300032138824 196.18000215291977 811.4500010609627 0 0 325.79999835789204 811.4500010609627 0 445.2899972051382 176.09999726712704 0 811.4500010609627 0 0 0 0 0 811.4500010609627 0 196.18000215291977 0 0 149.700001090765 0 0 0 0 176.09999726712704 0 0 0 0 379.01999731361866 1191.9600045531988 1778.7199987769127 -3.9999997206032276 -4.679999954998493 -3.2799998335540295 -4.43999969214201 -5.349999945610762 -2.7399998120963573 194 5 10 2 0 1 8 1 7 0 0 3 7 0 4 2 0 7 0 0 0 0 0 7 0 1 0 0 1 0 0 0 0 2 0 0 0 0 594.9899982959032 1513.970003977418 176.09999726712704 0 149.700001090765 1337.870006710291 196.18000215291977 1141.6900045573711 0 0 325.79999835789204 1141.6900045573711 0 445.2899972051382 176.09999726712704 0 1141.6900045573711 0 0 0 0 0 1141.6900045573711 0 196.18000215291977 0 0 149.700001090765 0 0 0 0 176.09999726712704 0 0 0 0 425.90999622642994 1436.0800095945597 2108.960002273321 -5.999999646097422 -5.479999952018261 -5.279999773949385 -6.4899996146559715 -6.289999943226576 -4.649999748915434
195 0 1 0 0 0 1 0 1 0 0 0 1 0 0 0 0 1 0 0 0 0 0 1 0 0 0 0 0 0 0 0 0 0 0 0 0 0 0 163.13999789953232 0 0 0 163.13999789953232 0 163.13999789953232 0 0 0 163.13999789953232 0 0 0 0 163.13999789953232 0 0 0 0 0 163.13999789953232 0 0 0 0 0 0 0 0 0 0 0 0 0 0 33.529999285936356 120.19999876618385 163.13999789953232 -0.999999962747097 -0.3999999985098839 -0.9999999701976776 -1.3099999651312828 -0.3999999985098839 -0.9999999701976776 195 1 2 0 0 0 2 1 1 0 0 0 1 0 1 0 0 1 0 0 0 0 0 1 0 1 0 0 0 0 0 0 0 0 0 0 0 0 102.05999954044819 359.3200000524521 0 0 0 359.3200000524521 196.18000215291977 163.13999789953232 0 0 0 163.13999789953232 0 102.05999954044819 0 0 163.13999789953232 0 0 0 0 0 163.13999789953232 0 196.18000215291977 0 0 0 0 0 0 0 0 0 0 0 0 86.95999900996685 331.280001193285 461.3799995929003 7.450580596923828e-8 -1.0699999891221523 0.18000004813075066 -0.37999992817640305 -1.1399999894201756 0.18000004813075066 195 2 5 2 0 0 3 1 2 0 0 2 2 0 2 2 0 2 0 0 0 0 0 2 0 1 0 0 0 0 0 0 0 2 0 0 0 0 221.20999847352505 700.9599993377924 176.09999726712704 0 0 524.8600020706654 196.18000215291977 328.6799999177456 0 0 176.09999726712704 328.6799999177456 0 221.20999847352505 176.09999726712704 0 328.6799999177456 0 0 0 0 0 328.6799999177456 0 196.18000215291977 0 0 0 0 0 0 0 176.09999726712704 0 0 0 0 200.68999871611595 600.0200009644032 922.1699978113174 -0.9999998770654202 -2.5399999767541885 -0.6399999372661114 -1.1999998725950718 -2.6099999770522118 -0.459999930113554 195 3 7 2 0 0 5 1 4 0 0 2 4 0 3 2 0 4 0 0 0 0 0 4 0 1 0 0 0 0 0 0 0 2 0 0 0 0 353.0799991339445 1033.290003940463 176.09999726712704 0 0 857.190006673336 196.18000215291977 661.0100045204163 0 0 176.09999726712704 661.0100045204163 0 353.0799991339445 176.09999726712704 0 661.0100045204163 0 0 0 0 0 661.0100045204163 0 196.18000215291977 0 0 0 0 0 0 0 176.09999726712704 0 0 0 0 277.2399988770485 947.720006018877 1386.3700030744076 -2.9999997839331627 -3.609999965876341 -2.4599998705089092 -3.439999755471945 -4.279999956488609 -1.919999849051237 195 4 9 2 0 1 7 1 6 0 0 3 6 0 3 2 0 6 0 0 0 0 0 6 0 1 0 0 1 0 0 0 0 2 0 0 0 0 502.7800002247095 1357.020003542304 176.09999726712704 0 149.700001090765 1180.920006275177 196.18000215291977 984.7400041222572 0 0 325.79999835789204 984.7400041222572 0 353.0799991339445 176.09999726712704 0 984.7400041222572 0 0 0 0 0 984.7400041222572 0 196.18000215291977 0 0 149.700001090765 0 0 0 0 176.09999726712704 0 0 0 0 371.57999770343304 1274.110008314252 1859.8000037670135 -4.999999701976776 -4.8099999614059925 -4.4599998109042645 -5.329999666661024 -5.549999952316284 -3.739999782294035 195 5 11 3 0 1 8 1 7 0 0 4 7 0 4 3 0 7 0 0 0 0 0 7 0 1 0 0 1 0 0 0 0 3 0 0 0 0 594.9899982959032 1634.050002887845 296.17999617755413 0 149.700001090765 1337.870006710291 196.18000215291977 1141.6900045573711 0 0 445.87999726831913 1141.6900045573711 0 445.2899972051382 296.17999617755413 0 1141.6900045573711 0 0 0 0 0 1141.6900045573711 0 196.18000215291977 0 0 149.700001090765 0 0 0 0 296.17999617755413 0 0 0 0 454.81999565660954 1508.430009379983 2229.0400011837482 -5.999999649822712 -5.879999950528145 -5.279999785125256 -6.559999618679285 -6.759999942034483 -4.649999760091305
196 1 0 0 0 0 0 0 0 0 0 0 0 0 1 0 0 0 0 0 0 0 0 0 0 0 0 0 0 0 0 0 0 0 0 0 0 0 102.05999954044819 0 0 0 0 0 0 0 0 0 0 0 0 102.05999954044819 0 0 0 0 0 0 0 0 0 0 0 0 0 0 0 0 0 0 0 0 0 0 0 21.199999406933784 67.54000043869019 102.05999954044819 1.862645149230957e-8 -0.26999999210238457 0.18000000715255737 1.862645149230957e-8 -0.26999999210238457 0.18000000715255737 196 2 2 0 0 0 2 0 2 0 0 0 2 0 2 0 0 2 0 0 0 0 0 2 0 0 0 0 0 0 0 0 0 0 0 0 0 0 221.20999847352505 328.6799999177456 0 0 0 328.6799999177456 0 328.6799999177456 0 0 0 328.6799999177456 0 221.20999847352505 0 0 328.6799999177456 0 0 0 0 0 328.6799999177456 0 0 0 0 0 0 0 0 0 0 0 0 0 0 110.83999900519848 379.9899999201298 549.8899983912706 -1.999999888241291 -1.339999981224537 -1.6399999260902405 -2.1299998834729195 -1.339999981224537 -1.459999918937683 196 2 5 1 0 0 4 1 3 0 0 1 3 0 2 1 0 3 0 0 0 0 0 3 0 1 0 0 0 0 0 0 0 1 0 0 0 0 221.20999847352505 769.2600032687187 87.52999897301197 0 0 681.7300042957067 196.18000215291977 485.550002142787 0 0 87.52999897301197 485.550002142787 0 221.20999847352505 87.52999897301197 0 485.550002142787 0 0 0 0 0 485.550002142787 0 196.18000215291977 0 0 0 0 0 0 0 87.52999897301197 0 0 0 0 182.599999204278 691.3400035202503 990.4700017422438 -1.9999998360872269 -2.5399999767541885 -1.639999896287918 -2.599999815225601 -3.189999967813492 -1.2799998819828033 196 3 6 2 0 0 4 1 3 0 0 2 3 0 3 2 0 3 0 0 0 0 0 3 0 1 0 0 0 0 0 0 0 2 0 0 0 0 353.0799991339445 857.8300015628338 176.09999726712704 0 0 681.7300042957067 196.18000215291977 485.550002142787 0 0 176.09999726712704 485.550002142787 0 353.0799991339445 176.09999726712704 0 485.550002142787 0 0 0 0 0 485.550002142787 0 196.18000215291977 0 0 0 0 0 0 0 176.09999726712704 0 0 0 0 239.3799983114004 831.400003939867 1210.9100006967783 -1.9999998211860657 -3.209999967366457 -1.4599999003112316 -2.619999799877405 -3.8799999579787254 -1.0999998860061169 196 3 10 3 0 0 7 1 6 0 0 3 6 0 3 3 0 6 0 0 0 0 0 6 0 1 0 0 0 0 0 0 0 3 0 0 0 0 353.0799991339445 1477.1000024527311 296.17999617755413 0 0 1180.920006275177 196.18000215291977 984.7400041222572 0 0 296.17999617755413 984.7400041222572 0 353.0799991339445 296.17999617755413 0 984.7400041222572 0 0 0 0 0 984.7400041222572 0 196.18000215291977 0 0 0 0 0 0 0 296.17999617755413 0 0 0 0 363.7099968492985 1250.7600073218346 1830.1800015866756 -4.999999713152647 -4.8099999614059925 -4.459999822080135 -5.399999678134918 -5.619999952614307 -3.739999793469906 196 4 11 3 0 1 8 1 7 0 0 4 7 0 3 3 0 7 0 0 0 0 0 7 0 1 0 0 1 0 0 0 0 3 0 0 0 0 502.7800002247095 1648.960004851222 296.17999617755413 0 149.700001090765 1352.780008673668 196.18000215291977 1156.6000065207481 0 0 445.87999726831913 1156.6000065207481 0 353.0799991339445 296.17999617755413 0 1156.6000065207481 0 0 0 0 0 1156.6000065207481 0 196.18000215291977 0 0 149.700001090765 0 0 0 0 296.17999617755413 0 0 0 0 414.4299968332052 1487.4400112181902 2151.7400050759315 -5.999999668449163 -5.60999995842576 -5.459999792277813 -6.2899996265769005 -6.489999949932098 -4.559999756515026
197 0 1 0 0 0 1 0 1 0 0 0 1 0 0 0 0 1 0 0 0 0 0 1 0 0 0 0 0 0 0 0 0 0 0 0 0 0 0 165.54000201821327 0 0 0 165.54000201821327 0 165.54000201821327 0 0 0 165.54000201821327 0 0 0 0 165.54000201821327 0 0 0 0 0 165.54000201821327 0 0 0 0 0 0 0 0 0 0 0 0 0 0 33.18000069260597 110.07000136375427 165.54000201821327 -0.999999962747097 -0.3999999985098839 -0.9999999701976776 -0.8199999555945396 -0.3999999985098839 -0.8199999630451202 197 2 1 0 0 0 1 0 1 0 0 0 1 0 2 0 0 1 0 0 0 0 0 1 0 0 0 0 0 0 0 0 0 0 0 0 0 0 221.20999847352505 165.54000201821327 0 0 0 165.54000201821327 0 165.54000201821327 0 0 0 165.54000201821327 0 221.20999847352505 0 0 165.54000201821327 0 0 0 0 0 165.54000201821327 0 0 0 0 0 0 0 0 0 0 0 0 0 0 77.30999971926212 259.7900011539459 386.7500004917383 -0.999999925494194 -0.939999982714653 -0.6399999558925629 -0.8199999183416367 -0.939999982714653 -0.4599999487400055 197 3 4 0 0 0 4 1 3 0 0 0 3 0 3 0 0 3 0 0 0 0 0 3 0 1 0 0 0 0 0 0 0 0 0 0 0 0 353.0799991339445 681.7300042957067 0 0 0 681.7300042957067 196.18000215291977 485.550002142787 0 0 0 485.550002142787 0 353.0799991339445 0 0 485.550002142787 0 0 0 0 0 485.550002142787 0 196.18000215291977 0 0 0 0 0 0 0 0 0 0 0 0 181.75999891757965 754.9100048840046 1034.8100034296513 -1.999999813735485 -2.4099999703466892 -1.4599998779594898 -2.6199997924268246 -3.0799999609589577 -1.099999863654375 197 3 6 1 0 0 5 1 4 0 0 1 4 0 3 1 0 4 0 0 0 0 0 4 0 1 0 0 0 0 0 0 0 1 0 0 0 0 353.0799991339445 942.5500063300133 87.52999897301197 0 0 855.0200073570013 196.18000215291977 658.8400052040815 0 0 87.52999897301197 658.8400052040815 0 353.0799991339445 87.52999897301197 0 658.8400052040815 0 0 0 0 0 658.8400052040815 0 196.18000215291977 0 0 0 0 0 0 0 87.52999897301197 0 0 0 0 224.059998229146 931.7300077974796 1295.6300054639578 -2.9999997802078724 -3.209999967366457 -2.4599998593330383 -3.5099997520446777 -3.9499999582767487 -1.9199998378753662 197 3 10 3 0 0 7 1 6 0 0 3 6 0 3 3 0 6 0 0 0 0 0 6 0 1 0 0 0 0 0 0 0 3 0 0 0 0 353.0799991339445 1498.5200083106756 296.17999617755413 0 0 1202.3400121331215 196.18000215291977 1006.1600099802017 0 0 296.17999617755413 1006.1600099802017 0 353.0799991339445 296.17999617755413 0 1006.1600099802017 0 0 0 0 0 1006.1600099802017 0 196.18000215291977 0 0 0 0 0 0 0 296.17999617755413 0 0 0 0 338.26999747753143 1300.8100121319294 1851.6000074446201 -4.999999713152647 -4.8099999614059925 -4.459999822080135 -5.289999671280384 -5.689999952912331 -3.5599997863173485 197 3 12 4 0 0 8 1 7 0 0 4 7 0 3 4 0 7 0 0 0 0 0 7 0 1 0 0 0 0 0 0 0 3 1 0 0 0 353.0799991339445 1794.6500067561865 441.8699980825186 0 0 1352.780008673668 196.18000215291977 1156.6000065207481 0 0 441.8699980825186 1156.6000065207481 0 353.0799991339445 441.8699980825186 0 1156.6000065207481 0 0 0 0 0 1156.6000065207481 0 196.18000215291977 0 0 0 0 0 0 0 296.17999617755413 145.69000190496445 0 0 0 406.5499961078167 1491.8900124430656 2147.730005890131 -5.999999683350325 -5.60999995842576 -5.459999807178974 -6.499999642372131 -6.559999950230122 -4.699999772012234
198 1 0 0 0 0 0 0 0 0 0 0 0 0 1 0 0 0 0 0 0 0 0 0 0 0 0 0 0 0 0 0 0 0 0 0 0 0 119.14999893307686 0 0 0 0 0 0 0 0 0 0 0 0 119.14999893307686 0 0 0 0 0 0 0 0 0 0 0 0 0 0 0 0 0 0 0 0 0 0 0 22.929999619722366 82.17999935150146 119.14999893307686 1.862645149230957e-8 -0.26999999210238457 0.18000000715255737 1.862645149230957e-8 -0.26999999210238457 0.18000000715255737 198 3 2 0 0 0 2 0 2 0 0 0 2 0 3 0 0 2 0 0 0 0 0 2 0 0 0 0 0 0 0 0 0 0 0 0 0 0 353.0799991339445 322.41000424325466 0 0 0 322.41000424325466 0 322.41000424325466 0 0 0 322.41000424325466 0 353.0799991339445 0 0 322.41000424325466 0 0 0 0 0 322.41000424325466 0 0 0 0 0 0 0 0 0 0 0 0 0 0 115.99999931454659 491.1700041294098 675.4900033771992 -1.9999998696148396 -1.6099999733269215 -1.459999918937683 -2.23999984562397 -2.2099999636411667 -1.0999999046325684 198 3 4 0 0 0 4 0 4 0 0 0 4 0 3 0 0 4 0 0 0 0 0 4 0 0 0 0 0 0 0 0 0 0 0 0 0 0 353.0799991339445 658.8400052040815 0 0 0 658.8400052040815 0 658.8400052040815 0 0 0 658.8400052040815 0 353.0799991339445 0 0 658.8400052040815 0 0 0 0 0 658.8400052040815 0 0 0 0 0 0 0 0 0 0 0 0 0 0 167.7099980711937 751.1300061047077 1011.920004338026 -3.9999997951090336 -2.4099999703466892 -3.4599998593330383 -4.439999766647816 -3.0799999609589577 -2.919999837875366 198 3 7 1 0 0 6 1 5 0 0 1 5 0 3 1 0 5 0 0 0 0 0 5 0 1 0 0 0 0 0 0 0 1 0 0 0 0 353.0799991339445 1146.9600086659193 120.0799989104271 0 0 1026.8800097554922 196.18000215291977 830.7000076025724 0 0 120.0799989104271 830.7000076025724 0 353.0799991339445 120.0799989104271 0 830.7000076025724 0 0 0 0 0 830.7000076025724 0 196.18000215291977 0 0 0 0 0 0 0 120.0799989104271 0 0 0 0 242.7899975180626 1108.000010997057 1500.0400077998638 -3.9999997429549694 -3.609999965876341 -3.459999829530716 -4.469999708235264 -4.489999957382679 -2.7399998009204865 198 3 10 4 0 0 6 1 5 0 0 4 5 0 3 4 0 5 0 0 0 0 0 5 0 1 0 0 0 0 0 0 0 3 1 0 0 0 353.0799991339445 1468.7500078380108 441.8699980825186 0 0 1026.8800097554922 196.18000215291977 830.7000076025724 0 0 441.8699980825186 830.7000076025724 0 353.0799991339445 441.8699980825186 0 830.7000076025724 0 0 0 0 0 830.7000076025724 0 196.18000215291977 0 0 0 0 0 0 0 296.17999617755413 145.69000190496445 0 0 0 329.309996470809 1284.6400120556355 1821.8300069719553 -3.9999997578561306 -4.8099999614059925 -3.459999866783619 -4.679999724030495 -5.759999953210354 -2.879999838769436 198 3 13 5 0 0 8 2 6 0 0 5 6 1 3 5 0 6 0 0 0 0 0 6 0 1 0 1 0 0 0 0 0 3 2 0 0 0 353.0799991339445 1986.2400058209896 577.589996561408 0 0 1408.6500092595816 402.48999927937984 1006.1600099802017 0 0 577.589996561408 1006.1600099802017 206.30999712646008 353.0799991339445 577.589996561408 0 1006.1600099802017 0 0 0 0 0 1006.1600099802017 0 196.18000215291977 0 206.30999712646008 0 0 0 0 0 296.17999617755413 281.4100003838539 0 0 0 409.59999817609787 1662.4900092482567 2339.320004954934 -3.999999698251486 -6.009999956935644 -3.459999829530716 -4.309999659657478 -6.629999950528145 -2.839999794960022
199 0 1 0 0 0 1 0 1 0 0 0 1 0 0 0 0 1 0 0 0 0 0 1 0 0 0 0 0 0 0 0 0 0 0 0 0 0 0 156.8700022250414 0 0 0 156.8700022250414 0 156.8700022250414 0 0 0 156.8700022250414 0 0 0 0 156.8700022250414 0 0 0 0 0 156.8700022250414 0 0 0 0 0 0 0 0 0 0 0 0 0 0 15.410000041127205 130.75000190734863 156.8700022250414 -0.999999962747097 -0.3999999985098839 -0.9999999701976776 -1.3999999463558197 -0.9799999892711639 -0.8199999630451202 199 2 2 0 0 0 2 0 2 0 0 0 2 0 2 0 0 2 0 0 0 0 0 2 0 0 0 0 0 0 0 0 0 0 0 0 0 0 251.01999959349632 330.16000528633595 0 0 0 330.16000528633595 0 330.16000528633595 0 0 0 330.16000528633595 0 251.01999959349632 0 0 330.16000528633595 0 0 0 0 0 330.16000528633595 0 0 0 0 0 0 0 0 0 0 0 0 0 0 79.79999868571758 453.3200055360794 581.1800048798323 -1.999999888241291 -1.339999981224537 -1.6399999260902405 -2.3099998645484447 -2.0099999718368053 -1.2799999117851257 199 3 4 1 0 0 3 0 3 0 0 1 3 0 3 1 0 3 0 0 0 0 0 3 0 0 0 0 0 0 0 0 0 1 0 0 0 0 353.0799991339445 615.7800062149763 120.0799989104271 0 0 495.7000073045492 0 495.7000073045492 0 0 120.0799989104271 495.7000073045492 0 353.0799991339445 120.0799989104271 0 495.7000073045492 0 0 0 0 0 495.7000073045492 0 0 0 0 0 0 0 0 0 120.0799989104271 0 0 0 0 163.08999821543694 703.2800071239471 968.8600053489208 -2.999999836087227 -2.4099999703466892 -2.4599999003112316 -3.1999998055398464 -3.149999961256981 -1.9199998788535595 199 3 7 2 0 0 5 0 5 0 0 2 5 0 3 2 0 5 0 0 0 0 0 5 0 0 0 0 0 0 0 0 0 1 1 0 0 0 353.0799991339445 1096.470008417964 265.77000081539154 0 0 830.7000076025724 0 830.7000076025724 0 0 265.77000081539154 830.7000076025724 0 353.0799991339445 265.77000081539154 0 830.7000076025724 0 0 0 0 0 830.7000076025724 0 0 0 0 0 0 0 0 0 120.0799989104271 145.69000190496445 0 0 0 239.4599967598915 1064.610011011362 1449.5500075519085 -4.9999997690320015 -3.609999965876341 -4.459999855607748 -5.609999734908342 -4.489999957382679 -3.879999827593565 199 3 10 3 0 0 7 2 5 0 0 3 5 1 3 3 0 5 0 0 0 0 0 5 0 1 0 1 0 0 0 0 0 2 1 0 0 0 353.0799991339445 1586.4900066703558 353.2999997884035 0 0 1233.1900068819523 402.48999927937984 830.7000076025724 0 0 353.2999997884035 830.7000076025724 206.30999712646008 353.0799991339445 353.2999997884035 0 830.7000076025724 0 0 0 0 0 830.7000076025724 0 196.18000215291977 0 206.30999712646008 0 0 0 0 0 207.60999788343906 145.69000190496445 0 0 0 319.6199978142977 1419.6100088953972 1939.5700058043003 -2.999999724328518 -4.8099999614059925 -2.4599998332560062 -3.279999691992998 -5.35999995470047 -1.8799998052418232 199 3 13 5 0 0 8 2 6 0 0 5 6 1 3 5 0 6 0 0 0 0 0 6 0 1 0 1 0 0 0 0 0 3 2 0 0 0 353.0799991339445 1973.7600038349628 577.589996561408 0 0 1396.1700072735548 402.48999927937984 993.680007994175 0 0 577.589996561408 993.680007994175 206.30999712646008 353.0799991339445 577.589996561408 0 993.680007994175 0 0 0 0 0 993.680007994175 0 196.18000215291977 0 206.30999712646008 0 0 0 0 0 296.17999617755413 281.4100003838539 0 0 0 403.41999720036983 1664.590008199215 2326.8400029689074 -3.999999698251486 -6.009999956935644 -3.459999829530716 -4.559999667108059 -6.699999950826168 -3.0199998021125793
200 1 0 0 0 0 0 0 0 0 0 0 0 0 1 0 0 0 0 0 0 0 0 0 0 0 0 0 0 0 0 0 0 0 0 0 0 0 131.87000066041946 0 0 0 0 0 0 0 0 0 0 0 0 131.87000066041946 0 0 0 0 0 0 0 0 0 0 0 0 0 0 0 0 0 0 0 0 0 0 0 23.279999554157257 100.63000106811523 131.87000066041946 1.862645149230957e-8 -0.26999999210238457 0.18000000715255737 -0.019999980926513672 -0.28999999165534973 0.18000000715255737 200 2 3 1 0 0 2 0 2 0 0 1 2 0 2 1 0 2 0 0 0 0 0 2 0 0 0 0 0 0 0 0 0 1 0 0 0 0 251.01999959349632 450.24000419676304 120.0799989104271 0 0 330.16000528633595 0 330.16000528633595 0 0 120.0799989104271 330.16000528633595 0 251.01999959349632 120.0799989104271 0 330.16000528633595 0 0 0 0 0 330.16000528633595 0 0 0 0 0 0 0 0 0 120.0799989104271 0 0 0 0 108.70999811589718 525.6700053215027 701.2600037902594 -1.9999998919665813 -1.7399999797344208 -1.6399999372661114 -2.3799998685717583 -2.4799999706447124 -1.2799999229609966 200 2 5 1 0 0 4 0 4 0 0 1 4 0 2 1 0 4 0 0 0 0 0 4 0 0 0 0 0 0 0 0 0 1 0 0 0 0 251.01999959349632 787.6400086134672 120.0799989104271 0 0 667.5600097030401 0 667.5600097030401 0 0 120.0799989104271 667.5600097030401 0 251.01999959349632 120.0799989104271 0 667.5600097030401 0 0 0 0 0 667.5600097030401 0 0 0 0 0 0 0 0 0 120.0799989104271 0 0 0 0 155.82999850809574 776.720009803772 1038.6600082069635 -3.9999998174607754 -2.5399999767541885 -3.6399998776614666 -4.089999780058861 -3.3499999679625034 -2.919999849051237 200 3 8 2 0 0 6 1 5 0 0 2 5 1 3 2 0 5 0 0 0 0 0 5 0 0 0 1 0 0 0 0 0 1 1 0 0 0 353.0799991339445 1302.780005544424 265.77000081539154 0 0 1037.0100047290325 206.30999712646008 830.7000076025724 0 0 265.77000081539154 830.7000076025724 206.30999712646008 353.0799991339445 265.77000081539154 0 830.7000076025724 0 0 0 0 0 830.7000076025724 0 0 0 206.30999712646008 0 0 0 0 0 120.0799989104271 145.69000190496445 0 0 0 263.26999765634537 1239.0100072026253 1655.8600046783686 -3.999999739229679 -4.009999964386225 -3.4599998332560062 -4.209999706596136 -4.489999957382679 -2.879999805241823 200 3 10 3 0 0 7 2 5 0 0 3 5 1 3 3 0 5 0 0 0 0 0 5 0 1 0 1 0 0 0 0 0 1 2 0 0 0 353.0799991339445 1634.6800061762333 401.489999294281 0 0 1233.1900068819523 402.48999927937984 830.7000076025724 0 0 401.489999294281 830.7000076025724 206.30999712646008 353.0799991339445 401.489999294281 0 830.7000076025724 0 0 0 0 0 830.7000076025724 0 196.18000215291977 0 206.30999712646008 0 0 0 0 0 120.0799989104271 281.4100003838539 0 0 0 314.119998216629 1469.6800081133842 1987.7600053101778 -2.999999728053808 -4.8099999614059925 -2.4599998369812965 -3.489999696612358 -5.429999954998493 -2.01999980956316 200 3 13 4 0 0 9 2 7 0 0 4 7 1 3 4 0 7 0 0 0 0 0 7 0 1 0 1 0 0 0 0 0 2 2 0 0 0 353.0799991339445 2030.640002593398 489.019998267293 0 0 1541.6200043261051 402.48999927937984 1139.1300050467253 0 0 489.019998267293 1139.1300050467253 206.30999712646008 353.0799991339445 489.019998267293 0 1139.1300050467253 0 0 0 0 0 1139.1300050467253 0 196.18000215291977 0 206.30999712646008 0 0 0 0 0 207.60999788343906 281.4100003838539 0 0 0 378.94999749958515 1752.7500061243773 2383.7200017273426 -4.9999996572732925 -6.009999956935644 -4.459999788552523 -5.629999626427889 -6.769999951124191 -4.019999761134386
201 0 1 0 0 0 1 0 1 0 0 0 1 0 0 0 0 1 0 0 0 0 0 1 0 0 0 0 0 0 0 0 0 0 0 0 0 0 0 173.29000306129456 0 0 0 173.29000306129456 0 173.29000306129456 0 0 0 173.29000306129456 0 0 0 0 173.29000306129456 0 0 0 0 0 173.29000306129456 0 0 0 0 0 0 0 0 0 0 0 0 0 0 18.179999470710754 139.76000320911407 173.29000306129456 -0.999999962747097 -0.3999999985098839 -0.9999999701976776 -0.8899999558925629 -0.4699999988079071 -0.8199999630451202 201 1 4 1 0 0 3 0 3 0 0 1 3 0 1 1 0 3 0 0 0 0 0 3 0 0 0 0 0 0 0 0 0 1 0 0 0 0 131.87000066041946 622.100006595254 120.0799989104271 0 0 502.02000768482685 0 502.02000768482685 0 0 120.0799989104271 502.02000768482685 0 131.87000066041946 120.0799989104271 0 502.02000768482685 0 0 0 0 0 502.02000768482685 0 0 0 0 0 0 0 0 0 120.0799989104271 0 0 0 0 99.7199981957674 584.4700090885162 753.9700072556734 -2.99999987334013 -1.86999998614192 -2.8199999146163464 -3.2699998430907726 -2.679999977350235 -2.2799998931586742 201 2 5 2 0 0 3 0 3 0 0 2 3 0 2 2 0 3 0 0 0 0 0 3 0 0 0 0 0 0 0 0 0 1 1 0 0 0 251.01999959349632 767.7900085002184 265.77000081539154 0 0 502.02000768482685 0 502.02000768482685 0 0 265.77000081539154 502.02000768482685 0 251.01999959349632 265.77000081539154 0 502.02000768482685 0 0 0 0 0 502.02000768482685 0 0 0 0 0 0 0 0 0 120.0799989104271 145.69000190496445 0 0 0 151.5499973744154 766.8000104427338 1018.8100080937147 -2.999999862164259 -2.5399999767541885 -2.63999992236495 -3.4799998328089714 -3.4199999682605267 -2.2399999015033245 201 2 8 3 0 0 5 1 4 0 0 3 4 1 2 3 0 4 0 0 0 0 0 4 0 0 0 1 0 0 0 0 0 1 2 0 0 0 251.01999959349632 1275.3600061237812 401.489999294281 0 0 873.8700068295002 206.30999712646008 667.5600097030401 0 0 401.489999294281 667.5600097030401 206.30999712646008 251.01999959349632 401.489999294281 0 667.5600097030401 0 0 0 0 0 667.5600097030401 0 0 0 206.30999712646008 0 0 0 0 0 120.0799989104271 281.4100003838539 0 0 0 227.15999920666218 1138.4000069200993 1526.3800057172775 -2.999999802559614 -3.73999997228384 -2.639999885112047 -3.109999768435955 -4.289999965578318 -2.1999998576939106 201 3 10 3 0 0 7 1 6 0 0 3 6 1 3 3 0 6 0 0 0 0 0 6 0 0 0 1 0 0 0 0 0 1 2 0 0 0 353.0799991339445 1601.480004414916 401.489999294281 0 0 1199.990005120635 206.30999712646008 993.680007994175 0 0 401.489999294281 993.680007994175 206.30999712646008 353.0799991339445 401.489999294281 0 993.680007994175 0 0 0 0 0 993.680007994175 0 0 0 206.30999712646008 0 0 0 0 0 120.0799989104271 281.4100003838539 0 0 0 313.56999748945236 1444.5600071549416 1954.5600035488605 -4.999999709427357 -4.8099999614059925 -4.459999818354845 -5.489999677985907 -5.429999954998493 -4.0199997909367085 201 4 12 3 0 1 9 2 7 0 0 4 7 1 3 3 0 7 0 0 0 0 0 7 0 1 0 1 1 0 0 0 0 1 2 0 0 0 525.4399985820055 1943.1100036203861 401.489999294281 0 172.359999448061 1541.6200043261051 402.48999927937984 1139.1300050467253 0 0 573.849998742342 1139.1300050467253 206.30999712646008 353.0799991339445 401.489999294281 0 1139.1300050467253 0 0 0 0 0 1139.1300050467253 0 196.18000215291977 0 206.30999712646008 172.359999448061 0 0 0 0 120.0799989104271 281.4100003838539 0 0 0 382.9699969291687 1849.6300068348646 2468.5500022023916 -4.999999646097422 -6.009999956935644 -4.459999777376652 -5.6099996119737625 -6.8399999514222145 -3.9299997463822365
202 0 1 1 0 0 0 0 0 0 0 1 0 0 0 1 0 0 0 0 0 0 0 0 0 0 0 0 0 0 0 0 0 1 0 0 0 0 0 120.0799989104271 120.0799989104271 0 0 0 0 0 0 0 120.0799989104271 0 0 0 120.0799989104271 0 0 0 0 0 0 0 0 0 0 0 0 0 0 0 0 0 120.0799989104271 0 0 0 0 28.909999430179596 72.34999978542328 120.0799989104271 -3.725290298461914e-9 -0.3999999985098839 -1.1175870895385742e-8 -0.07000000402331352 -0.4699999988079071 -1.1175870895385742e-8 202 1 4 2 0 0 2 0 2 0 0 2 2 0 1 2 0 2 0 0 0 0 0 2 0 0 0 0 0 0 0 0 0 1 1 0 0 0 131.87000066041946 610.920006275177 265.77000081539154 0 0 345.15000545978546 0 345.15000545978546 0 0 265.77000081539154 345.15000545978546 0 131.87000066041946 265.77000081539154 0 345.15000545978546 0 0 0 0 0 345.15000545978546 0 0 0 0 0 0 0 0 0 120.0799989104271 145.69000190496445 0 0 0 113.20999771356583 553.8700091838837 742.7900069355965 -1.9999999180436134 -1.86999998614192 -1.81999995931983 -2.079999905079603 -2.169999986886978 -1.5999999456107616 202 1 6 2 0 0 4 1 3 0 0 2 3 1 1 2 0 3 0 0 0 0 0 3 0 0 0 1 0 0 0 0 0 1 1 0 0 0 131.87000066041946 974.1000056266785 265.77000081539154 0 0 708.3300048112869 206.30999712646008 502.02000768482685 0 0 265.77000081539154 502.02000768482685 206.30999712646008 131.87000066041946 265.77000081539154 0 502.02000768482685 0 0 0 0 0 502.02000768482685 0 0 0 206.30999712646008 0 0 0 0 0 120.0799989104271 145.69000190496445 0 0 0 152.4299986511469 859.0200072824955 1105.970006287098 -1.999999850988388 -2.669999983161688 -1.8199999071657658 -2.0799998231232166 -3.149999976158142 -1.41999988630414 202 2 8 3 0 0 5 1 4 0 0 3 4 1 2 3 0 4 0 0 0 0 0 4 0 0 0 1 0 0 0 0 0 1 2 0 0 0 251.01999959349632 1272.8000044971704 401.489999294281 0 0 871.3100052028894 206.30999712646008 665.0000080764294 0 0 401.489999294281 665.0000080764294 206.30999712646008 251.01999959349632 401.489999294281 0 665.0000080764294 0 0 0 0 0 665.0000080764294 0 0 0 206.30999712646008 0 0 0 0 0 120.0799989104271 281.4100003838539 0 0 0 225.65999810397625 1146.7500065863132 1523.8200040906668 -2.999999802559614 -3.73999997228384 -2.639999885112047 -3.3599997758865356 -4.359999965876341 -2.379999864846468 202 3 10 3 0 0 7 1 6 0 0 3 6 1 3 3 0 6 0 0 0 0 0 6 0 0 0 1 0 0 0 0 0 1 2 0 0 0 353.0799991339445 1583.790003567934 401.489999294281 0 0 1182.300004273653 206.30999712646008 975.990007147193 0 0 401.489999294281 975.990007147193 206.30999712646008 353.0799991339445 401.489999294281 0 975.990007147193 0 0 0 0 0 975.990007147193 0 0 0 206.30999712646008 0 0 0 0 0 120.0799989104271 281.4100003838539 0 0 0 289.0699980556965 1451.9500056654215 1936.8700027018785 -4.999999709427357 -4.8099999614059925 -4.459999818354845 -5.249999675899744 -5.499999955296516 -4.0199997909367085 202 4 12 3 0 1 9 2 7 0 0 4 7 2 3 3 0 7 0 0 0 0 0 7 0 0 0 2 1 0 0 0 0 1 2 0 0 0 525.4399985820055 1931.1500016599894 401.489999294281 0 172.359999448061 1529.6600023657084 390.5299973189831 1139.1300050467253 0 0 573.849998742342 1139.1300050467253 390.5299973189831 353.0799991339445 401.489999294281 0 1139.1300050467253 0 0 0 0 0 1139.1300050467253 0 0 0 390.5299973189831 172.359999448061 0 0 0 0 120.0799989104271 281.4100003838539 0 0 0 369.719996586442 1870.750005081296 2456.590000241995 -4.999999634921551 -6.009999956935644 -4.459999766200781 -5.73999959602952 -6.8399999514222145 -3.749999728053808
203 0 1 0 0 0 1 0 1 0 0 0 1 0 0 0 0 1 0 0 0 0 0 1 0 0 0 0 0 0 0 0 0 0 0 0 0 0 0 171.8600023984909 0 0 0 171.8600023984909 0 171.8600023984909 0 0 0 171.8600023984909 0 0 0 0 171.8600023984909 0 0 0 0 0 171.8600023984909 0 0 0 0 0 0 0 0 0 0 0 0 0 0 13.93999969959259 140.98000311851501 171.8600023984909 -0.999999962747097 -0.3999999985098839 -0.9999999701976776 -0.8899999558925629 -0.4699999988079071 -0.8199999630451202 203 0 5 2 0 0 3 1 2 0 0 2 2 1 0 2 0 2 0 0 0 0 0 2 0 0 0 1 0 0 0 0 0 1 1 0 0 0 0 817.2300034016371 265.77000081539154 0 0 551.4600025862455 206.30999712646008 345.15000545978546 0 0 265.77000081539154 345.15000545978546 206.30999712646008 0 265.77000081539154 0 345.15000545978546 0 0 0 0 0 345.15000545978546 0 0 0 206.30999712646008 0 0 0 0 0 120.0799989104271 145.69000190496445 0 0 0 113.73999905586243 627.6400043070316 817.2300034016371 -0.9999999068677425 -1.9999999925494194 -0.9999999441206455 -0.6599998958408833 -1.8799999952316284 -0.7799999304115772 203 1 6 3 0 0 3 1 2 0 0 3 2 1 1 3 0 2 0 0 0 0 0 2 0 0 0 1 0 0 0 0 0 1 2 0 0 0 131.87000066041946 952.9500018805265 401.489999294281 0 0 551.4600025862455 206.30999712646008 345.15000545978546 0 0 401.489999294281 345.15000545978546 206.30999712646008 131.87000066041946 401.489999294281 0 345.15000545978546 0 0 0 0 0 345.15000545978546 0 0 0 206.30999712646008 0 0 0 0 0 120.0799989104271 281.4100003838539 0 0 0 155.63999885320663 815.4000042974949 1084.820002540946 -0.9999998956918716 -2.669999983161688 -0.8199999518692493 -0.8899998851120472 -2.6399999856948853 -0.7399999387562275 203 2 9 3 0 0 6 1 5 0 0 3 5 1 2 3 0 5 0 0 0 0 0 5 0 0 0 1 0 0 0 0 0 1 2 0 0 0 251.01999959349632 1418.2500015497208 401.489999294281 0 0 1016.7600022554398 206.30999712646008 810.4500051289797 0 0 401.489999294281 810.4500051289797 206.30999712646008 251.01999959349632 401.489999294281 0 810.4500051289797 0 0 0 0 0 810.4500051289797 0 0 0 206.30999712646008 0 0 0 0 0 120.0799989104271 281.4100003838539 0 0 0 234.68999795615673 1274.340003862977 1669.270001143217 -3.999999765306711 -4.139999970793724 -3.639999855309725 -4.429999738931656 -4.829999964684248 -3.3799998350441456 203 3 10 3 0 1 7 1 6 0 0 4 6 1 2 3 0 6 0 0 0 0 0 6 0 0 0 1 1 0 0 0 0 1 2 0 0 0 423.3799990415573 1583.790003567934 401.489999294281 0 172.359999448061 1182.300004273653 206.30999712646008 975.990007147193 0 0 573.849998742342 975.990007147193 206.30999712646008 251.01999959349632 401.489999294281 0 975.990007147193 0 0 0 0 0 975.990007147193 0 0 0 206.30999712646008 172.359999448061 0 0 0 0 120.0799989104271 281.4100003838539 0 0 0 296.00999791920185 1518.3500056415796 2007.1700026094913 -4.999999720603228 -4.939999967813492 -4.639999825507402 -5.2299996837973595 -5.699999962002039 -4.109999794512987 203 5 11 3 0 1 8 2 6 0 0 4 6 2 4 3 0 6 0 0 0 0 0 6 0 0 0 2 1 0 0 0 0 1 2 0 0 0 645.3799966722727 1768.010003760457 401.489999294281 0 172.359999448061 1366.520004466176 390.5299973189831 975.990007147193 0 0 573.849998742342 975.990007147193 390.5299973189831 473.0199972242117 401.489999294281 0 975.990007147193 0 0 0 0 0 975.990007147193 0 0 0 390.5299973189831 172.359999448061 0 0 0 0 120.0799989104271 281.4100003838539 0 0 0 351.4399971216917 1841.920004889369 2413.3900004327297 -3.9999996535480022 -5.879999950528145 -3.279999788850546 -4.959999602288008 -7.239999935030937 -2.5699997507035732
204 0 1 1 0 0 0 0 0 0 0 1 0 0 0 1 0 0 0 0 0 0 0 0 0 0 0 0 0 0 0 0 0 0 1 0 0 0 0 145.69000190496445 145.69000190496445 0 0 0 0 0 0 0 145.69000190496445 0 0 0 145.69000190496445 0 0 0 0 0 0 0 0 0 0 0 0 0 0 0 0 0 0 145.69000190496445 0 0 0 28.89999955892563 100.15000200271606 145.69000190496445 -7.450580596923828e-9 -0.3999999985098839 -1.4901161193847656e-8 -0.21000000834465027 -0.4699999988079071 -0.14000001549720764 204 0 5 3 0 0 2 1 1 0 0 3 1 1 0 3 0 1 0 0 0 0 0 1 0 0 0 1 0 0 0 0 0 1 2 0 0 0 0 779.659998819232 401.489999294281 0 0 378.169999524951 206.30999712646008 171.8600023984909 0 0 401.489999294281 171.8600023984909 206.30999712646008 0 401.489999294281 0 171.8600023984909 0 0 0 0 0 171.8600023984909 0 0 0 206.30999712646008 0 0 0 0 0 120.0799989104271 281.4100003838539 0 0 0 114.17999982833862 575.0100000202656 779.659998819232 4.842877388000488e-8 -1.9999999925494194 1.1175870895385742e-8 0.020000051707029343 -1.8799999952316284 -0.09999998286366463 204 0 7 3 0 0 4 1 3 0 0 3 3 1 0 3 0 3 0 0 0 0 0 3 0 0 0 1 0 0 0 0 0 1 2 0 0 0 0 1115.930002272129 401.489999294281 0 0 714.440002977848 206.30999712646008 508.130005851388 0 0 401.489999294281 508.130005851388 206.30999712646008 0 401.489999294281 0 508.130005851388 0 0 0 0 0 508.130005851388 0 0 0 206.30999712646008 0 0 0 0 0 120.0799989104271 281.4100003838539 0 0 0 164.03999888896942 833.1900042593479 1115.930002272129 -1.9999998770654202 -2.799999989569187 -1.9999999292194843 -1.9399998672306538 -2.8199999928474426 -1.9199999161064625 204 2 9 3 0 1 6 1 5 0 0 4 5 1 1 3 0 5 0 0 0 0 0 5 0 0 0 1 1 0 0 0 0 1 2 0 0 0 304.23000010848045 1418.2500015497208 401.489999294281 0 172.359999448061 1016.7600022554398 206.30999712646008 810.4500051289797 0 0 573.849998742342 810.4500051289797 206.30999712646008 131.87000066041946 401.489999294281 0 810.4500051289797 0 0 0 0 0 810.4500051289797 0 0 0 206.30999712646008 172.359999448061 0 0 0 0 120.0799989104271 281.4100003838539 0 0 0 239.8999976068735 1326.100004926324 1722.4800016582012 -3.999999776482582 -4.269999977201223 -3.819999862462282 -4.409999746829271 -5.0299999713897705 -3.4699998386204243 204 3 10 3 0 1 7 2 5 0 0 4 5 2 2 3 0 5 0 0 0 0 0 5 0 0 0 2 1 0 0 0 0 1 2 0 0 0 423.3799990415573 1602.4700017422438 401.489999294281 0 172.359999448061 1200.9800024479628 390.5299973189831 810.4500051289797 0 0 573.849998742342 810.4500051289797 390.5299973189831 251.01999959349632 401.489999294281 0 810.4500051289797 0 0 0 0 0 810.4500051289797 0 0 0 390.5299973189831 172.359999448061 0 0 0 0 120.0799989104271 281.4100003838539 0 0 0 281.8099972009659 1572.9400045126677 2025.850000783801 -2.999999728053808 -4.939999967813492 -2.639999832957983 -3.609999693930149 -5.769999962300062 -2.1099998019635677 204 4 12 4 0 1 8 2 6 0 0 4 7 2 3 3 1 6 0 0 0 0 0 6 0 0 0 2 1 0 0 1 0 1 2 0 0 0 543.3199971318245 1952.1000042110682 585.5799997448921 0 172.359999448061 1366.520004466176 390.5299973189831 975.990007147193 0 0 573.849998742342 1160.080007597804 390.5299973189831 370.9599976837635 401.489999294281 184.09000045061111 975.990007147193 0 0 0 0 0 975.990007147193 0 0 0 390.5299973189831 172.359999448061 0 0 184.09000045061111 0 120.0799989104271 281.4100003838539 0 0 0 354.63999858498573 1920.8900046795607 2495.4200013428926 -3.999999664723873 -6.009999956935644 -3.4599997960031033 -4.669999599456787 -7.43999994173646 -2.389999743551016
205 0 1 0 0 0 1 1 0 0 0 0 0 1 0 0 0 0 0 0 0 0 0 0 0 0 0 1 0 0 0 0 0 0 0 0 0 0 0 206.30999712646008 0 0 0 206.30999712646008 206.30999712646008 0 0 0 0 0 206.30999712646008 0 0 0 0 0 0 0 0 0 0 0 0 0 206.30999712646008 0 0 0 0 0 0 0 0 0 0 23.810000896453857 174.3999961912632 206.30999712646008 1.0000000298023224 -0.3999999985098839 1.0000000223517418 1.4000000283122063 0.0 1.0000000223517418 205 0 5 2 0 0 3 1 2 0 0 2 2 1 0 2 0 2 0 0 0 0 0 2 0 0 0 1 0 0 0 0 0 0 2 0 0 0 0 822.5600003004074 281.4100003838539 0 0 541.1499999165535 206.30999712646008 334.8400027900934 0 0 281.4100003838539 334.8400027900934 206.30999712646008 0 281.4100003838539 0 334.8400027900934 0 0 0 0 0 334.8400027900934 0 0 0 206.30999712646008 0 0 0 0 0 0 281.4100003838539 0 0 0 116.94999998807907 621.0800012648106 822.5600003004074 -0.9999999105930328 -1.9999999925494194 -0.9999999478459358 -0.9799999073147774 -1.8799999952316284 -1.0999999418854713 205 0 7 3 0 0 4 1 3 0 0 3 3 1 0 3 0 3 0 0 0 0 0 3 0 0 0 1 0 0 0 0 0 1 2 0 0 0 0 1088.0899962633848 401.489999294281 0 0 686.5999969691038 206.30999712646008 480.28999984264374 0 0 401.489999294281 480.28999984264374 206.30999712646008 0 401.489999294281 0 480.28999984264374 0 0 0 0 0 480.28999984264374 0 0 0 206.30999712646008 0 0 0 0 0 120.0799989104271 281.4100003838539 0 0 0 154.88999927043915 821.0199983268976 1088.0899962633848 -1.9999998770654202 -2.799999989569187 -1.9999999292194843 -2.119999874383211 -2.8199999928474426 -2.09999992325902 205 2 9 3 0 1 6 2 4 0 0 4 4 2 1 3 0 4 0 0 0 0 0 4 0 0 0 2 1 0 0 0 0 1 2 0 0 0 304.23000010848045 1445.5999995172024 401.489999294281 0 172.359999448061 1044.1100002229214 390.5299973189831 653.5800029039383 0 0 573.849998742342 653.5800029039383 390.5299973189831 131.87000066041946 401.489999294281 0 653.5800029039383 0 0 0 0 0 653.5800029039383 0 0 0 390.5299973189831 172.359999448061 0 0 0 0 120.0799989104271 281.4100003838539 0 0 0 243.4699975401163 1360.0100032538176 1749.8299996256828 -1.9999997839331627 -4.269999977201223 -1.8199998699128628 -2.209999766200781 -4.519999980926514 -1.4699998460710049 205 3 10 3 0 1 7 2 5 0 0 4 5 2 2 3 0 5 0 0 0 0 0 5 0 0 0 2 1 0 0 0 0 1 2 0 0 0 424.16999819874763 1602.4700017422438 401.489999294281 0 172.359999448061 1200.9800024479628 390.5299973189831 810.4500051289797 0 0 573.849998742342 810.4500051289797 390.5299973189831 251.80999875068665 401.489999294281 0 810.4500051289797 0 0 0 0 0 810.4500051289797 0 0 0 390.5299973189831 172.359999448061 0 0 0 0 120.0799989104271 281.4100003838539 0 0 0 274.1299974024296 1582.130003735423 2026.6399999409914 -2.999999728053808 -4.939999967813492 -2.639999832957983 -4.139999683946371 -6.299999952316284 -2.1099998019635677 205 5 11 4 0 2 7 2 5 0 1 4 6 2 3 3 1 5 0 0 0 0 0 5 0 0 0 2 1 0 0 1 0 1 2 1 0 0 678.1599982380867 1786.5600021928549 585.5799997448921 0 307.2000005543232 1200.9800024479628 390.5299973189831 810.4500051289797 0 134.8400011062622 573.849998742342 994.5400055795908 390.5299973189831 370.9599976837635 401.489999294281 184.09000045061111 810.4500051289797 0 0 0 0 0 810.4500051289797 0 0 0 390.5299973189831 172.359999448061 0 0 184.09000045061111 0 120.0799989104271 281.4100003838539 134.8400011062622 0 0 335.18999791145325 1922.9600043743849 2464.7200004309416 -2.9999996945261955 -6.009999956935644 -2.4599998258054256 -3.3599996343255043 -7.039999943226576 -1.479999776929617
206 0 1 1 0 0 0 0 0 0 0 1 0 0 0 1 0 0 0 0 0 0 0 0 0 0 0 0 0 0 0 0 0 0 1 0 0 0 0 135.71999847888947 135.71999847888947 0 0 0 0 0 0 0 135.71999847888947 0 0 0 135.71999847888947 0 0 0 0 0 0 0 0 0 0 0 0 0 0 0 0 0 0 135.71999847888947 0 0 0 18.62000024318695 87.12999892234802 135.71999847888947 -7.450580596923828e-9 -0.3999999985098839 -1.4901161193847656e-8 -0.21000000834465027 -0.4699999988079071 -0.14000001549720764 206 0 5 2 0 0 3 1 2 0 0 2 2 1 0 2 0 2 0 0 0 0 0 2 0 0 0 1 0 0 0 0 0 0 2 0 0 0 0 796.1499949544668 281.4100003838539 0 0 514.7399945706129 206.30999712646008 308.42999744415283 0 0 281.4100003838539 308.42999744415283 206.30999712646008 0 281.4100003838539 0 308.42999744415283 0 0 0 0 0 308.42999744415283 0 0 0 206.30999712646008 0 0 0 0 0 0 281.4100003838539 0 0 0 112.04000014066696 607.6899954229593 796.1499949544668 -0.9999999105930328 -1.9999999925494194 -0.9999999478459358 -1.1599999144673347 -1.8799999952316284 -1.2799999490380287 206 1 6 2 0 1 4 1 3 0 0 3 3 1 0 2 0 3 0 0 0 0 0 3 0 0 0 1 1 0 0 0 0 0 2 0 0 0 172.359999448061 968.0099973529577 281.4100003838539 0 172.359999448061 686.5999969691038 206.30999712646008 480.28999984264374 0 0 453.7699998319149 480.28999984264374 206.30999712646008 0 281.4100003838539 0 480.28999984264374 0 0 0 0 0 480.28999984264374 0 0 0 206.30999712646008 172.359999448061 0 0 0 0 0 281.4100003838539 0 0 0 154.1199991106987 882.6099989563227 1140.3699968010187 -1.9999998658895493 -2.799999989569187 -1.9999999180436134 -2.0299998596310616 -2.8199999928474426 -2.0099999085068703 206 2 9 3 0 1 6 2 4 0 0 4 4 2 1 3 0 4 0 0 0 0 0 4 0 0 0 2 1 0 0 0 0 1 2 0 0 0 292.29999753832817 1445.5999995172024 401.489999294281 0 172.359999448061 1044.1100002229214 390.5299973189831 653.5800029039383 0 0 573.849998742342 653.5800029039383 390.5299973189831 119.93999809026718 401.489999294281 0 653.5800029039383 0 0 0 0 0 653.5800029039383 0 0 0 390.5299973189831 172.359999448061 0 0 0 0 120.0799989104271 281.4100003838539 0 0 0 235.43999780714512 1350.7500007599592 1737.8999970555305 -1.9999997839331627 -4.269999977201223 -1.8199998699128628 -2.7199997566640377 -5.0299999713897705 -1.4699998460710049 206 3 10 4 0 1 6 2 4 0 0 4 5 2 2 3 1 4 0 0 0 0 0 4 0 0 0 2 1 0 0 1 0 1 2 0 0 0 424.16999819874763 1629.6899999678135 585.5799997448921 0 172.359999448061 1044.1100002229214 390.5299973189831 653.5800029039383 0 0 573.849998742342 837.6700033545494 390.5299973189831 251.80999875068665 401.489999294281 184.09000045061111 653.5800029039383 0 0 0 0 0 653.5800029039383 0 0 0 390.5299973189831 172.359999448061 0 0 184.09000045061111 0 120.0799989104271 281.4100003838539 0 0 0 283.1199982315302 1597.8900020569563 2053.859998166561 -1.9999997578561306 -4.939999967813492 -1.6399998627603054 -2.4499997161328793 -5.789999961853027 -0.9299998246133327 206 5 12 4 0 2 8 2 6 0 1 4 7 2 3 3 1 6 0 0 0 0 0 6 0 0 0 2 1 0 0 1 0 1 2 1 0 0 678.1599982380867 1968.1900020688772 585.5799997448921 0 307.2000005543232 1382.610002323985 390.5299973189831 992.080005005002 0 134.8400011062622 573.849998742342 1176.1700054556131 390.5299973189831 370.9599976837635 401.489999294281 184.09000045061111 992.080005005002 0 0 0 0 0 992.080005005002 0 0 0 390.5299973189831 172.359999448061 0 0 184.09000045061111 0 120.0799989104271 281.4100003838539 134.8400011062622 0 0 364.72999703884125 2062.3100055903196 2646.350000306964 -3.9999996572732925 -6.409999955445528 -3.4599997960031033 -4.4299995973706245 -7.509999942034483 -2.4799997471272945
207 0 1 0 0 0 1 0 1 0 0 0 1 0 0 0 0 1 0 0 0 0 0 1 0 0 0 0 0 0 0 0 0 0 0 0 0 0 0 162.98000039160252 0 0 0 162.98000039160252 0 162.98000039160252 0 0 0 162.98000039160252 0 0 0 0 162.98000039160252 0 0 0 0 0 162.98000039160252 0 0 0 0 0 0 0 0 0 0 0 0 0 0 31.679999589920044 118.42000102996826 162.98000039160252 -0.999999962747097 -0.3999999985098839 -0.9999999701976776 -1.0699999630451202 -0.4699999988079071 -0.9999999701976776 207 1 4 1 0 1 3 1 2 0 0 2 2 1 0 1 0 2 0 0 0 0 0 2 0 0 0 1 1 0 0 0 0 0 1 0 0 0 172.359999448061 650.4599930495024 135.71999847888947 0 172.359999448061 514.7399945706129 206.30999712646008 308.42999744415283 0 0 308.07999792695045 308.42999744415283 206.30999712646008 0 135.71999847888947 0 308.42999744415283 0 0 0 0 0 308.42999744415283 0 0 0 206.30999712646008 172.359999448061 0 0 0 0 0 135.71999847888947 0 0 0 111.27999985218048 641.4799938350916 822.8199924975634 -0.9999998956918716 -1.9999999925494194 -0.9999999329447746 -0.9299998953938484 -1.8799999952316284 -1.0499999299645424 207 1 6 2 0 1 4 2 2 0 0 3 2 2 0 2 0 2 0 0 0 0 0 2 0 0 0 2 1 0 0 0 0 0 2 0 0 0 172.359999448061 980.3699951469898 281.4100003838539 0 172.359999448061 698.9599947631359 390.5299973189831 308.42999744415283 0 0 453.7699998319149 308.42999744415283 390.5299973189831 0 281.4100003838539 0 308.42999744415283 0 0 0 0 0 308.42999744415283 0 0 0 390.5299973189831 172.359999448061 0 0 0 0 0 281.4100003838539 0 0 0 159.1599993854761 906.28999607265 1152.7299945950508 1.2665987014770508e-7 -2.799999989569187 7.450580596923828e-8 -0.33999986946582794 -2.8199999928474426 -0.009999915957450867 207 2 9 4 0 1 5 2 3 0 0 4 4 2 1 3 1 3 0 0 0 0 0 3 0 0 0 2 1 0 0 1 0 1 2 0 0 0 292.29999753832817 1456.399996906519 585.5799997448921 0 172.359999448061 870.8199971616268 390.5299973189831 480.28999984264374 0 0 573.849998742342 664.3800002932549 390.5299973189831 119.93999809026718 401.489999294281 184.09000045061111 480.28999984264374 0 0 0 0 0 480.28999984264374 0 0 0 390.5299973189831 172.359999448061 0 0 184.09000045061111 0 120.0799989104271 281.4100003838539 0 0 0 241.65999920666218 1357.499997779727 1748.699994444847 -0.9999998137354851 -4.269999977201223 -0.8199998997151852 -1.5399997793138027 -5.0299999713897705 -0.2899998687207699 207 3 11 4 0 2 7 2 5 0 1 4 6 2 1 3 1 5 0 0 0 0 0 5 0 0 0 2 1 0 0 1 0 1 2 1 0 0 427.1399986445904 1811.3199998438358 585.5799997448921 0 307.2000005543232 1225.7400000989437 390.5299973189831 835.2100027799606 0 134.8400011062622 573.849998742342 1019.3000032305717 390.5299973189831 119.93999809026718 401.489999294281 184.09000045061111 835.2100027799606 0 0 0 0 0 835.2100027799606 0 0 0 390.5299973189831 172.359999448061 0 0 184.09000045061111 0 120.0799989104271 281.4100003838539 134.8400011062622 0 0 303.1099978238344 1748.7500032633543 2238.459998488426 -2.9999997317790985 -5.469999972730875 -2.8199998401105404 -3.0099996887147427 -5.969999969005585 -2.019999798387289 207 4 14 4 0 2 10 3 7 0 1 4 8 3 2 3 1 7 0 0 0 0 0 7 0 0 0 3 1 0 0 1 0 1 2 1 0 0 559.0099993050098 2261.920002281666 585.5799997448921 0 307.2000005543232 1676.3400025367737 566.3899956196547 1109.950006917119 0 134.8400011062622 573.849998742342 1294.0400073677301 566.3899956196547 251.80999875068665 401.489999294281 184.09000045061111 1109.950006917119 0 0 0 0 0 1109.950006917119 0 0 0 566.3899956196547 172.359999448061 0 0 184.09000045061111 0 120.0799989104271 281.4100003838539 134.8400011062622 0 0 383.1999967992306 2202.9200065135956 2820.9300015866756 -3.9999996088445187 -6.939999960362911 -3.6399997510015965 -4.429999563843012 -7.7099999487400055 -2.9899997152388096
208 0 1 0 0 0 1 0 1 0 0 0 1 0 0 0 0 1 0 0 0 0 0 1 0 0 0 0 0 0 0 0 0 0 0 0 0 0 0 145.44999705255032 0 0 0 145.44999705255032 0 145.44999705255032 0 0 0 145.44999705255032 0 0 0 0 145.44999705255032 0 0 0 0 0 145.44999705255032 0 0 0 0 0 0 0 0 0 0 0 0 0 0 9.029999852180481 127.58999727666378 145.44999705255032 -0.999999962747097 -0.3999999985098839 -0.9999999701976776 -1.0699999630451202 -0.4699999988079071 -0.9999999701976776 208 1 4 1 0 1 3 1 2 0 0 2 2 1 0 1 0 2 0 0 0 0 0 2 0 0 0 1 1 0 0 0 0 0 1 0 0 0 172.359999448061 628.3699961155653 135.71999847888947 0 172.359999448061 492.64999763667583 184.220000192523 308.42999744415283 0 0 308.07999792695045 308.42999744415283 184.220000192523 0 135.71999847888947 0 308.42999744415283 0 0 0 0 0 308.42999744415283 0 0 0 184.220000192523 172.359999448061 0 0 0 0 0 135.71999847888947 0 0 0 106.44999893009663 631.7399978786707 800.7299955636263 -0.9999998956918716 -1.9999999925494194 -0.9999999329447746 -1.529999889433384 -2.3499999940395355 -0.869999922811985 208 2 5 1 0 1 4 2 2 0 0 2 2 2 1 1 0 2 0 0 0 0 0 2 0 0 0 2 1 0 0 0 0 0 1 0 0 0 292.29999753832817 834.6799932420254 135.71999847888947 0 172.359999448061 698.9599947631359 390.5299973189831 308.42999744415283 0 0 308.07999792695045 308.42999744415283 390.5299973189831 119.93999809026718 135.71999847888947 0 308.42999744415283 0 0 0 0 0 308.42999744415283 0 0 0 390.5299973189831 172.359999448061 0 0 0 0 0 135.71999847888947 0 0 0 145.50999964773655 897.5099926441908 1126.9799907803535 1.5273690223693848e-7 -2.669999983161688 0.18000009655952454 -0.6599998325109482 -3.149999976158142 0.31000010669231415 208 3 8 3 0 2 5 2 3 0 1 3 4 2 1 2 1 3 0 0 0 0 0 3 0 0 0 2 1 0 0 1 0 0 2 1 0 0 427.1399986445904 1336.3199979960918 465.500000834465 0 307.2000005543232 870.8199971616268 390.5299973189831 480.28999984264374 0 134.8400011062622 453.7699998319149 664.3800002932549 390.5299973189831 119.93999809026718 281.4100003838539 184.09000045061111 480.28999984264374 0 0 0 0 0 480.28999984264374 0 0 0 390.5299973189831 172.359999448061 0 0 184.09000045061111 0 0 281.4100003838539 134.8400011062622 0 0 226.47999979555607 1397.2899990528822 1763.4599966406822 -0.9999998025596142 -4.269999977201223 -0.8199998885393143 -0.979999765753746 -4.559999972581863 -0.1999998539686203 208 3 10 4 0 2 6 2 4 0 1 4 5 2 1 3 1 4 0 0 0 0 0 4 0 0 0 2 1 0 0 1 0 1 2 1 0 0 427.1399986445904 1638.0299967825413 585.5799997448921 0 307.2000005543232 1052.4499970376492 390.5299973189831 661.9199997186661 0 134.8400011062622 573.849998742342 846.0100001692772 390.5299973189831 119.93999809026718 401.489999294281 184.09000045061111 661.9199997186661 0 0 0 0 0 661.9199997186661 0 0 0 390.5299973189831 172.359999448061 0 0 184.09000045061111 0 120.0799989104271 281.4100003838539 134.8400011062622 0 0 284.92999835312366 1608.9900000542402 2065.1699954271317 -1.9999997690320015 -5.069999974220991 -1.8199998699128628 -2.11999973282218 -5.499999970197678 -1.1999998353421688 208 4 14 5 0 2 9 3 6 0 1 4 8 3 2 3 2 6 0 0 0 0 0 6 0 0 0 3 1 0 1 1 0 1 2 1 0 0 559.0099993050098 2221.3499990552664 701.8799987435341 0 307.2000005543232 1519.4700003117323 566.3899956196547 953.0800046920776 0 134.8400011062622 573.849998742342 1253.4700041413307 566.3899956196547 251.80999875068665 401.489999294281 300.3899994492531 953.0800046920776 0 0 0 0 0 953.0800046920776 0 0 0 566.3899956196547 172.359999448061 0 116.29999899864197 184.09000045061111 0 120.0799989104271 281.4100003838539 134.8400011062622 0 0 370.67999674379826 2177.620003581047 2780.359998360276 -2.999999638646841 -6.939999960362911 -2.639999780803919 -2.9399996139109135 -6.7299999594688416 -2.1699997521936893
209 1 0 0 0 1 0 0 0 0 0 1 0 0 0 0 0 0 0 0 0 0 0 0 0 0 0 0 1 0 0 0 0 0 0 0 0 0 172.359999448061 0 0 0 172.359999448061 0 0 0 0 0 172.359999448061 0 0 0 0 0 0 0 0 0 0 0 0 0 0 0 0 172.359999448061 0 0 0 0 0 0 0 0 0 28.139999270439148 133.94000041484833 172.359999448061 7.450580596923828e-9 -0.3999999985098839 0.0 0.02000001072883606 -0.4699999988079071 0.09000000357627869 209 2 3 0 0 1 3 1 2 0 0 1 2 1 1 0 0 2 0 0 0 0 0 2 0 0 0 1 1 0 0 0 0 0 0 0 0 0 292.29999753832817 492.64999763667583 0 0 172.359999448061 492.64999763667583 184.220000192523 308.42999744415283 0 0 172.359999448061 308.42999744415283 184.220000192523 119.93999809026718 0 0 308.42999744415283 0 0 0 0 0 308.42999744415283 0 0 0 184.220000192523 172.359999448061 0 0 0 0 0 0 0 0 0 103.07999850809574 635.9799975305796 784.949995175004 -0.9999998696148396 -1.86999998614192 -0.8199999108910561 -1.8499998524785042 -2.679999977350235 -0.54999990016222 209 2 5 2 0 1 3 1 2 0 0 2 3 1 1 1 1 2 0 0 0 0 0 2 0 0 0 1 1 0 0 1 0 0 1 0 0 0 292.29999753832817 812.4599965661764 319.8099989295006 0 172.359999448061 492.64999763667583 184.220000192523 308.42999744415283 0 0 308.07999792695045 492.51999789476395 184.220000192523 119.93999809026718 135.71999847888947 184.09000045061111 308.42999744415283 0 0 0 0 0 308.42999744415283 0 0 0 184.220000192523 172.359999448061 0 0 184.09000045061111 0 0 135.71999847888947 0 0 0 146.0999996215105 869.6199966818094 1104.7599941045046 -0.9999998696148396 -2.669999983161688 -0.8199999257922173 -1.7699998393654823 -3.619999974966049 -0.3299999013543129 209 3 8 3 0 2 5 2 3 0 1 3 4 2 1 2 1 3 0 0 0 0 0 3 0 0 0 2 1 0 0 1 0 0 2 1 0 0 427.1399986445904 1346.0899954736233 465.500000834465 0 307.2000005543232 880.5899946391582 390.5299973189831 490.05999732017517 0 134.8400011062622 453.7699998319149 674.1499977707863 390.5299973189831 119.93999809026718 281.4100003838539 184.09000045061111 490.05999732017517 0 0 0 0 0 490.05999732017517 0 0 0 390.5299973189831 172.359999448061 0 0 184.09000045061111 0 0 281.4100003838539 134.8400011062622 0 0 242.07999922335148 1395.659997150302 1773.2299941182137 -0.9999998025596142 -4.269999977201223 -0.8199998885393143 -1.1599997729063034 -4.559999972581863 -0.3799998611211777 209 3 11 3 0 2 8 3 5 0 1 3 6 3 1 2 1 5 0 0 0 0 0 5 0 0 0 3 1 0 0 1 0 0 2 1 0 0 427.1399986445904 1811.6799980849028 465.500000834465 0 307.2000005543232 1346.1799972504377 566.3899956196547 779.7900016307831 0 134.8400011062622 453.7699998319149 963.8800020813942 566.3899956196547 119.93999809026718 281.4100003838539 184.09000045061111 779.7900016307831 0 0 0 0 0 779.7900016307831 0 0 0 566.3899956196547 172.359999448061 0 0 184.09000045061111 0 0 281.4100003838539 134.8400011062622 0 0 297.41999830305576 1759.4300005435944 2238.819996729493 -1.9999996982514858 -5.469999972730875 -1.8199998065829277 -2.049999676644802 -5.499999970197678 -1.5299997851252556 209 4 16 6 0 3 10 4 6 0 1 6 8 3 1 4 2 6 0 0 0 0 0 6 0 1 0 3 2 0 1 1 0 2 2 1 0 0 552.3399959802628 2438.539999857545 762.3700001239777 0 432.3999978899956 1676.1699997335672 723.0899950414896 953.0800046920776 0 134.8400011062622 759.539997458458 1253.4700041413307 566.3899956196547 119.93999809026718 461.9800006747246 300.3899994492531 953.0800046920776 0 0 0 0 0 953.0800046920776 0 156.69999942183495 0 566.3899956196547 297.55999678373337 0 116.29999899864197 184.09000045061111 0 180.57000029087067 281.4100003838539 134.8400011062622 0 0 396.9199964851141 2331.0600020587444 2990.8799958378077 -1.9999996349215508 -7.869999963790178 -1.8199997879564762 -1.7199996076524258 -7.309999965131283 -1.1699997521936893
210 0 1 0 0 0 1 1 0 0 0 0 0 1 0 0 0 0 0 0 0 0 0 0 0 0 0 1 0 0 0 0 0 0 0 0 0 0 0 184.220000192523 0 0 0 184.220000192523 184.220000192523 0 0 0 0 0 184.220000192523 0 0 0 0 0 0 0 0 0 0 0 0 0 184.220000192523 0 0 0 0 0 0 0 0 0 0 18.979999974370003 164.6600002348423 184.220000192523 1.0000000298023224 -0.3999999985098839 1.0000000223517418 0.8000000342726707 -0.4699999988079071 1.1800000295042992 210 2 3 1 0 1 2 1 1 0 0 1 2 1 1 0 1 1 0 0 0 0 0 1 0 0 0 1 1 0 0 1 0 0 0 0 0 0 292.29999753832817 513.7599976956844 184.09000045061111 0 172.359999448061 329.6699972450733 184.220000192523 145.44999705255032 0 0 172.359999448061 329.53999750316143 184.220000192523 119.93999809026718 0 184.09000045061111 145.44999705255032 0 0 0 0 0 145.44999705255032 0 0 0 184.220000192523 172.359999448061 0 0 184.09000045061111 0 0 0 0 0 0 95.79999978840351 664.0699967294931 806.0599952340126 1.0058283805847168e-7 -1.86999998614192 0.18000005930662155 -0.4899998679757118 -2.679999977350235 0.8100000843405724 210 3 4 1 0 2 3 1 2 0 1 1 3 1 1 0 1 2 0 0 0 0 0 2 0 0 0 1 1 0 0 1 0 0 0 1 0 0 427.1399986445904 676.739998087287 184.09000045061111 0 307.2000005543232 492.64999763667583 184.220000192523 308.42999744415283 0 134.8400011062622 172.359999448061 492.51999789476395 184.220000192523 119.93999809026718 0 184.09000045061111 308.42999744415283 0 0 0 0 0 308.42999744415283 0 0 0 184.220000192523 172.359999448061 0 0 184.09000045061111 0 0 0 134.8400011062622 0 0 141.20999939739704 894.6299988180399 1103.8799967318773 -0.9999998547136784 -2.669999983161688 -0.8199999108910561 -1.069999821484089 -3.149999976158142 -0.09999988228082657 210 3 8 2 0 2 6 2 4 0 1 2 5 2 1 1 1 4 0 0 0 0 0 4 0 0 0 2 1 0 0 1 0 0 1 1 0 0 427.1399986445904 1318.2699954807758 319.8099989295006 0 307.2000005543232 998.4599965512753 390.5299973189831 607.9299992322922 0 134.8400011062622 308.07999792695045 792.0199996829033 390.5299973189831 119.93999809026718 135.71999847888947 184.09000045061111 607.9299992322922 0 0 0 0 0 607.9299992322922 0 0 0 390.5299973189831 172.359999448061 0 0 184.09000045061111 0 0 135.71999847888947 134.8400011062622 0 0 225.8499997407198 1392.0199968069792 1745.4099941253662 -1.9999997578561306 -4.269999977201223 -1.8199998438358307 -1.4599997252225876 -4.089999973773956 -1.149999812245369 210 3 11 4 0 2 7 3 4 0 1 3 6 3 1 2 2 4 0 0 0 0 0 4 0 0 0 3 1 0 1 1 0 0 2 1 0 0 427.1399986445904 1756.1199946850538 581.799999833107 0 307.2000005543232 1174.3199948519468 566.3899956196547 607.9299992322922 0 134.8400011062622 453.7699998319149 908.3199986815453 566.3899956196547 119.93999809026718 281.4100003838539 300.3899994492531 607.9299992322922 0 0 0 0 0 607.9299992322922 0 0 0 566.3899956196547 172.359999448061 0 116.29999899864197 184.09000045061111 0 0 281.4100003838539 134.8400011062622 0 0 286.36999858915806 1723.8999963998795 2183.259993329644 -0.9999997280538082 -5.469999972730875 -0.8199998363852501 -1.0699997171759605 -5.0299999713897705 -0.7099998220801353 210 10 24 11 2 7 13 6 7 0 3 10 11 3 2 6 4 7 0 2 1 0 0 7 1 3 0 3 4 0 2 2 0 4 2 2 0 1 775.3399981707335 3057.79999768734 1176.6299991309643 135.26000110805035 597.2699995785952 1881.1699985563755 902.429997086525 978.7400014698505 0 160.33000077307224 1043.169997870922 1441.7400011867285 566.3899956196547 150.20999783277512 606.2299990653992 462.99999971687794 978.7400014698505 0 135.26000110805035 23.52999973297119 0 0 978.7400014698505 27.860000759363174 336.0400014668703 0 566.3899956196547 436.9399988055229 0 158.71999937295914 304.2800003439188 0 324.81999868154526 281.4100003838539 136.80000104010105 0 107.40000034868717 467.66999830305576 3066.1100010424852 3833.1399958580732 -0.9999995045363903 -13.339999936521053 -0.6399997659027576 -1.469999473541975 -10.329999916255474 0.8500003032386303
211 1 0 0 0 0 0 0 0 0 0 0 0 0 1 0 0 0 0 0 0 0 0 0 0 0 0 0 0 0 0 0 0 0 0 0 0 0 119.93999809026718 0 0 0 0 0 0 0 0 0 0 0 0 119.93999809026718 0 0 0 0 0 0 0 0 0 0 0 0 0 0 0 0 0 0 0 0 0 0 0 15.249999821186066 91.3699985742569 119.93999809026718 1.862645149230957e-8 -0.26999999210238457 0.18000000715255737 -0.5299999713897705 -0.7999999821186066 0.18000000715255737 211 3 2 1 0 2 1 1 0 0 1 1 1 1 1 0 1 0 0 0 0 0 0 0 0 0 0 1 1 0 0 1 0 0 0 1 0 0 427.1399986445904 368.3100006431341 184.09000045061111 0 307.2000005543232 184.220000192523 184.220000192523 0 0 134.8400011062622 172.359999448061 184.09000045061111 184.220000192523 119.93999809026718 0 184.09000045061111 0 0 0 0 0 0 0 0 0 0 184.220000192523 172.359999448061 0 0 184.09000045061111 0 0 0 134.8400011062622 0 0 100.49999995529652 648.6200005114079 795.4499992877245 1.0000000707805157 -1.86999998614192 1.1800000295042992 1.0700001046061516 -2.209999978542328 1.9000000581145287 211 3 4 1 0 2 3 1 2 0 1 1 3 1 1 0 1 2 0 0 0 0 0 2 0 0 0 1 1 0 0 1 0 0 0 1 0 0 427.1399986445904 695.3899975717068 184.09000045061111 0 307.2000005543232 511.29999712109566 184.220000192523 327.07999692857265 0 134.8400011062622 172.359999448061 511.16999737918377 184.220000192523 119.93999809026718 0 184.09000045061111 327.07999692857265 0 0 0 0 0 327.07999692857265 0 0 0 184.220000192523 172.359999448061 0 0 184.09000045061111 0 0 0 134.8400011062622 0 0 139.069998934865 915.5599990040064 1122.5299962162971 -0.9999998547136784 -2.669999983161688 -0.8199999108910561 -1.069999821484089 -3.149999976158142 -0.09999988228082657 211 3 8 2 0 2 6 2 4 0 1 2 5 2 1 1 1 4 0 0 0 0 0 4 0 0 0 2 1 0 0 1 0 0 1 1 0 0 427.1399986445904 1287.8199966549873 319.8099989295006 0 307.2000005543232 968.0099977254868 360.0799984931946 607.9299992322922 0 134.8400011062622 308.07999792695045 792.0199996829033 360.0799984931946 119.93999809026718 135.71999847888947 184.09000045061111 607.9299992322922 0 0 0 0 0 607.9299992322922 0 0 0 360.0799984931946 172.359999448061 0 0 184.09000045061111 0 0 135.71999847888947 134.8400011062622 0 0 230.7699981480837 1343.8999992311 1714.9599952995777 -1.9999997578561306 -4.269999977201223 -1.8199998438358307 -2.3499997407197952 -4.559999972581863 -1.5699998289346695 211 4 11 3 0 3 8 4 4 0 1 3 6 3 1 1 2 4 0 0 0 0 0 4 0 1 0 3 2 0 1 1 0 0 1 1 0 0 552.3399959802628 1767.1299922019243 436.10999792814255 0 432.3999978899956 1331.0199942737818 723.0899950414896 607.9299992322922 0 134.8400011062622 433.27999526262283 908.3199986815453 566.3899956196547 119.93999809026718 135.71999847888947 300.3899994492531 607.9299992322922 0 0 0 0 0 607.9299992322922 0 156.69999942183495 0 566.3899956196547 297.55999678373337 0 116.29999899864197 184.09000045061111 0 0 135.71999847888947 134.8400011062622 0 0 306.9899983257055 1825.8699925243855 2319.469988182187 3.0547380447387695e-7 -5.869999971240759 0.180000189691782 0.25000032410025597 -5.429999969899654 0.6100002117455006 211 8 25 10 2 5 15 7 8 0 2 8 12 4 2 5 4 8 0 2 1 0 0 8 1 3 0 4 3 0 3 1 0 3 2 1 0 1 724.8699977695942 3178.6499990969896 984.1600004285574 135.26000110805035 546.7999991774559 2194.4899986684322 1078.0299985706806 1116.4600000977516 0 158.3700008392334 874.5799984931946 1507.0700000226498 741.9899971038103 150.20999783277512 486.1500001549721 390.60999992489815 1116.4600000977516 0 135.26000110805035 23.52999973297119 0 0 1116.4600000977516 27.860000759363174 336.0400014668703 0 741.9899971038103 388.4299983382225 0 206.51999947428703 184.09000045061111 0 204.73999977111816 281.4100003838539 134.8400011062622 0 107.40000034868717 506.15999878942966 3101.030002012849 3903.519996866584 -0.9999994486570358 -12.93999993801117 -0.6399997025728226 -2.1799994111061096 -10.769999906420708 0.670000359416008
212 0 1 1 0 0 0 0 0 0 0 0 1 0 0 0 1 0 0 0 0 0 0 0 0 0 0 0 0 0 0 1 0 0 0 0 0 0 0 184.09000045061111 184.09000045061111 0 0 0 0 0 0 0 0 184.09000045061111 0 0 0 184.09000045061111 0 0 0 0 0 0 0 0 0 0 0 0 0 0 184.09000045061111 0 0 0 0 0 0 24.400000870227814 146.51000022888184 184.09000045061111 7.450580596923828e-9 -0.3999999985098839 0.0 0.2900000214576721 -0.4699999988079071 0.36000001430511475 212 2 3 1 0 1 2 1 1 0 1 0 2 1 1 0 1 1 0 0 0 0 0 1 0 0 0 1 0 0 0 1 0 0 0 1 0 0 254.7799991965294 549.9400005191565 184.09000045061111 0 134.8400011062622 365.85000006854534 184.220000192523 181.62999987602234 0 134.8400011062622 0 365.72000032663345 184.220000192523 119.93999809026718 0 184.09000045061111 181.62999987602234 0 0 0 0 0 181.62999987602234 0 0 0 184.220000192523 0 0 0 184.09000045061111 0 0 0 134.8400011062622 0 0 101.89999981224537 654.0300013124943 804.7199997156858 1.0058283805847168e-7 -1.86999998614192 0.18000005930662155 -0.019999869167804718 -2.209999978542328 0.8100000843405724 212 3 4 1 0 2 3 1 2 0 1 1 3 1 1 0 1 2 0 0 0 0 0 2 0 0 0 1 1 0 0 1 0 0 0 1 0 0 427.1399986445904 667.8100024312735 184.09000045061111 0 307.2000005543232 483.72000198066235 184.220000192523 299.50000178813934 0 134.8400011062622 172.359999448061 483.59000223875046 184.220000192523 119.93999809026718 0 184.09000045061111 299.50000178813934 0 0 0 0 0 299.50000178813934 0 0 0 184.220000192523 172.359999448061 0 0 184.09000045061111 0 0 0 134.8400011062622 0 0 142.70999915897846 884.4800033867359 1094.9500010758638 -0.9999998547136784 -2.669999983161688 -0.8199999108910561 -0.5099998190999031 -2.679999977350235 -0.009999878704547882 212 3 8 1 0 2 7 3 4 0 1 1 5 2 1 0 1 4 0 0 0 0 0 4 0 1 0 2 1 0 0 1 0 0 0 1 0 0 427.1399986445904 1308.7999975979328 184.09000045061111 0 307.2000005543232 1124.7099971473217 516.7799979150295 607.9299992322922 0 134.8400011062622 172.359999448061 792.0199996829033 360.0799984931946 119.93999809026718 0 184.09000045061111 607.9299992322922 0 0 0 0 0 607.9299992322922 0 156.69999942183495 0 360.0799984931946 172.359999448061 0 0 184.09000045061111 0 0 0 134.8400011062622 0 0 245.58999727666378 1371.050000756979 1735.9399962425232 -0.9999997317790985 -4.269999977201223 -0.8199998177587986 -1.1399997137486935 -4.48999997228384 -0.42999980226159096 212 4 10 2 0 3 8 3 5 0 1 3 6 2 1 1 1 5 0 0 0 0 0 5 0 1 0 2 2 0 0 1 0 0 1 1 0 0 552.3399959802628 1582.2399947047234 319.8099989295006 0 432.3999978899956 1262.4299957752228 516.7799979150295 745.6499978601933 0 134.8400011062622 433.27999526262283 929.7399983108044 360.0799984931946 119.93999809026718 135.71999847888947 184.09000045061111 745.6499978601933 0 0 0 0 0 745.6499978601933 0 156.69999942183495 0 360.0799984931946 297.55999678373337 0 0 184.09000045061111 0 0 135.71999847888947 134.8400011062622 0 0 319.4999974370003 1629.1799965649843 2134.579990684986 -1.9999996945261955 -5.469999972730875 -1.8199998028576374 -2.239999670535326 -5.829999968409538 -1.3899997808039188 212 5 16 5 1 4 11 4 7 0 1 5 9 3 1 2 2 7 0 1 0 0 0 7 0 1 0 3 3 0 1 1 0 0 2 1 0 1 643.2099975347519 2362.8499951660633 689.2000001817942 107.40000034868717 523.2699994444847 1673.6499949842691 723.0899950414896 950.5599999427795 0 134.8400011062622 669.8399987220764 1250.9499993920326 566.3899956196547 119.93999809026718 281.4100003838539 300.3899994492531 950.5599999427795 0 107.40000034868717 0 0 0 950.5599999427795 0 156.69999942183495 0 566.3899956196547 388.4299983382225 0 116.29999899864197 184.09000045061111 0 0 281.4100003838539 134.8400011062622 0 107.40000034868717 413.72999830543995 2350.4199978262186 3006.059992700815 -2.999999590218067 -8.269999962300062 -2.8199997507035732 -2.7799995876848698 -6.699999965727329 -2.4399997256696224
213 1 0 0 0 1 0 0 0 0 1 0 0 0 0 0 0 0 0 0 0 0 0 0 0 0 0 0 0 0 0 0 0 0 0 1 0 0 134.8400011062622 0 0 0 134.8400011062622 0 0 0 0 134.8400011062622 0 0 0 0 0 0 0 0 0 0 0 0 0 0 0 0 0 0 0 0 0 0 0 0 134.8400011062622 0 0 13.730000019073486 112.14000105857849 134.8400011062622 7.450580596923828e-9 -0.3999999985098839 0.0 0.49000000953674316 0.0 0.09000000357627869 213 2 3 1 0 1 2 0 2 0 1 0 3 0 1 0 1 2 0 0 0 0 0 2 0 0 0 0 0 0 0 1 0 0 0 1 0 0 254.7799991965294 483.59000223875046 184.09000045061111 0 134.8400011062622 299.50000178813934 0 299.50000178813934 0 134.8400011062622 0 483.59000223875046 0 119.93999809026718 0 184.09000045061111 299.50000178813934 0 0 0 0 0 299.50000178813934 0 0 0 0 0 0 0 184.09000045061111 0 0 0 134.8400011062622 0 0 95.58999991416931 585.8800027370453 738.3700014352798 -1.9999998919665813 -1.86999998614192 -1.8199999332427979 -1.32999986410141 -1.7399999797344208 -1.2799999117851257 213 2 5 1 0 1 4 2 2 0 1 0 3 2 1 0 1 2 0 0 0 0 0 2 0 0 0 2 0 0 0 1 0 0 0 1 0 0 254.7799991965294 843.670000731945 184.09000045061111 0 134.8400011062622 659.5800002813339 360.0799984931946 299.50000178813934 0 134.8400011062622 0 483.59000223875046 360.0799984931946 119.93999809026718 0 184.09000045061111 299.50000178813934 0 0 0 0 0 299.50000178813934 0 0 0 360.0799984931946 0 0 0 184.09000045061111 0 0 0 134.8400011062622 0 0 143.29999919235706 876.8200015872717 1098.4499999284744 1.6763806343078613e-7 -2.669999983161688 0.18000011146068573 -0.01999981701374054 -2.679999977350235 0.4800001233816147 213 4 7 1 0 3 6 3 3 0 1 2 4 2 1 0 1 3 0 0 0 0 0 3 0 1 0 2 2 0 0 1 0 0 0 1 0 0 552.3399959802628 1145.8199972063303 184.09000045061111 0 432.3999978899956 961.7299967557192 516.7799979150295 444.94999884068966 0 134.8400011062622 297.55999678373337 629.0399992913008 360.0799984931946 119.93999809026718 0 184.09000045061111 444.94999884068966 0 0 0 0 0 444.94999884068966 0 156.69999942183495 0 360.0799984931946 297.55999678373337 0 0 184.09000045061111 0 0 0 134.8400011062622 0 0 229.9899976104498 1340.4699974060059 1698.159993186593 2.384185791015625e-7 -4.269999977201223 0.180000152438879 0.04000026360154152 -4.48999997228384 0.750000175088644 213 4 11 2 1 3 9 3 6 0 1 2 7 2 1 0 1 6 0 1 0 0 0 6 0 1 0 2 2 0 0 1 0 0 0 1 0 1 552.3399959802628 1631.9899975508451 291.4900007992983 107.40000034868717 432.3999978899956 1340.4999967515469 516.7799979150295 823.7199988365173 0 134.8400011062622 297.55999678373337 1007.8099992871284 360.0799984931946 119.93999809026718 0 184.09000045061111 823.7199988365173 0 107.40000034868717 0 0 0 823.7199988365173 0 156.69999942183495 0 360.0799984931946 297.55999678373337 0 0 184.09000045061111 0 0 0 134.8400011062622 0 107.40000034868717 304.19999708235264 1724.1999990791082 2184.329993531108 -2.9999996572732925 -5.869999971240759 -2.819999773055315 -3.1199996508657932 -5.359999969601631 -2.3399997539818287 213 10 20 5 2 6 15 7 8 0 2 6 10 4 3 2 2 8 0 2 1 0 0 8 1 3 0 4 4 0 1 1 0 1 1 1 0 1 1014.3399949669838 2753.469997033477 603.9999996572733 135.26000110805035 694.3199974000454 2149.4699973762035 1078.0299985706806 1071.439998805523 0 158.3700008392334 732.159996420145 1371.829998254776 741.9899971038103 292.1599968075752 196.20999985933304 300.3899994492531 1071.439998805523 0 135.26000110805035 23.52999973297119 0 0 1071.439998805523 27.860000759363174 336.0400014668703 0 741.9899971038103 535.949996560812 0 116.29999899864197 184.09000045061111 0 60.49000138044357 135.71999847888947 134.8400011062622 0 107.40000034868717 490.86999890208244 2992.469997406006 3767.8099920004606 -0.9999994225800037 -11.609999936074018 -0.4599996581673622 -0.9299994334578514 -8.919999927282333 0.47000036388635635
214 0 1 0 0 0 1 0 1 0 0 0 1 0 0 0 0 1 0 0 0 0 0 1 0 0 0 0 0 0 0 0 0 0 0 0 0 0 0 181.62999987602234 0 0 0 181.62999987602234 0 181.62999987602234 0 0 0 181.62999987602234 0 0 0 0 181.62999987602234 0 0 0 0 0 181.62999987602234 0 0 0 0 0 0 0 0 0 0 0 0 0 0 29.539999127388 139.35000121593475 181.62999987602234 -0.999999962747097 -0.3999999985098839 -0.9999999701976776 -1.0699999630451202 -0.4699999988079071 -0.9999999701976776 214 1 4 1 0 1 3 1 2 0 1 0 3 1 0 0 1 2 0 0 0 0 0 2 0 0 0 1 0 0 0 1 0 0 0 1 0 0 134.8400011062622 659.450000539422 184.09000045061111 0 134.8400011062622 475.3600000888109 175.85999830067158 299.50000178813934 0 134.8400011062622 0 483.59000223875046 175.85999830067158 0 0 184.09000045061111 299.50000178813934 0 0 0 0 0 299.50000178813934 0 0 0 175.85999830067158 0 0 0 184.09000045061111 0 0 0 134.8400011062622 0 0 109.069999396801 620.7900027781725 794.2900016456842 -0.9999998807907104 -1.9999999925494194 -0.9999999180436134 -0.2899998798966408 -1.4099999964237213 -0.8799999132752419 214 2 5 1 0 1 4 2 2 0 1 0 3 1 1 0 1 2 0 0 0 0 0 2 0 1 0 1 0 0 0 1 0 0 0 1 0 0 254.7799991965294 816.149999961257 184.09000045061111 0 134.8400011062622 632.0599995106459 332.5599977225065 299.50000178813934 0 134.8400011062622 0 483.59000223875046 175.85999830067158 119.93999809026718 0 184.09000045061111 299.50000178813934 0 0 0 0 0 299.50000178813934 0 156.69999942183495 0 175.85999830067158 0 0 0 184.09000045061111 0 0 0 134.8400011062622 0 0 157.7599985897541 826.4400018006563 1070.9299991577864 1.564621925354004e-7 -2.669999983161688 0.18000010028481483 0.1800001673400402 -2.6099999770522118 0.3000001050531864 214 4 7 1 0 3 6 3 3 0 1 2 4 2 1 0 1 3 0 0 0 0 0 3 0 1 0 2 2 0 0 1 0 0 0 1 0 0 552.3399959802628 1138.089998781681 184.09000045061111 0 432.3999978899956 953.99999833107 516.7799979150295 437.2200004160404 0 134.8400011062622 297.55999678373337 621.3100008666515 360.0799984931946 119.93999809026718 0 184.09000045061111 437.2200004160404 0 0 0 0 0 437.2200004160404 0 156.69999942183495 0 360.0799984931946 297.55999678373337 0 0 184.09000045061111 0 0 0 134.8400011062622 0 0 260.1699977517128 1296.0399993360043 1690.4299947619438 2.384185791015625e-7 -4.269999977201223 0.180000152438879 0.11000026389956474 -4.419999971985817 0.750000175088644 214 4 10 1 0 3 9 3 6 0 1 2 7 2 1 0 1 6 0 0 0 0 0 6 0 1 0 2 2 0 0 1 0 0 0 1 0 0 552.3399959802628 1573.359997332096 184.09000045061111 0 432.3999978899956 1389.269996881485 516.7799979150295 872.4899989664555 0 134.8400011062622 297.55999678373337 1056.5799994170666 360.0799984931946 119.93999809026718 0 184.09000045061111 872.4899989664555 0 0 0 0 0 872.4899989664555 0 156.69999942183495 0 360.0799984931946 297.55999678373337 0 0 184.09000045061111 0 0 0 134.8400011062622 0 0 325.9199977517128 1624.8799988776445 2125.699993312359 -2.999999649822712 -5.469999972730875 -2.819999758154154 -3.0299996249377728 -5.759999968111515 -2.249999735504389 214 5 13 3 1 4 10 3 7 0 1 4 8 2 1 1 1 7 0 1 0 0 0 7 0 1 0 2 3 0 0 1 0 0 1 1 0 1 699.8599942028522 1961.5399982780218 427.20999927818775 107.40000034868717 579.9199961125851 1534.329998999834 516.7799979150295 1017.5500010848045 0 134.8400011062622 580.7999934852123 1201.6400015354156 360.0799984931946 119.93999809026718 135.71999847888947 184.09000045061111 1017.5500010848045 0 107.40000034868717 0 0 0 1017.5500010848045 0 156.69999942183495 0 360.0799984931946 445.07999500632286 0 0 184.09000045061111 0 0 135.71999847888947 134.8400011062622 0 107.40000034868717 419.7899965196848 2005.9099993258715 2661.399992480874 -3.9999996200203896 -7.0699999667704105 -3.819999758154154 -4.3999996073544025 -7.099999964237213 -3.479999739676714
215 0 1 0 0 0 1 0 1 0 0 0 1 0 0 0 0 1 0 0 0 0 0 1 0 0 0 0 0 0 0 0 0 0 0 0 0 0 0 117.870001912117 0 0 0 117.870001912117 0 117.870001912117 0 0 0 117.870001912117 0 0 0 0 117.870001912117 0 0 0 0 0 117.870001912117 0 0 0 0 0 0 0 0 0 0 0 0 0 0 12.670000076293945 96.51000165939331 117.870001912117 -0.999999962747097 -0.3999999985098839 -0.9999999701976776 -0.5099999606609344 0.0 -0.9099999666213989 215 1 4 0 0 1 4 2 2 0 1 0 2 1 0 0 0 2 0 0 0 0 0 2 0 1 0 1 0 0 0 0 0 0 0 1 0 0 134.8400011062622 632.0599995106459 0 0 134.8400011062622 632.0599995106459 332.5599977225065 299.50000178813934 0 134.8400011062622 0 299.50000178813934 175.85999830067158 0 0 0 299.50000178813934 0 0 0 0 0 299.50000178813934 0 156.69999942183495 0 175.85999830067158 0 0 0 0 0 0 0 134.8400011062622 0 0 118.10999789834023 588.5600029975176 766.9000006169081 1.30385160446167e-7 -1.9999999925494194 9.313225746154785e-8 0.4200001172721386 -1.339999996125698 -0.2399999164044857 215 2 5 1 0 2 4 2 2 0 1 1 3 1 0 0 1 2 0 0 0 0 0 2 0 1 0 1 1 0 0 1 0 0 0 1 0 0 260.0399984419346 816.149999961257 184.09000045061111 0 260.0399984419346 632.0599995106459 332.5599977225065 299.50000178813934 0 134.8400011062622 125.19999733567238 483.59000223875046 175.85999830067158 0 0 184.09000045061111 299.50000178813934 0 0 0 0 0 299.50000178813934 0 156.69999942183495 0 175.85999830067158 125.19999733567238 0 0 184.09000045061111 0 0 0 134.8400011062622 0 0 158.5899986922741 822.9100009053946 1076.1899984031916 1.4528632164001465e-7 -2.799999989569187 9.313225746154785e-8 0.8200001530349255 -2.2799999937415123 0.3000001050531864 215 3 8 1 0 2 7 3 4 0 1 1 5 2 1 0 1 4 0 0 0 0 0 4 0 1 0 2 1 0 0 1 0 0 0 1 0 0 379.97999653220177 1264.9299998879433 184.09000045061111 0 260.0399984419346 1080.8399994373322 516.7799979150295 564.0600015223026 0 134.8400011062622 125.19999733567238 748.1500019729137 360.0799984931946 119.93999809026718 0 184.09000045061111 564.0600015223026 0 0 0 0 0 564.0600015223026 0 156.69999942183495 0 360.0799984931946 125.19999733567238 0 0 184.09000045061111 0 0 0 134.8400011062622 0 0 257.0699990391731 1244.9300001561642 1644.909996420145 -0.9999997317790985 -4.269999977201223 -0.8199998177587986 -0.9099997095763683 -4.349999971687794 -0.33999979868531227 215 5 8 1 0 4 7 3 4 0 1 3 5 2 1 0 1 4 0 0 0 0 0 4 0 1 0 2 3 0 0 1 0 0 0 1 0 0 699.8599942028522 1264.9299998879433 184.09000045061111 0 579.9199961125851 1080.8399994373322 516.7799979150295 564.0600015223026 0 134.8400011062622 445.07999500632286 748.1500019729137 360.0799984931946 119.93999809026718 0 184.09000045061111 564.0600015223026 0 0 0 0 0 564.0600015223026 0 156.69999942183495 0 360.0799984931946 445.07999500632286 0 0 184.09000045061111 0 0 0 134.8400011062622 0 0 320.8999976068735 1479.9899992197752 1964.7899940907955 -0.9999997168779373 -5.069999974220991 -0.8199998177587986 -0.8899996913969517 -5.219999969005585 -0.24999979510903358 215 9 16 4 1 7 12 3 9 1 2 6 10 2 3 2 1 9 0 1 0 0 0 9 0 1 0 2 4 0 0 1 0 1 1 2 0 1 1294.58999748528 2286.93999928236 565.4700015187263 107.40000034868717 977.7000001221895 1721.4699977636337 516.7799979150295 1204.6899998486042 71.54000067710876 279.3400012552738 900.799998909235 1388.7800002992153 360.0799984931946 388.4299980401993 273.98000071942806 184.09000045061111 1204.6899998486042 0 107.40000034868717 0 0 0 1204.6899998486042 0 156.69999942183495 0 360.0799984931946 626.8199981898069 0 0 184.09000045061111 0 122.96000078320503 151.01999993622303 279.3400012552738 0 107.40000034868717 605.9299950450659 2726.180005773902 3653.069997444749 -5.999999485909939 -10.099999941885471 -5.3699996918439865 -6.309999477118254 -9.509999942034483 -4.849999666213989
216 0 1 0 0 0 1 1 0 0 0 0 0 1 0 0 0 0 0 0 0 0 0 0 0 0 0 1 0 0 0 0 0 0 0 0 0 0 0 175.85999830067158 0 0 0 175.85999830067158 175.85999830067158 0 0 0 0 0 175.85999830067158 0 0 0 0 0 0 0 0 0 0 0 0 0 175.85999830067158 0 0 0 0 0 0 0 0 0 0 28.72999930381775 126.2799986153841 175.85999830067158 1.0000000298023224 -0.3999999985098839 1.0000000223517418 0.5100000128149986 -0.4699999988079071 0.5800000056624413 216 1 4 0 0 1 4 2 2 0 0 1 2 1 0 0 0 2 0 0 0 0 0 2 0 1 0 1 1 0 0 0 0 0 0 0 0 0 125.19999733567238 632.0599995106459 0 0 125.19999733567238 632.0599995106459 332.5599977225065 299.50000178813934 0 0 125.19999733567238 299.50000178813934 175.85999830067158 0 0 0 299.50000178813934 0 0 0 0 0 299.50000178813934 0 156.69999942183495 0 175.85999830067158 125.19999733567238 0 0 0 0 0 0 0 0 0 120.4599978029728 564.2599996179342 757.2599968463182 1.30385160446167e-7 -1.9999999925494194 9.313225746154785e-8 0.04000012204051018 -1.8099999949336052 -0.14999991282820702 216 2 5 0 0 2 5 2 3 0 1 1 3 1 0 0 0 3 0 0 0 0 0 3 0 1 0 1 1 0 0 0 0 0 0 1 0 0 260.0399984419346 769.779998138547 0 0 260.0399984419346 769.779998138547 332.5599977225065 437.2200004160404 0 134.8400011062622 125.19999733567238 437.2200004160404 175.85999830067158 0 0 0 437.2200004160404 0 0 0 0 0 437.2200004160404 0 156.69999942183495 0 175.85999830067158 125.19999733567238 0 0 0 0 0 0 134.8400011062622 0 0 173.39999781548977 759.5599998831749 1029.8199965804815 -0.999999824911356 -2.799999989569187 -0.9999998770654202 -0.4699998311698437 -2.209999993443489 -1.059999879449606 216 4 7 1 0 3 6 2 4 0 1 2 5 1 1 0 1 4 0 0 0 0 0 4 0 1 0 1 2 0 0 1 0 0 0 1 0 0 527.4999947547913 1080.7099996954203 184.09000045061111 0 407.5599966645241 896.6199992448092 332.5599977225065 564.0600015223026 0 134.8400011062622 272.71999555826187 748.1500019729137 175.85999830067158 119.93999809026718 0 184.09000045061111 564.0600015223026 0 0 0 0 0 564.0600015223026 0 156.69999942183495 0 175.85999830067158 272.71999555826187 0 0 184.09000045061111 0 0 0 134.8400011062622 0 0 273.77999836206436 1181.3899985700846 1608.2099944502115 -1.9999997541308403 -4.269999977201223 -1.8199998401105404 -1.7099997363984585 -4.2799999713897705 -1.5199998281896114 216 5 9 1 0 4 8 3 5 0 1 3 6 2 1 0 1 5 0 0 0 0 0 5 0 1 0 2 3 0 0 1 0 0 0 1 0 0 699.8599942028522 1409.9900020062923 184.09000045061111 0 579.9199961125851 1225.9000015556812 516.7799979150295 709.1200036406517 0 134.8400011062622 445.07999500632286 893.2100040912628 360.0799984931946 119.93999809026718 0 184.09000045061111 709.1200036406517 0 0 0 0 0 709.1200036406517 0 156.69999942183495 0 360.0799984931946 445.07999500632286 0 0 184.09000045061111 0 0 0 134.8400011062622 0 0 360.4599968343973 1565.3700017482042 2109.8499962091446 -1.9999996796250343 -5.469999972730875 -1.8199997879564762 -1.959999654442072 -5.689999967813492 -1.2499997653067112 216 7 16 4 1 6 12 4 8 1 2 5 9 3 2 2 1 8 0 1 0 0 0 8 0 1 0 3 3 0 0 1 0 1 1 2 0 1 986.309993326664 2378.119999229908 565.4700015187263 107.40000034868717 795.9599969387054 1812.6499977111816 686.0299988389015 1126.6199988722801 71.54000067710876 279.3400012552738 719.0599957257509 1310.7099993228912 529.3299994170666 261.8899970650673 273.98000071942806 184.09000045061111 1126.6199988722801 0 107.40000034868717 0 0 0 1126.6199988722801 0 156.69999942183495 0 529.3299994170666 445.07999500632286 0 0 184.09000045061111 0 122.96000078320503 151.01999993622303 279.3400012552738 0 107.40000034868717 585.3999948203564 2541.900001987815 3435.9699932336807 -3.9999995194375515 -9.429999951273203 -3.5499997064471245 -4.939999509602785 -9.68999994918704 -3.119999684393406
217 0 1 0 0 0 1 1 0 0 0 0 0 0 0 0 0 0 0 0 0 0 0 0 0 1 0 0 0 0 0 0 0 0 0 0 0 0 0 156.69999942183495 0 0 0 156.69999942183495 156.69999942183495 0 0 0 0 0 0 0 0 0 0 0 0 0 0 0 0 0 156.69999942183495 0 0 0 0 0 0 0 0 0 0 0 0 33.439999371767044 114.28000044822693 156.69999942183495 1.0000000186264515 -0.3999999985098839 1.000000011175871 1.0000000186264515 -0.3999999985098839 1.000000011175871 217 1 4 0 0 1 4 2 2 0 0 1 2 1 0 0 0 2 0 0 0 0 0 2 0 1 0 1 1 0 0 0 0 0 0 0 0 0 125.19999733567238 588.1499982625246 0 0 125.19999733567238 588.1499982625246 332.5599977225065 255.59000054001808 0 0 125.19999733567238 255.59000054001808 175.85999830067158 0 0 0 255.59000054001808 0 0 0 0 0 255.59000054001808 0 156.69999942183495 0 175.85999830067158 125.19999733567238 0 0 0 0 0 0 0 0 0 130.12999866902828 508.06999760866165 713.349995598197 1.30385160446167e-7 -1.9999999925494194 9.313225746154785e-8 0.1100001223385334 -1.739999994635582 -0.14999991282820702 217 1 6 0 0 1 6 2 4 0 0 1 4 1 0 0 0 4 0 0 0 0 0 4 0 1 0 1 1 0 0 0 0 0 0 0 0 0 125.19999733567238 896.6199992448092 0 0 125.19999733567238 896.6199992448092 332.5599977225065 564.0600015223026 0 0 125.19999733567238 564.0600015223026 175.85999830067158 0 0 0 564.0600015223026 0 0 0 0 0 564.0600015223026 0 156.69999942183495 0 175.85999830067158 125.19999733567238 0 0 0 0 0 0 0 0 0 184.70999835431576 730.2500000596046 1021.8199965804815 -1.9999997951090336 -2.799999989569187 -1.9999998472630978 -1.9599998034536839 -2.609999991953373 -2.1499998532235622 217 3 8 1 0 3 7 2 5 0 1 2 6 1 0 0 1 5 0 0 0 0 0 5 0 1 0 1 2 0 0 1 0 0 0 1 0 0 407.5599966645241 1225.7700018137693 184.09000045061111 0 407.5599966645241 1041.6800013631582 332.5599977225065 709.1200036406517 0 134.8400011062622 272.71999555826187 893.2100040912628 175.85999830067158 0 0 184.09000045061111 709.1200036406517 0 0 0 0 0 709.1200036406517 0 156.69999942183495 0 175.85999830067158 272.71999555826187 0 0 184.09000045061111 0 0 0 134.8400011062622 0 0 298.0899977684021 1175.4000025242567 1633.3299984782934 -2.999999735504389 -4.399999983608723 -2.9999998174607754 -2.249999728053808 -3.949999988079071 -2.6999998055398464 217 4 9 1 0 3 8 2 6 0 1 2 7 1 1 0 1 6 0 0 0 0 0 6 0 1 0 1 2 0 0 1 0 0 0 1 0 0 527.4999947547913 1334.839999601245 184.09000045061111 0 407.5599966645241 1150.7499991506338 332.5599977225065 818.1900014281273 0 134.8400011062622 272.71999555826187 1002.2800018787384 175.85999830067158 119.93999809026718 0 184.09000045061111 818.1900014281273 0 0 0 0 0 818.1900014281273 0 156.69999942183495 0 175.85999830067158 272.71999555826187 0 0 184.09000045061111 0 0 0 134.8400011062622 0 0 341.1799972653389 1335.399999782443 1862.3399943560362 -3.9999996796250343 -5.069999974220991 -3.8199997805058956 -3.849999662488699 -5.219999969005585 -3.5199997685849667 217 6 13 3 0 4 10 4 6 0 1 5 7 3 2 2 1 6 0 0 0 0 0 6 0 1 0 3 3 0 0 1 0 1 1 1 0 0 841.8099931776524 1945.0199999958277 440.79999972879887 0 579.9199961125851 1504.2200002670288 686.0299988389015 818.1900014281273 0 134.8400011062622 701.7899942845106 1002.2800018787384 529.3299994170666 261.8899970650673 256.70999927818775 184.09000045061111 818.1900014281273 0 0 0 0 0 818.1900014281273 0 156.69999942183495 0 529.3299994170666 445.07999500632286 0 0 184.09000045061111 0 105.68999934196472 151.01999993622303 134.8400011062622 0 0 481.43999537825584 2048.260000988841 2786.82999317348 -1.9999996051192284 -7.339999958872795 -1.6399997547268867 -2.419999584555626 -7.789999954402447 -1.2099997326731682
218 1 0 0 0 1 0 0 0 0 0 1 0 0 0 0 0 0 0 0 0 0 0 0 0 0 0 0 1 0 0 0 0 0 0 0 0 0 125.19999733567238 0 0 0 125.19999733567238 0 0 0 0 0 125.19999733567238 0 0 0 0 0 0 0 0 0 0 0 0 0 0 0 0 125.19999733567238 0 0 0 0 0 0 0 0 0 16.079999923706055 87.83999767899513 125.19999733567238 7.450580596923828e-9 -0.3999999985098839 0.0 0.11000001430511475 -0.4699999988079071 0.18000000715255737 218 1 4 0 0 1 4 2 2 0 0 1 2 1 0 0 0 2 0 0 0 0 0 2 0 1 0 1 1 0 0 0 0 0 0 0 0 0 125.19999733567238 597.1199974566698 0 0 125.19999733567238 597.1199974566698 332.5599977225065 264.5599997341633 0 0 125.19999733567238 264.5599997341633 175.85999830067158 0 0 0 264.5599997341633 0 0 0 0 0 264.5599997341633 0 156.69999942183495 0 175.85999830067158 125.19999733567238 0 0 0 0 0 0 0 0 0 142.4999991506338 494.3899971842766 722.3199947923422 1.30385160446167e-7 -1.9999999925494194 9.313225746154785e-8 -0.37999987974762917 -2.139999993145466 -0.2399999164044857 218 2 5 0 0 2 5 2 3 0 0 2 3 1 0 0 0 3 0 0 0 0 0 3 0 1 0 1 2 0 0 0 0 0 0 0 0 0 272.71999555826187 714.9899993687868 0 0 272.71999555826187 714.9899993687868 332.5599977225065 382.4300016462803 0 0 272.71999555826187 382.4300016462803 175.85999830067158 0 0 0 382.4300016462803 0 0 0 0 0 382.4300016462803 0 156.69999942183495 0 175.85999830067158 272.71999555826187 0 0 0 0 0 0 0 0 0 190.859998524189 692.0199974924326 987.7099949270487 -0.999999824911356 -2.799999989569187 -0.9999998770654202 -0.889999832957983 -2.5399999916553497 -1.1499998830258846 218 3 7 0 0 3 7 2 5 0 1 2 5 1 0 0 0 5 0 0 0 0 0 5 0 1 0 1 2 0 0 0 0 0 0 1 0 0 407.5599966645241 1041.6800013631582 0 0 407.5599966645241 1041.6800013631582 332.5599977225065 709.1200036406517 0 134.8400011062622 272.71999555826187 709.1200036406517 175.85999830067158 0 0 0 709.1200036406517 0 0 0 0 0 709.1200036406517 0 156.69999942183495 0 175.85999830067158 272.71999555826187 0 0 0 0 0 0 134.8400011062622 0 0 273.6899968981743 1028.8900022953749 1449.2399980276823 -2.9999997429549694 -3.999999985098839 -2.9999998174607754 -2.5399997495114803 -3.479999989271164 -3.059999819844961 218 4 11 2 0 3 9 3 6 0 1 3 7 2 1 1 1 6 0 0 0 0 0 6 0 1 0 2 2 0 0 1 0 1 0 1 0 0 527.4999947547913 1609.7799998670816 289.77999979257584 0 407.5599966645241 1320.0000000745058 501.8099986463785 818.1900014281273 0 134.8400011062622 378.4099949002266 1002.2800018787384 345.10999922454357 119.93999809026718 105.68999934196472 184.09000045061111 818.1900014281273 0 0 0 0 0 818.1900014281273 0 156.69999942183495 0 345.10999922454357 272.71999555826187 0 0 184.09000045061111 0 105.68999934196472 0 134.8400011062622 0 0 386.00999706983566 1536.1200003772974 2137.279994621873 -2.9999996535480022 -5.869999971240759 -2.8199997693300247 -3.079999640583992 -6.159999966621399 -2.5199997574090958 218 7 13 3 0 5 10 4 6 0 2 5 7 3 2 2 1 6 0 0 1 0 0 6 0 1 0 3 3 0 0 1 0 1 1 1 0 0 953.5299921631813 1932.5400018841028 428.320001617074 0 691.639995098114 1504.2200002670288 686.0299988389015 818.1900014281273 0 246.56000009179115 689.3099961727858 1002.2800018787384 529.3299994170666 261.8899970650673 244.2300011664629 184.09000045061111 818.1900014281273 0 0 111.71999898552895 0 0 818.1900014281273 0 156.69999942183495 0 529.3299994170666 445.07999500632286 0 0 184.09000045061111 0 105.68999934196472 138.54000182449818 134.8400011062622 0 0 504.3199956417084 2101.5900018662214 2886.069994047284 -1.9999995976686478 -7.739999957382679 -1.6399997547268867 -2.4899995774030685 -8.259999953210354 -1.2099997326731682
219 0 1 0 0 0 1 0 1 0 0 0 1 0 0 0 0 1 0 0 0 0 0 1 0 0 0 0 0 0 0 0 0 0 0 0 0 0 0 137.71999862790108 0 0 0 137.71999862790108 0 137.71999862790108 0 0 0 137.71999862790108 0 0 0 0 137.71999862790108 0 0 0 0 0 137.71999862790108 0 0 0 0 0 0 0 0 0 0 0 0 0 0 39.20999999344349 83.15999920666218 137.71999862790108 -0.999999962747097 -0.3999999985098839 -0.9999999701976776 -0.999999962747097 -0.3999999985098839 -0.9999999701976776 219 2 3 0 0 2 3 1 2 0 0 2 2 0 0 0 0 2 0 0 0 0 0 2 0 1 0 0 2 0 0 0 0 0 0 0 0 0 272.71999555826187 421.25999915599823 0 0 272.71999555826187 421.25999915599823 156.69999942183495 264.5599997341633 0 0 272.71999555826187 264.5599997341633 0 0 0 0 264.5599997341633 0 0 0 0 0 264.5599997341633 0 156.69999942183495 0 0 272.71999555826187 0 0 0 0 0 0 0 0 0 149.4599991440773 469.2299972176552 693.9799947142601 -0.9999998919665813 -1.9999999925494194 -0.9999999292194843 -0.8899998851120472 -2.0699999928474426 -0.819999922066927 219 2 5 0 0 2 5 2 3 0 0 2 3 1 0 0 0 3 0 0 0 0 0 3 0 1 0 1 2 0 0 0 0 0 0 0 0 0 272.71999555826187 742.1799995750189 0 0 272.71999555826187 742.1799995750189 332.5599977225065 409.62000185251236 0 0 272.71999555826187 409.62000185251236 175.85999830067158 0 0 0 409.62000185251236 0 0 0 0 0 409.62000185251236 0 156.69999942183495 0 175.85999830067158 272.71999555826187 0 0 0 0 0 0 0 0 0 217.74999767541885 680.8899983614683 1014.8999951332808 -0.999999824911356 -2.799999989569187 -0.9999998770654202 -1.4499998353421688 -3.009999990463257 -1.2399998866021633 219 2 8 0 0 2 8 2 6 0 0 2 6 1 0 0 0 6 0 0 0 0 0 6 0 1 0 1 2 0 0 0 0 0 0 0 0 0 272.71999555826187 1150.7499991506338 0 0 272.71999555826187 1150.7499991506338 332.5599977225065 818.1900014281273 0 0 272.71999555826187 818.1900014281273 175.85999830067158 0 0 0 818.1900014281273 0 0 0 0 0 818.1900014281273 0 156.69999942183495 0 175.85999830067158 272.71999555826187 0 0 0 0 0 0 0 0 0 287.79999655485153 985.3799999207258 1423.4699947088957 -3.999999713152647 -3.999999985098839 -3.999999787658453 -4.099999722093344 -3.949999988079071 -4.1499997936189175 219 3 11 2 0 3 9 3 6 0 1 3 7 2 0 1 1 6 0 0 0 0 0 6 0 1 0 2 2 0 0 1 0 1 0 1 0 0 407.5599966645241 1609.7799998670816 289.77999979257584 0 407.5599966645241 1320.0000000745058 501.8099986463785 818.1900014281273 0 134.8400011062622 378.4099949002266 1002.2800018787384 345.10999922454357 0 105.68999934196472 184.09000045061111 818.1900014281273 0 0 0 0 0 818.1900014281273 0 156.69999942183495 0 345.10999922454357 272.71999555826187 0 0 184.09000045061111 0 105.68999934196472 0 134.8400011062622 0 0 370.7599972486496 1444.7500018030405 2017.3399965316057 -2.9999996721744537 -5.599999979138374 -2.999999776482582 -2.5499996691942215 -5.359999984502792 -2.699999764561653 219 7 12 3 0 4 9 3 6 0 2 4 7 2 3 2 1 6 0 0 1 0 0 6 0 1 0 2 2 0 0 1 0 1 1 1 0 0 875.0499928593636 1748.3200016915798 428.320001617074 0 519.279995650053 1320.0000000745058 501.8099986463785 818.1900014281273 0 246.56000009179115 516.9499967247248 1002.2800018787384 345.10999922454357 355.76999720931053 244.2300011664629 184.09000045061111 818.1900014281273 0 0 111.71999898552895 0 0 818.1900014281273 0 156.69999942183495 0 345.10999922454357 272.71999555826187 0 0 184.09000045061111 0 105.68999934196472 138.54000182449818 134.8400011062622 0 0 493.03999622166157 1861.9000013023615 2623.3699945509434 -2.9999996162950993 -7.209999952465296 -2.459999769926071 -3.329999603331089 -7.609999947249889 -2.2999997586011887
220 0 1 0 0 0 1 0 1 0 0 0 1 0 0 0 0 1 0 0 0 0 0 1 0 0 0 0 0 0 0 0 0 0 0 0 0 0 0 126.8400011062622 0 0 0 126.8400011062622 0 126.8400011062622 0 0 0 126.8400011062622 0 0 0 0 126.8400011062622 0 0 0 0 0 126.8400011062622 0 0 0 0 0 0 0 0 0 0 0 0 0 0 25.040000557899475 82.83000123500824 126.8400011062622 -0.999999962747097 -0.3999999985098839 -0.9999999701976776 -0.999999962747097 -0.3999999985098839 -0.9999999701976776 220 2 3 0 0 2 3 0 3 0 0 2 3 0 0 0 0 3 0 0 0 0 0 3 0 0 0 0 2 0 0 0 0 0 0 0 0 0 272.71999555826187 409.62000185251236 0 0 272.71999555826187 409.62000185251236 0 409.62000185251236 0 0 272.71999555826187 409.62000185251236 0 0 0 0 409.62000185251236 0 0 0 0 0 409.62000185251236 0 0 0 0 272.71999555826187 0 0 0 0 0 0 0 0 0 155.57999899983406 440.3299992978573 682.3399974107742 -2.99999987334013 -1.9999999925494194 -2.999999910593033 -2.959999866783619 -2.139999993145466 -2.8199999034404755 220 2 5 0 0 2 5 1 4 0 0 2 4 0 0 0 0 4 0 0 0 0 0 4 0 1 0 0 2 0 0 0 0 0 0 0 0 0 272.71999555826187 675.3899990618229 0 0 272.71999555826187 675.3899990618229 156.69999942183495 518.689999639988 0 0 272.71999555826187 518.689999639988 0 0 0 0 518.689999639988 0 0 0 0 0 518.689999639988 0 156.69999942183495 0 0 272.71999555826187 0 0 0 0 0 0 0 0 0 216.85999804735184 623.2399984300137 948.1099946200848 -2.9999998174607754 -2.799999989569187 -2.9999998696148396 -3.0299998112022877 -3.009999990463257 -2.819999862462282 220 2 9 1 0 2 8 3 5 0 0 3 5 2 0 1 0 5 0 0 0 0 0 5 0 1 0 2 2 0 0 0 0 1 0 0 0 0 272.71999555826187 1244.0599995404482 105.68999934196472 0 272.71999555826187 1138.3700001984835 501.8099986463785 636.560001552105 0 0 378.4099949002266 636.560001552105 345.10999922454357 0 105.68999934196472 0 636.560001552105 0 0 0 0 0 636.560001552105 0 156.69999942183495 0 345.10999922454357 272.71999555826187 0 0 0 0 105.68999934196472 0 0 0 0 303.0899972319603 1046.7499992996454 1516.77999509871 -1.999999724328518 -4.399999983608723 -1.9999998062849045 -2.2599997371435165 -4.419999986886978 -2.149999812245369 220 3 11 2 0 3 9 3 6 0 1 4 6 2 0 2 0 6 0 0 1 0 0 6 0 1 0 2 2 0 0 0 0 1 1 0 0 0 384.4399945437908 1564.2300012409687 244.2300011664629 0 384.4399945437908 1320.0000000745058 501.8099986463785 818.1900014281273 0 111.71999898552895 516.9499967247248 818.1900014281273 345.10999922454357 0 244.2300011664629 0 818.1900014281273 0 0 111.71999898552895 0 0 818.1900014281273 0 156.69999942183495 0 345.10999922454357 272.71999555826187 0 0 0 0 105.68999934196472 138.54000182449818 0 0 0 385.269996330142 1341.3000012785196 1948.6699957847595 -2.999999687075615 -5.599999979138374 -2.9999997913837433 -3.5399997010827065 -5.759999983012676 -3.289999797940254 220 7 12 3 0 4 9 3 6 0 2 4 7 2 3 2 1 6 0 0 1 0 0 6 0 1 0 2 2 0 0 1 0 1 1 1 0 0 886.5499922037125 1748.3200016915798 428.320001617074 0 519.279995650053 1320.0000000745058 501.8099986463785 818.1900014281273 0 246.56000009179115 516.9499967247248 1002.2800018787384 345.10999922454357 367.26999655365944 244.2300011664629 184.09000045061111 818.1900014281273 0 0 111.71999898552895 0 0 818.1900014281273 0 156.69999942183495 0 345.10999922454357 272.71999555826187 0 0 184.09000045061111 0 105.68999934196472 138.54000182449818 134.8400011062622 0 0 503.31999565660954 1866.7400010973215 2634.8699938952923 -2.9999996162950993 -7.209999952465296 -2.459999769926071 -2.819999612867832 -7.0999999567866325 -2.2999997586011887
221 1 0 0 0 1 0 0 0 0 0 1 0 0 0 0 0 0 0 0 0 0 0 0 0 0 0 0 1 0 0 0 0 0 0 0 0 0 147.5199982225895 0 0 0 147.5199982225895 0 0 0 0 0 147.5199982225895 0 0 0 0 0 0 0 0 0 0 0 0 0 0 0 0 147.5199982225895 0 0 0 0 0 0 0 0 0 35.68999929726124 101.1199986487627 147.5199982225895 7.450580596923828e-9 -0.3999999985098839 0.0 7.450580596923828e-9 -0.3999999985098839 0.0 221 1 3 0 0 1 3 0 3 0 0 1 3 0 0 0 0 3 0 0 0 0 0 3 0 0 0 0 1 0 0 0 0 0 0 0 0 0 147.5199982225895 409.62000185251236 0 0 147.5199982225895 409.62000185251236 0 409.62000185251236 0 0 147.5199982225895 409.62000185251236 0 0 0 0 409.62000185251236 0 0 0 0 0 409.62000185251236 0 0 0 0 147.5199982225895 0 0 0 0 0 0 0 0 0 139.499999076128 352.49000161886215 557.1400000751019 -2.9999998807907104 -1.5999999940395355 -2.999999910593033 -3.0699998810887337 -1.6699999943375587 -2.999999910593033 221 2 5 0 0 2 5 1 4 0 0 2 4 1 0 0 0 4 0 0 0 0 0 4 0 0 0 1 2 0 0 0 0 0 0 0 0 0 272.71999555826187 687.9400005638599 0 0 272.71999555826187 687.9400005638599 169.250000923872 518.689999639988 0 0 272.71999555826187 518.689999639988 169.250000923872 0 0 0 518.689999639988 0 0 0 0 0 518.689999639988 0 0 0 169.250000923872 272.71999555826187 0 0 0 0 0 0 0 0 0 209.049998909235 649.6799985766411 960.6599961221218 -2.9999998062849045 -2.799999989569187 -2.9999998584389687 -3.1899998039007187 -3.07999999076128 -2.8199998512864113 221 3 8 1 0 3 7 3 4 0 1 3 4 2 0 1 0 4 0 0 1 0 0 4 0 1 0 2 2 0 0 0 0 1 0 0 0 0 384.4399945437908 1126.1899976283312 105.68999934196472 0 384.4399945437908 1020.4999982863665 501.8099986463785 518.689999639988 0 111.71999898552895 378.4099949002266 518.689999639988 345.10999922454357 0 105.68999934196472 0 518.689999639988 0 0 111.71999898552895 0 0 518.689999639988 0 156.69999942183495 0 345.10999922454357 272.71999555826187 0 0 0 0 105.68999934196472 0 0 0 0 315.70999678969383 1012.6299970299006 1510.629992172122 -0.9999997541308403 -4.399999983608723 -0.9999998360872269 -1.8199997693300247 -4.889999985694885 -1.23999984562397 221 4 10 2 0 3 8 3 5 0 1 4 5 2 1 2 0 5 0 0 1 0 0 5 0 1 0 2 2 0 0 0 0 1 1 0 0 0 506.49999392032623 1382.6000013649464 244.2300011664629 0 384.4399945437908 1138.3700001984835 501.8099986463785 636.560001552105 0 111.71999898552895 516.9499967247248 636.560001552105 345.10999922454357 122.05999937653542 244.2300011664629 0 636.560001552105 0 0 111.71999898552895 0 0 636.560001552105 0 156.69999942183495 0 345.10999922454357 272.71999555826187 0 0 0 0 105.68999934196472 138.54000182449818 0 0 0 380.4299968034029 1298.14999987185 1889.0999952852726 -1.9999997057020664 -5.469999972730875 -1.8199998140335083 -2.4899997189641 -5.579999975860119 -2.1099998205900192 221 7 11 2 0 4 9 3 6 0 2 4 6 2 3 2 0 6 0 0 1 0 0 6 0 1 0 2 2 0 0 0 0 1 1 1 0 0 886.5499922037125 1564.2300012409687 244.2300011664629 0 519.279995650053 1320.0000000745058 501.8099986463785 818.1900014281273 0 246.56000009179115 516.9499967247248 818.1900014281273 345.10999922454357 367.26999655365944 244.2300011664629 0 818.1900014281273 0 0 111.71999898552895 0 0 818.1900014281273 0 156.69999942183495 0 345.10999922454357 272.71999555826187 0 0 0 0 105.68999934196472 138.54000182449818 134.8400011062622 0 0 478.9199947863817 1720.2300008684397 2450.779993444681 -2.99999962374568 -6.809999953955412 -2.459999769926071 -3.1099996343255043 -6.629999957978725 -2.6599997729063034
222 0 1 0 0 0 1 0 1 0 0 0 1 0 0 0 0 1 0 0 0 0 0 1 0 0 0 0 0 0 0 0 0 0 0 0 0 0 0 145.06000211834908 0 0 0 145.06000211834908 0 145.06000211834908 0 0 0 145.06000211834908 0 0 0 0 145.06000211834908 0 0 0 0 0 145.06000211834908 0 0 0 0 0 0 0 0 0 0 0 0 0 0 39.559999227523804 85.38000252842903 145.06000211834908 -0.999999962747097 -0.3999999985098839 -0.9999999701976776 -1.0699999630451202 -0.4699999988079071 -0.9999999701976776 222 1 4 0 0 1 4 1 3 0 0 1 3 1 0 0 0 3 0 0 0 0 0 3 0 0 0 1 1 0 0 0 0 0 0 0 0 0 147.5199982225895 550.2200019359589 0 0 147.5199982225895 550.2200019359589 169.250000923872 380.97000101208687 0 0 147.5199982225895 380.97000101208687 169.250000923872 0 0 0 380.97000101208687 0 0 0 0 0 380.97000101208687 0 0 0 169.250000923872 147.5199982225895 0 0 0 0 0 0 0 0 0 153.75999899208546 478.6800016909838 697.7400001585484 -1.999999850988388 -1.9999999925494194 -1.999999888241291 -2.2999998554587364 -2.209999993443489 -1.999999888241291 222 1 6 1 0 1 5 1 4 0 0 2 4 1 0 1 0 4 0 0 0 0 0 4 0 0 0 1 1 0 0 0 0 1 0 0 0 0 147.5199982225895 793.6299999058247 105.68999934196472 0 147.5199982225895 687.9400005638599 169.250000923872 518.689999639988 0 0 253.20999756455421 518.689999639988 169.250000923872 0 105.68999934196472 0 518.689999639988 0 0 0 0 0 518.689999639988 0 0 0 169.250000923872 147.5199982225895 0 0 0 0 105.68999934196472 0 0 0 0 212.1699985563755 621.840000897646 941.1499981284142 -2.9999998174607754 -2.799999989569187 -2.9999998696148396 -3.369999822229147 -3.07999999076128 -2.9999998696148396 222 3 8 2 0 3 6 2 4 0 1 4 4 1 0 2 0 4 0 0 1 0 0 4 0 1 0 1 2 0 0 0 0 1 1 0 0 0 384.4399945437908 1088.8700011521578 244.2300011664629 0 384.4399945437908 844.6399999856949 325.95000034570694 518.689999639988 0 111.71999898552895 516.9499967247248 518.689999639988 169.250000923872 0 244.2300011664629 0 518.689999639988 0 0 111.71999898552895 0 0 518.689999639988 0 156.69999942183495 0 169.250000923872 272.71999555826187 0 0 0 0 105.68999934196472 138.54000182449818 0 0 0 314.3299978226423 979.1599997878075 1473.3099956959486 -1.9999997913837433 -4.399999983608723 -1.9999998733401299 -2.4699997901916504 -4.819999985396862 -1.959999866783619 222 5 9 2 0 3 7 3 4 0 1 4 4 2 2 2 0 4 0 0 1 0 0 4 0 1 0 2 2 0 0 0 0 1 1 0 0 0 620.2699936628342 1264.7299994528294 244.2300011664629 0 384.4399945437908 1020.4999982863665 501.8099986463785 518.689999639988 0 111.71999898552895 516.9499967247248 518.689999639988 345.10999922454357 235.82999911904335 244.2300011664629 0 518.689999639988 0 0 111.71999898552895 0 0 518.689999639988 0 156.69999942183495 0 345.10999922454357 272.71999555826187 0 0 0 0 105.68999934196472 138.54000182449818 0 0 0 397.44999630749226 1276.0199985653162 1884.9999931156635 -0.9999997243285179 -5.339999966323376 -0.6399998366832733 -1.999999739229679 -5.869999967515469 -1.019999846816063 222 6 11 2 0 3 9 3 6 0 1 4 6 2 3 2 0 6 0 0 1 0 0 6 0 1 0 2 2 0 0 0 0 1 1 0 0 0 751.7099910974503 1564.2300012409687 244.2300011664629 0 384.4399945437908 1320.0000000745058 501.8099986463785 818.1900014281273 0 111.71999898552895 516.9499967247248 818.1900014281273 345.10999922454357 367.26999655365944 244.2300011664629 0 818.1900014281273 0 0 111.71999898552895 0 0 818.1900014281273 0 156.69999942183495 0 345.10999922454357 272.71999555826187 0 0 0 0 105.68999934196472 138.54000182449818 0 0 0 465.18999476730824 1608.0899998098612 2315.939992338419 -2.9999996311962605 -6.409999955445528 -2.459999769926071 -3.5999996438622475 -6.629999957978725 -2.749999776482582
223 0 1 0 0 0 1 0 1 0 0 0 1 0 0 0 0 1 0 0 0 0 0 1 0 0 0 0 0 0 0 0 0 0 0 0 0 0 0 109.06999778747559 0 0 0 109.06999778747559 0 109.06999778747559 0 0 0 109.06999778747559 0 0 0 0 109.06999778747559 0 0 0 0 0 109.06999778747559 0 0 0 0 0 0 0 0 0 0 0 0 0 0 27.839999675750732 68.62999868392944 109.06999778747559 -0.999999962747097 -0.3999999985098839 -0.9999999701976776 -1.0699999630451202 -0.4699999988079071 -0.9999999701976776 223 0 4 1 0 0 3 1 2 0 0 1 2 1 0 1 0 2 0 0 0 0 0 2 0 0 0 1 0 0 0 0 0 1 0 0 0 0 0 529.0700001716614 105.68999934196472 0 0 423.38000082969666 169.250000923872 254.12999990582466 0 0 105.68999934196472 254.12999990582466 169.250000923872 0 105.68999934196472 0 254.12999990582466 0 0 0 0 0 254.12999990582466 0 0 0 169.250000923872 0 0 0 0 0 105.68999934196472 0 0 0 0 112.2299987077713 354.73000180721283 529.0700001716614 -0.9999998994171619 -1.5999999940395355 -0.9999999292194843 -1.3699999041855335 -1.8799999952316284 -0.9999999292194843 223 2 5 1 0 2 4 1 3 0 1 2 3 1 0 1 0 3 0 0 1 0 0 3 0 0 0 1 1 0 0 0 0 1 0 0 0 0 259.23999720811844 655.9100012779236 105.68999934196472 0 259.23999720811844 550.2200019359589 169.250000923872 380.97000101208687 0 111.71999898552895 253.20999756455421 380.97000101208687 169.250000923872 0 105.68999934196472 0 380.97000101208687 0 0 111.71999898552895 0 0 380.97000101208687 0 0 0 169.250000923872 147.5199982225895 0 0 0 0 105.68999934196472 0 0 0 0 198.2499981969595 601.0700010806322 915.149998486042 -1.9999998472630978 -2.799999989569187 -1.999999899417162 -2.4399998523294926 -3.1499999910593033 -1.999999899417162 223 3 7 2 0 2 5 1 4 0 1 3 4 1 1 2 0 4 0 0 1 0 0 4 0 0 0 1 1 0 0 0 0 1 1 0 0 0 381.29999658465385 932.1700017303228 244.2300011664629 0 259.23999720811844 687.9400005638599 169.250000923872 518.689999639988 0 111.71999898552895 391.7499993890524 518.689999639988 169.250000923872 122.05999937653542 244.2300011664629 0 518.689999639988 0 0 111.71999898552895 0 0 518.689999639988 0 0 0 169.250000923872 147.5199982225895 0 0 0 0 105.68999934196472 138.54000182449818 0 0 0 289.5099981278181 873.2400014698505 1313.4699983149767 -2.999999798834324 -3.8699999786913395 -2.8199998773634434 -3.5999998040497303 -4.239999979734421 -2.95999987795949 223 6 8 2 0 3 6 2 4 0 1 4 4 1 3 2 0 4 0 0 1 0 0 4 0 1 0 1 2 0 0 0 0 1 1 0 0 0 751.7099910974503 1088.8700011521578 244.2300011664629 0 384.4399945437908 844.6399999856949 325.95000034570694 518.689999639988 0 111.71999898552895 516.9499967247248 518.689999639988 169.250000923872 367.26999655365944 244.2300011664629 0 518.689999639988 0 0 111.71999898552895 0 0 518.689999639988 0 156.69999942183495 0 169.250000923872 272.71999555826187 0 0 0 0 105.68999934196472 138.54000182449818 0 0 0 394.24999625980854 1245.949998319149 1840.579992249608 -1.9999997355043888 -5.209999959915876 -1.4599998518824577 -2.5299997329711914 -5.689999960362911 -1.4199998453259468 223 7 10 2 0 4 8 3 5 0 2 4 5 2 3 2 0 5 0 0 2 0 0 5 0 1 0 2 2 0 0 0 0 1 1 0 0 0 844.9899922758341 1382.6000013649464 244.2300011664629 0 477.71999572217464 1138.3700001984835 501.8099986463785 636.560001552105 0 205.00000016391277 516.9499967247248 636.560001552105 345.10999922454357 367.26999655365944 244.2300011664629 0 636.560001552105 0 0 205.00000016391277 0 0 636.560001552105 0 156.69999942183495 0 345.10999922454357 272.71999555826187 0 0 0 0 105.68999934196472 138.54000182449818 0 0 0 472.2999969422817 1512.6299986988306 2227.5899936407804 -1.9999996609985828 -6.409999955445528 -1.4599997997283936 -2.5299996733665466 -6.559999957680702 -1.7499998062849045
224 0 1 0 0 0 1 1 0 0 0 0 0 1 0 0 0 0 0 0 0 0 0 0 0 0 0 1 0 0 0 0 0 0 0 0 0 0 0 169.250000923872 0 0 0 169.250000923872 169.250000923872 0 0 0 0 0 169.250000923872 0 0 0 0 0 0 0 0 0 0 0 0 0 169.250000923872 0 0 0 0 0 0 0 0 0 0 25.630000233650208 140.72000059485435 169.250000923872 1.0000000298023224 -0.3999999985098839 1.0000000223517418 0.8400000259280205 -0.4699999988079071 1.0000000223517418 224 1 4 1 0 1 3 1 2 0 1 1 2 1 0 1 0 2 0 0 1 0 0 2 0 0 0 1 0 0 0 0 0 1 0 0 0 0 111.71999898552895 529.0700001716614 105.68999934196472 0 111.71999898552895 423.38000082969666 169.250000923872 254.12999990582466 0 111.71999898552895 105.68999934196472 254.12999990582466 169.250000923872 0 105.68999934196472 0 254.12999990582466 0 0 111.71999898552895 0 0 254.12999990582466 0 0 0 169.250000923872 0 0 0 0 0 105.68999934196472 0 0 0 0 137.51999834179878 417.12000119686127 640.7899991571903 -0.9999998919665813 -1.9999999925494194 -0.9999999292194843 -1.4399998970329762 -2.3499999940395355 -0.9999999292194843 224 2 5 2 0 2 3 1 2 0 1 3 2 1 0 2 0 2 0 0 1 0 0 2 0 0 0 1 1 0 0 0 0 1 1 0 0 0 259.23999720811844 667.6100019961596 244.2300011664629 0 259.23999720811844 423.38000082969666 169.250000923872 254.12999990582466 0 111.71999898552895 391.7499993890524 254.12999990582466 169.250000923872 0 244.2300011664629 0 254.12999990582466 0 0 111.71999898552895 0 0 254.12999990582466 0 0 0 169.250000923872 147.5199982225895 0 0 0 0 105.68999934196472 138.54000182449818 0 0 0 200.55999797582626 611.050001218915 926.849999204278 -0.9999998919665813 -2.799999989569187 -0.9999999441206455 -1.5799998976290226 -3.1499999910593033 -1.139999944716692 224 4 6 2 0 2 4 1 3 0 1 3 3 1 2 2 0 3 0 0 1 0 0 3 0 0 0 1 1 0 0 0 0 1 1 0 0 0 495.0699963271618 794.4500031024218 244.2300011664629 0 259.23999720811844 550.2200019359589 169.250000923872 380.97000101208687 0 111.71999898552895 391.7499993890524 380.97000101208687 169.250000923872 235.82999911904335 244.2300011664629 0 380.97000101208687 0 0 111.71999898552895 0 0 380.97000101208687 0 0 0 169.250000923872 147.5199982225895 0 0 0 0 105.68999934196472 138.54000182449818 0 0 0 279.9899977147579 864.4600026160479 1289.5199994295835 -1.9999998174607754 -3.73999997228384 -1.6399999000132084 -2.619999822229147 -4.129999972879887 -1.7799999006092548 224 6 7 2 0 3 5 1 4 0 1 4 4 1 3 2 0 4 0 0 1 0 0 4 0 0 0 1 2 0 0 0 0 1 1 0 0 0 751.7099910974503 932.1700017303228 244.2300011664629 0 384.4399945437908 687.9400005638599 169.250000923872 518.689999639988 0 111.71999898552895 516.9499967247248 518.689999639988 169.250000923872 367.26999655365944 244.2300011664629 0 518.689999639988 0 0 111.71999898552895 0 0 518.689999639988 0 0 0 169.250000923872 272.71999555826187 0 0 0 0 105.68999934196472 138.54000182449818 0 0 0 360.8099968880415 1131.669997870922 1683.879992827773 -2.9999997541308403 -4.8099999614059925 -2.4599998630583286 -3.529999751597643 -5.289999961853027 -2.4199998565018177 224 7 10 2 0 4 8 3 5 0 2 4 5 2 3 2 0 5 0 0 2 0 0 5 0 1 0 2 2 0 0 0 0 1 1 0 0 0 844.9899922758341 1418.8799975067377 244.2300011664629 0 477.71999572217464 1174.6499963402748 501.8099986463785 672.8399976938963 0 205.00000016391277 516.9499967247248 672.8399976938963 345.10999922454357 367.26999655365944 244.2300011664629 0 672.8399976938963 0 0 205.00000016391277 0 0 672.8399976938963 0 156.69999942183495 0 345.10999922454357 272.71999555826187 0 0 0 0 105.68999934196472 138.54000182449818 0 0 0 488.9099960774183 1523.3299955576658 2263.869989782572 -1.9999996609985828 -6.409999955445528 -1.4599997997283936 -3.019999675452709 -6.959999956190586 -1.8399998098611832
225 0 1 1 0 0 0 0 0 0 0 1 0 0 0 1 0 0 0 0 0 0 0 0 0 0 0 0 0 0 0 0 0 1 0 0 0 0 0 105.68999934196472 105.68999934196472 0 0 0 0 0 0 0 105.68999934196472 0 0 0 105.68999934196472 0 0 0 0 0 0 0 0 0 0 0 0 0 0 0 0 0 105.68999934196472 0 0 0 0 19.199999570846558 60.0 105.68999934196472 -3.725290298461914e-9 -0.3999999985098839 -1.1175870895385742e-8 -0.07000000402331352 -0.4699999988079071 -1.1175870895385742e-8 225 1 4 2 0 1 2 1 1 0 1 2 1 1 0 2 0 1 0 0 1 0 0 1 0 0 0 1 0 0 0 0 0 1 1 0 0 0 111.71999898552895 522.5499998778105 244.2300011664629 0 111.71999898552895 278.3199987113476 169.250000923872 109.06999778747559 0 111.71999898552895 244.2300011664629 109.06999778747559 169.250000923872 0 244.2300011664629 0 109.06999778747559 0 0 111.71999898552895 0 0 109.06999778747559 0 0 0 169.250000923872 0 0 0 0 0 105.68999934196472 138.54000182449818 0 0 0 125.30999945104122 424.55000004172325 634.2699988633394 6.332993507385254e-8 -1.9999999925494194 2.60770320892334e-8 -0.509999942034483 -2.2799999937415123 -0.13999997451901436 225 2 5 2 0 1 3 1 2 0 1 2 2 1 1 2 0 2 0 0 1 0 0 2 0 0 0 1 0 0 0 0 0 1 1 0 0 0 233.77999836206436 667.6100019961596 244.2300011664629 0 111.71999898552895 423.38000082969666 169.250000923872 254.12999990582466 0 111.71999898552895 244.2300011664629 254.12999990582466 169.250000923872 122.05999937653542 244.2300011664629 0 254.12999990582466 0 0 111.71999898552895 0 0 254.12999990582466 0 0 0 169.250000923872 0 0 0 0 0 105.68999934196472 138.54000182449818 0 0 0 189.5699982792139 606.1300023794174 901.3900003582239 -0.9999998807907104 -2.669999983161688 -0.8199999369680882 -1.5999998860061169 -3.039999984204769 -0.9599999375641346 225 5 6 2 0 2 4 1 3 0 1 3 3 1 3 2 0 3 0 0 1 0 0 3 0 0 0 1 1 0 0 0 0 1 1 0 0 0 626.5099937617779 794.4500031024218 244.2300011664629 0 259.23999720811844 550.2200019359589 169.250000923872 380.97000101208687 0 111.71999898552895 391.7499993890524 380.97000101208687 169.250000923872 367.26999655365944 244.2300011664629 0 380.97000101208687 0 0 111.71999898552895 0 0 380.97000101208687 0 0 0 169.250000923872 147.5199982225895 0 0 0 0 105.68999934196472 138.54000182449818 0 0 0 305.51999697089195 960.6700009852648 1420.9599968641996 -1.9999997988343239 -4.009999964386225 -1.459999892860651 -2.6399998031556606 -4.419999964535236 -1.5999998934566975 225 7 7 2 0 4 5 1 4 0 2 4 4 1 3 2 0 4 0 0 2 0 0 4 0 0 0 1 2 0 0 0 0 1 1 0 0 0 844.9899922758341 932.1700017303228 244.2300011664629 0 477.71999572217464 687.9400005638599 169.250000923872 518.689999639988 0 205.00000016391277 516.9499967247248 518.689999639988 169.250000923872 367.26999655365944 244.2300011664629 0 518.689999639988 0 0 205.00000016391277 0 0 518.689999639988 0 0 0 169.250000923872 272.71999555826187 0 0 0 0 105.68999934196472 138.54000182449818 0 0 0 397.459998190403 1175.5599979758263 1777.159994006157 -2.9999997466802597 -5.209999959915876 -2.4599998630583286 -3.5299997441470623 -5.689999960362911 -2.4199998565018177 225 8 9 2 0 4 7 2 5 0 2 4 5 1 4 2 0 5 0 0 2 0 0 5 0 1 0 1 2 0 0 0 0 1 1 0 0 0 962.7099910676479 1243.0199992060661 244.2300011664629 0 477.71999572217464 998.7899980396032 325.95000034570694 672.8399976938963 0 205.00000016391277 516.9499967247248 672.8399976938963 169.250000923872 484.9899953454733 244.2300011664629 0 672.8399976938963 0 0 205.00000016391277 0 0 672.8399976938963 0 156.69999942183495 0 169.250000923872 272.71999555826187 0 0 0 0 105.68999934196472 138.54000182449818 0 0 0 479.1299965828657 1486.839996382594 2205.729990273714 -2.9999996721744537 -6.279999949038029 -2.279999814927578 -3.2599996775388718 -6.489999957382679 -2.239999808371067
226 1 0 0 0 1 0 0 0 0 1 0 0 0 0 0 0 0 0 0 1 0 0 0 0 0 0 0 0 0 0 0 0 0 0 0 0 0 111.71999898552895 0 0 0 111.71999898552895 0 0 0 0 111.71999898552895 0 0 0 0 0 0 0 0 0 111.71999898552895 0 0 0 0 0 0 0 0 0 0 0 0 0 0 0 0 0 25.28999963402748 62.38999938964844 111.71999898552895 7.450580596923828e-9 -0.3999999985098839 0.0 -0.06999999284744263 -0.4699999988079071 0.0 226 2 3 2 0 1 1 1 0 0 1 2 0 1 1 2 0 0 0 0 1 0 0 0 0 0 0 1 0 0 0 0 0 1 1 0 0 0 233.77999836206436 413.4800020903349 244.2300011664629 0 111.71999898552895 169.250000923872 169.250000923872 0 0 111.71999898552895 244.2300011664629 0 169.250000923872 122.05999937653542 244.2300011664629 0 0 0 0 111.71999898552895 0 0 0 0 0 0 169.250000923872 0 0 0 0 0 105.68999934196472 138.54000182449818 0 0 0 122.16999937593937 452.12000116705894 647.2600004523993 1.0000000447034836 -1.86999998614192 1.180000003427267 0.5400000400841236 -2.099999986588955 1.0400000028312206 226 3 4 2 0 1 2 1 1 0 1 2 1 1 2 2 0 1 0 0 1 0 0 1 0 0 0 1 0 0 0 0 0 1 1 0 0 0 347.5499981045723 522.5499998778105 244.2300011664629 0 111.71999898552895 278.3199987113476 169.250000923872 109.06999778747559 0 111.71999898552895 244.2300011664629 109.06999778747559 169.250000923872 235.82999911904335 244.2300011664629 0 109.06999778747559 0 0 111.71999898552895 0 0 109.06999778747559 0 0 0 169.250000923872 0 0 0 0 0 105.68999934196472 138.54000182449818 0 0 0 179.6999986320734 595.1300002038479 870.0999979823828 1.0058283805847168e-7 -2.5399999767541885 0.36000004038214684 -0.5499999038875103 -2.8599999770522118 0.2200000397861004 226 6 5 2 0 3 3 1 2 0 2 3 2 1 3 2 0 2 0 0 2 0 0 2 0 0 0 1 1 0 0 0 0 1 1 0 0 0 719.7899949401617 667.6100019961596 244.2300011664629 0 352.51999838650227 423.38000082969666 169.250000923872 254.12999990582466 0 205.00000016391277 391.7499993890524 254.12999990582466 169.250000923872 367.26999655365944 244.2300011664629 0 254.12999990582466 0 0 205.00000016391277 0 0 254.12999990582466 0 0 0 169.250000923872 147.5199982225895 0 0 0 0 105.68999934196472 138.54000182449818 0 0 0 317.12999771535397 921.7299998551607 1387.3999969363213 -0.9999998286366463 -4.009999964386225 -0.4599999226629734 -1.639999832957983 -4.419999964535236 -0.5999999232590199 226 7 7 2 0 3 5 1 4 0 2 3 4 1 4 2 0 4 0 0 2 0 0 4 0 0 0 1 1 0 0 0 0 1 1 0 0 0 837.5099937319756 948.6000011563301 244.2300011664629 0 352.51999838650227 704.3699999898672 169.250000923872 535.1199990659952 0 205.00000016391277 391.7499993890524 535.1199990659952 169.250000923872 484.9899953454733 244.2300011664629 0 535.1199990659952 0 0 205.00000016391277 0 0 535.1199990659952 0 0 0 169.250000923872 147.5199982225895 0 0 0 0 105.68999934196472 138.54000182449818 0 0 0 390.3999972939491 1201.5599990487099 1786.1099948883057 -2.999999735504389 -5.079999953508377 -2.2799998559057713 -3.369999747723341 -5.219999961555004 -2.4199998565018177 226 9 8 2 0 5 6 1 5 0 3 4 5 1 4 2 0 5 0 0 3 0 0 5 0 0 0 1 2 0 0 0 0 1 1 0 0 0 1059.0799905061722 1086.3199997842312 244.2300011664629 0 574.0899951606989 842.0899986177683 169.250000923872 672.8399976938963 0 301.369999602437 516.9499967247248 672.8399976938963 169.250000923872 484.9899953454733 244.2300011664629 0 672.8399976938963 0 0 301.369999602437 0 0 672.8399976938963 0 0 0 169.250000923872 272.71999555826187 0 0 0 0 105.68999934196472 138.54000182449818 0 0 0 482.8399963825941 1412.3799961060286 2145.3999902904034 -3.9999996833503246 -6.279999949038029 -3.279999826103449 -4.259999688714743 -6.489999957382679 -3.239999819546938
227 0 1 1 0 0 0 0 0 0 0 1 0 0 0 1 0 0 0 0 0 0 0 0 0 0 0 0 0 0 0 0 0 0 1 0 0 0 0 138.54000182449818 138.54000182449818 0 0 0 0 0 0 0 138.54000182449818 0 0 0 138.54000182449818 0 0 0 0 0 0 0 0 0 0 0 0 0 0 0 0 0 0 138.54000182449818 0 0 0 27.350000336766243 92.81000137329102 138.54000182449818 -7.450580596923828e-9 -0.3999999985098839 -1.4901161193847656e-8 -0.14000000804662704 -0.3999999985098839 -0.14000001549720764 227 3 2 2 0 1 0 0 0 0 1 2 0 0 2 2 0 0 0 0 1 0 0 0 0 0 0 0 0 0 0 0 0 1 1 0 0 0 347.5499981045723 244.2300011664629 244.2300011664629 0 111.71999898552895 0 0 0 0 111.71999898552895 244.2300011664629 0 0 235.82999911904335 244.2300011664629 0 0 0 0 111.71999898552895 0 0 0 0 0 0 0 0 0 0 0 0 105.68999934196472 138.54000182449818 0 0 0 126.22999872267246 385.7800009250641 591.7799992710352 3.3527612686157227e-8 -1.7399999797344208 0.35999998822808266 -0.31999996677041054 -1.9199999794363976 0.2199999876320362 227 5 3 2 0 2 1 1 0 0 2 2 0 1 3 2 0 0 0 0 2 0 0 0 0 0 0 1 0 0 0 0 0 1 1 0 0 0 572.2699967175722 413.4800020903349 244.2300011664629 0 205.00000016391277 169.250000923872 169.250000923872 0 0 205.00000016391277 244.2300011664629 0 169.250000923872 367.26999655365944 244.2300011664629 0 0 0 0 205.00000016391277 0 0 0 0 0 0 169.250000923872 0 0 0 0 0 105.68999934196472 138.54000182449818 0 0 0 214.0399995148182 666.5999999940395 985.7499988079071 1.0000000894069672 -2.809999968856573 1.5400000177323818 0.5000000856816769 -3.0799999684095383 1.4000000171363354 227 5 6 2 0 2 4 1 3 0 2 2 3 1 3 2 0 3 0 0 2 0 0 3 0 0 0 1 0 0 0 0 0 1 1 0 0 0 572.2699967175722 821.7600000500679 244.2300011664629 0 205.00000016391277 577.529998883605 169.250000923872 408.279997959733 0 205.00000016391277 244.2300011664629 408.279997959733 169.250000923872 367.26999655365944 244.2300011664629 0 408.279997959733 0 0 205.00000016391277 0 0 408.279997959733 0 0 0 169.250000923872 0 0 0 0 0 105.68999934196472 138.54000182449818 0 0 0 310.7199976295233 927.8199997246265 1394.0299967676401 -1.9999997988343239 -4.009999964386225 -1.459999892860651 -2.6399998031556606 -4.419999964535236 -1.5999998934566975 227 8 7 2 0 4 5 1 4 0 3 3 4 1 4 2 0 4 0 0 3 0 0 4 0 0 0 1 1 0 0 0 0 1 1 0 0 0 933.8799931704998 948.6000011563301 244.2300011664629 0 448.8899978250265 704.3699999898672 169.250000923872 535.1199990659952 0 301.369999602437 391.7499993890524 535.1199990659952 169.250000923872 484.9899953454733 244.2300011664629 0 535.1199990659952 0 0 301.369999602437 0 0 535.1199990659952 0 0 0 169.250000923872 147.5199982225895 0 0 0 0 105.68999934196472 138.54000182449818 0 0 0 427.54999646544456 1241.3799992203712 1882.47999432683 -2.999999728053808 -5.479999952018261 -2.2799998559057713 -3.3699997402727604 -5.619999960064888 -2.4199998565018177 227 10 9 3 0 6 6 1 5 0 3 6 5 1 4 3 0 5 0 0 3 0 0 5 0 0 0 1 3 0 0 0 0 2 1 0 0 0 1230.0899922847748 1180.7399996221066 338.65000100433826 0 745.0999969393015 842.0899986177683 169.250000923872 672.8399976938963 0 301.369999602437 782.3799983412027 672.8399976938963 169.250000923872 484.9899953454733 338.65000100433826 0 672.8399976938963 0 0 301.369999602437 0 0 672.8399976938963 0 0 0 169.250000923872 443.72999733686447 0 0 0 0 200.1099991798401 138.54000182449818 0 0 0 529.1799961775541 1593.1099982708693 2410.8299919068813 -3.9999996796250343 -7.0799999460577965 -3.2799998372793198 -4.0599996745586395 -7.35999995470047 -2.969999819993973
228 1 0 0 0 0 0 0 0 0 0 0 0 0 1 0 0 0 0 0 0 0 0 0 0 0 0 0 0 0 0 0 0 0 0 0 0 0 122.05999937653542 0 0 0 0 0 0 0 0 0 0 0 0 122.05999937653542 0 0 0 0 0 0 0 0 0 0 0 0 0 0 0 0 0 0 0 0 0 0 0 24.69999960064888 96.19999980926514 122.05999937653542 1.862645149230957e-8 -0.26999999210238457 0.18000000715255737 -0.019999980926513672 -0.28999999165534973 0.18000000715255737 228 4 1 1 0 1 0 0 0 0 1 1 0 0 3 1 0 0 0 0 1 0 0 0 0 0 0 0 0 0 0 0 0 0 1 0 0 0 478.9899955391884 138.54000182449818 138.54000182449818 0 111.71999898552895 0 0 0 0 111.71999898552895 138.54000182449818 0 0 367.26999655365944 138.54000182449818 0 0 0 0 111.71999898552895 0 0 0 0 0 0 0 0 0 0 0 0 0 138.54000182449818 0 0 0 132.55999840795994 421.989999294281 617.5299973636866 5.587935447692871e-8 -1.6099999733269215 0.5400000065565109 -0.2699999436736107 -1.7399999722838402 0.4000000059604645 228 5 2 2 0 2 0 0 0 0 2 2 0 0 3 2 0 0 0 0 2 0 0 0 0 0 0 0 0 0 0 0 0 1 1 0 0 0 572.2699967175722 244.2300011664629 244.2300011664629 0 205.00000016391277 0 0 0 0 205.00000016391277 244.2300011664629 0 0 367.26999655365944 244.2300011664629 0 0 0 0 205.00000016391277 0 0 0 0 0 0 0 0 0 0 0 0 105.68999934196472 138.54000182449818 0 0 0 188.40999928116798 525.8799993991852 816.4999978840351 5.960464477539063e-8 -2.4099999703466892 0.53999999538064 -0.3399999402463436 -2.609999969601631 0.3999999947845936 228 6 5 2 0 2 3 1 2 0 2 2 2 1 4 2 0 2 0 0 2 0 0 2 0 0 0 1 0 0 0 0 0 1 1 0 0 0 689.9899955093861 676.6999979317188 244.2300011664629 0 205.00000016391277 432.4699967652559 169.250000923872 263.21999584138393 0 205.00000016391277 244.2300011664629 263.21999584138393 169.250000923872 484.9899953454733 244.2300011664629 0 263.21999584138393 0 0 205.00000016391277 0 0 263.21999584138393 0 0 0 169.250000923872 0 0 0 0 0 105.68999934196472 138.54000182449818 0 0 0 290.1099982112646 932.2299966365099 1366.689993441105 -0.9999998174607754 -3.8799999579787254 -0.27999991551041603 -1.2999998293817043 -3.9499999657273293 -0.4199999161064625 228 8 6 2 0 4 4 1 3 0 3 3 3 1 4 2 0 3 0 0 3 0 0 3 0 0 0 1 1 0 0 0 0 1 1 0 0 0 933.8799931704998 821.7600000500679 244.2300011664629 0 448.8899978250265 577.529998883605 169.250000923872 408.279997959733 0 301.369999602437 391.7499993890524 408.279997959733 169.250000923872 484.9899953454733 244.2300011664629 0 408.279997959733 0 0 301.369999602437 0 0 408.279997959733 0 0 0 169.250000923872 147.5199982225895 0 0 0 0 105.68999934196472 138.54000182449818 0 0 0 402.5099959075451 1158.549997985363 1755.6399932205677 -1.9999997653067112 -5.079999953508377 -1.2799998857080936 -2.3699997775256634 -5.219999961555004 -1.41999988630414 228 9 9 3 0 5 6 1 5 0 3 5 5 1 4 3 0 5 0 0 3 0 0 5 0 0 0 1 2 0 0 0 0 2 1 0 0 0 1104.8899949491024 1180.7399996221066 338.65000100433826 0 619.8999996036291 842.0899986177683 169.250000923872 672.8399976938963 0 301.369999602437 657.1800010055304 672.8399976938963 169.250000923872 484.9899953454733 338.65000100433826 0 672.8399976938963 0 0 301.369999602437 0 0 672.8399976938963 0 0 0 169.250000923872 318.5300000011921 0 0 0 0 200.1099991798401 138.54000182449818 0 0 0 513.0999962538481 1505.2700005918741 2285.629994571209 -3.999999687075615 -6.679999947547913 -3.2799998372793198 -4.169999688863754 -6.889999955892563 -3.14999982714653
229 1 0 0 0 0 0 0 0 0 0 0 0 0 1 0 0 0 0 0 0 0 0 0 0 0 0 0 0 0 0 0 0 0 0 0 0 0 113.76999974250793 0 0 0 0 0 0 0 0 0 0 0 0 113.76999974250793 0 0 0 0 0 0 0 0 0 0 0 0 0 0 0 0 0 0 0 0 0 0 0 29.6899995803833 74.3800003528595 113.76999974250793 1.862645149230957e-8 -0.26999999210238457 0.18000000715255737 -0.019999980926513672 -0.28999999165534973 0.18000000715255737 229 4 1 1 0 1 0 0 0 0 1 1 0 0 3 1 0 0 0 0 1 0 0 0 0 0 0 0 0 0 0 0 0 0 1 0 0 0 460.54999773204327 138.54000182449818 138.54000182449818 0 93.28000117838383 0 0 0 0 93.28000117838383 138.54000182449818 0 0 367.26999655365944 138.54000182449818 0 0 0 0 93.28000117838383 0 0 0 0 0 0 0 0 0 0 0 0 0 138.54000182449818 0 0 0 143.92000007629395 403.49000000953674 599.0899995565414 5.587935447692871e-8 -1.6099999733269215 0.5400000065565109 -0.19999994337558746 -1.669999971985817 0.4000000059604645 229 5 2 1 0 2 1 0 1 0 2 1 1 0 3 1 0 1 0 0 2 0 0 1 0 0 0 0 0 0 0 0 0 0 1 0 0 0 572.2699967175722 292.6899998784065 138.54000182449818 0 205.00000016391277 154.14999805390835 0 154.14999805390835 0 205.00000016391277 138.54000182449818 154.14999805390835 0 367.26999655365944 138.54000182449818 0 154.14999805390835 0 0 205.00000016391277 0 0 154.14999805390835 0 0 0 0 0 0 0 0 0 0 138.54000182449818 0 0 0 198.48999892175198 573.0899979174137 864.9599965959787 -0.9999998994171619 -2.4099999703466892 -0.4599999636411667 -1.269999898970127 -2.539999969303608 -0.5999999642372131 229 7 4 2 0 3 2 1 1 0 3 2 1 1 4 2 0 1 0 0 3 0 0 1 0 0 0 1 0 0 0 0 0 1 1 0 0 0 786.3599949479103 567.6300001442432 244.2300011664629 0 301.369999602437 323.39999897778034 169.250000923872 154.14999805390835 0 301.369999602437 244.2300011664629 154.14999805390835 169.250000923872 484.9899953454733 244.2300011664629 0 154.14999805390835 0 0 301.369999602437 0 0 154.14999805390835 0 0 0 169.250000923872 0 0 0 0 0 105.68999934196472 138.54000182449818 0 0 0 299.4199977070093 903.4199981242418 1353.9899950921535 1.5273690223693848e-7 -3.8799999579787254 0.7200000546872616 -0.2299998588860035 -3.879999965429306 0.5800000540912151 229 7 7 3 0 3 4 1 3 0 3 3 3 1 4 3 0 3 0 0 3 0 0 3 0 0 0 1 0 0 0 0 0 2 1 0 0 0 786.3599949479103 916.1799998879433 338.65000100433826 0 301.369999602437 577.529998883605 169.250000923872 408.279997959733 0 301.369999602437 338.65000100433826 408.279997959733 169.250000923872 484.9899953454733 338.65000100433826 0 408.279997959733 0 0 301.369999602437 0 0 408.279997959733 0 0 0 169.250000923872 0 0 0 0 0 200.1099991798401 138.54000182449818 0 0 0 388.1799965053797 1109.2099995464087 1702.5399948358536 -1.999999776482582 -5.079999953508377 -1.2799998968839645 -2.4399997889995575 -5.289999961853027 -1.419999897480011 229 10 9 3 0 5 6 1 5 0 3 5 5 1 5 3 0 5 0 0 3 0 0 5 0 0 0 1 2 0 0 0 0 2 1 0 0 0 1210.5199950933456 1180.7399996221066 338.65000100433826 0 619.8999996036291 842.0899986177683 169.250000923872 672.8399976938963 0 301.369999602437 657.1800010055304 672.8399976938963 169.250000923872 590.6199954897165 338.65000100433826 0 672.8399976938963 0 0 301.369999602437 0 0 672.8399976938963 0 0 0 169.250000923872 318.5300000011921 0 0 0 0 200.1099991798401 138.54000182449818 0 0 0 542.9099966734648 1581.0900003165007 2391.259994715452 -3.9999996684491634 -6.949999939650297 -3.0999998301267624 -4.279999673366547 -7.179999947547913 -2.969999819993973
230 1 0 0 0 0 0 0 0 0 0 0 0 0 1 0 0 0 0 0 0 0 0 0 0 0 0 0 0 0 0 0 0 0 0 0 0 0 131.4399974346161 0 0 0 0 0 0 0 0 0 0 0 0 131.4399974346161 0 0 0 0 0 0 0 0 0 0 0 0 0 0 0 0 0 0 0 0 0 0 0 25.529999256134033 96.20999836921692 131.4399974346161 1.862645149230957e-8 -0.26999999210238457 0.18000000715255737 -0.019999980926513672 -0.28999999165534973 0.18000000715255737 230 4 1 0 0 1 1 0 1 0 1 0 1 0 3 0 0 1 0 0 1 0 0 1 0 0 0 0 0 0 0 0 0 0 0 0 0 0 460.54999773204327 154.14999805390835 0 0 93.28000117838383 154.14999805390835 0 154.14999805390835 0 93.28000117838383 0 154.14999805390835 0 367.26999655365944 0 0 154.14999805390835 0 0 93.28000117838383 0 0 154.14999805390835 0 0 0 0 0 0 0 0 0 0 0 0 0 0 145.84999895095825 417.88999715447426 614.6999957859516 -0.9999998994171619 -1.6099999733269215 -0.4599999487400055 -1.0599998980760574 -1.669999971985817 -0.4599999487400055 230 5 2 1 0 1 1 0 1 0 1 1 1 0 4 1 0 1 0 0 1 0 0 1 0 0 0 0 0 0 0 0 0 0 1 0 0 0 578.2699965238571 292.6899998784065 138.54000182449818 0 93.28000117838383 154.14999805390835 0 154.14999805390835 0 93.28000117838383 138.54000182449818 154.14999805390835 0 484.9899953454733 138.54000182449818 0 154.14999805390835 0 0 93.28000117838383 0 0 154.14999805390835 0 0 0 0 0 0 0 0 0 0 138.54000182449818 0 0 0 192.14999909698963 600.4899979680777 870.9599964022636 -0.999999888241291 -2.27999996393919 -0.2799999564886093 -0.9299998953938484 -2.069999970495701 -0.41999995708465576 230 7 4 3 0 3 1 0 1 0 3 3 1 0 4 3 0 1 0 0 3 0 0 1 0 0 0 0 0 0 0 0 0 2 1 0 0 0 786.3599949479103 492.7999990582466 338.65000100433826 0 301.369999602437 154.14999805390835 0 154.14999805390835 0 301.369999602437 338.65000100433826 154.14999805390835 0 484.9899953454733 338.65000100433826 0 154.14999805390835 0 0 301.369999602437 0 0 154.14999805390835 0 0 0 0 0 0 0 0 0 200.1099991798401 138.54000182449818 0 0 0 295.14999736845493 814.4799977391958 1279.159994006157 -0.9999998807907104 -3.8799999579787254 -0.2799999788403511 -1.1399998888373375 -3.879999965429306 -0.41999997943639755 230 8 6 3 0 4 3 1 2 0 3 4 2 1 4 3 0 2 0 0 3 0 0 2 0 0 0 1 1 0 0 0 0 2 1 0 0 0 957.3699967265129 771.1199977695942 338.65000100433826 0 472.3800013810396 432.4699967652559 169.250000923872 263.21999584138393 0 301.369999602437 509.66000278294086 263.21999584138393 169.250000923872 484.9899953454733 338.65000100433826 0 263.21999584138393 0 0 301.369999602437 0 0 263.21999584138393 0 0 0 169.250000923872 171.0100017786026 0 0 0 0 200.1099991798401 138.54000182449818 0 0 0 373.59999717772007 1152.779998973012 1728.489994496107 -0.9999998062849045 -5.079999953508377 -0.2799999266862869 -1.0999998077750206 -5.219999961555004 -0.14999991655349731 230 10 10 4 0 5 6 1 5 0 3 5 6 1 5 3 1 5 0 0 3 0 0 5 0 0 0 1 2 0 0 1 0 2 1 0 0 0 1210.5199950933456 1385.690004736185 511.04000364243984 0 619.8999996036291 874.6500010937452 169.250000923872 705.4000001698732 0 301.369999602437 657.1800010055304 877.7900028079748 169.250000923872 590.6199954897165 338.65000100433826 172.39000263810158 705.4000001698732 0 0 301.369999602437 0 0 705.4000001698732 0 0 0 169.250000923872 318.5300000011921 0 0 172.39000263810158 0 200.1099991798401 138.54000182449818 0 0 0 553.2699981033802 1767.5800029039383 2596.2099998295307 -3.999999660998583 -7.349999938160181 -3.0999998301267624 -4.239999659359455 -7.719999946653843 -2.7899998128414154
231 1 0 0 0 1 0 0 0 0 1 0 0 0 0 0 0 0 0 0 1 0 0 0 0 0 0 0 0 0 0 0 0 0 0 0 0 0 93.28000117838383 0 0 0 93.28000117838383 0 0 0 0 93.28000117838383 0 0 0 0 0 0 0 0 0 93.28000117838383 0 0 0 0 0 0 0 0 0 0 0 0 0 0 0 0 0 36.65000130236149 43.890000104904175 93.28000117838383 7.450580596923828e-9 -0.3999999985098839 0.0 7.450580596923828e-9 -0.3999999985098839 0.0 231 4 1 0 0 1 1 0 1 0 1 0 1 0 3 0 0 1 0 0 1 0 0 1 0 0 0 0 0 0 0 0 0 0 0 0 0 0 456.2099971473217 154.14999805390835 0 0 93.28000117838383 154.14999805390835 0 154.14999805390835 0 93.28000117838383 0 154.14999805390835 0 362.9299959689379 0 0 154.14999805390835 0 0 93.28000117838383 0 0 154.14999805390835 0 0 0 0 0 0 0 0 0 0 0 0 0 0 140.0999991595745 411.4799967855215 610.35999520123 -0.9999998994171619 -1.6099999733269215 -0.4599999487400055 -0.7699999064207077 -1.3799999803304672 -0.4599999487400055 231 6 2 1 0 2 1 0 1 0 2 1 1 0 4 1 0 1 0 0 2 0 0 1 0 0 0 0 0 0 0 0 0 0 1 0 0 0 674.6399959623814 292.6899998784065 138.54000182449818 0 189.65000061690807 154.14999805390835 0 154.14999805390835 0 189.65000061690807 138.54000182449818 154.14999805390835 0 484.9899953454733 138.54000182449818 0 154.14999805390835 0 0 189.65000061690807 0 0 154.14999805390835 0 0 0 0 0 0 0 0 0 0 138.54000182449818 0 0 0 229.29999826848507 640.309998139739 967.3299958407879 -0.9999998807907104 -2.679999962449074 -0.2799999564886093 -0.9299998879432678 -2.4699999690055847 -0.41999995708465576 231 8 3 2 0 4 1 0 1 0 3 3 1 0 4 2 0 1 0 0 3 0 0 1 0 0 0 0 1 0 0 0 0 1 1 0 0 0 957.3699967265129 387.1099997162819 232.96000166237354 0 472.3800013810396 154.14999805390835 0 154.14999805390835 0 301.369999602437 403.97000344097614 154.14999805390835 0 484.9899953454733 232.96000166237354 0 154.14999805390835 0 0 301.369999602437 0 0 154.14999805390835 0 0 0 0 171.0100017786026 0 0 0 0 94.41999983787537 138.54000182449818 0 0 0 300.9299976974726 883.4299996942282 1344.4799964427948 -0.9999998696148396 -3.8799999579787254 -0.2799999676644802 -0.7999998666346073 -3.809999965131283 -0.1499999575316906 231 9 5 4 0 4 1 0 1 0 3 4 2 0 5 3 1 1 0 0 3 0 0 1 0 0 0 0 1 0 0 1 0 2 1 0 0 0 1062.9999968707561 665.1900016963482 511.04000364243984 0 472.3800013810396 154.14999805390835 0 154.14999805390835 0 301.369999602437 509.66000278294086 326.5400006920099 0 590.6199954897165 338.65000100433826 172.39000263810158 154.14999805390835 0 0 301.369999602437 0 0 154.14999805390835 0 0 0 0 171.0100017786026 0 0 172.39000263810158 0 200.1099991798401 138.54000182449818 0 0 0 380.16999842226505 1149.2500009983778 1728.1899985671043 -0.9999998472630978 -4.949999947100878 -0.09999997168779373 -0.8699998408555984 -5.039999954402447 0.21000004559755325 231 9 8 4 0 4 4 1 3 0 3 4 4 1 5 3 1 3 0 0 3 0 0 3 0 0 0 1 1 0 0 1 0 2 1 0 0 0 1062.9999968707561 1113.7900015115738 511.04000364243984 0 472.3800013810396 602.749997869134 169.250000923872 433.49999694526196 0 301.369999602437 509.66000278294086 605.8899995833635 169.250000923872 590.6199954897165 338.65000100433826 172.39000263810158 433.49999694526196 0 0 301.369999602437 0 0 433.49999694526196 0 0 0 169.250000923872 171.0100017786026 0 0 172.39000263810158 0 200.1099991798401 138.54000182449818 0 0 0 452.9799990206957 1498.2500004917383 2176.78999838233 -1.9999997429549694 -6.149999942630529 -1.0999998897314072 -2.1699997410178185 -6.449999950826168 -0.7899998724460602
232 0 1 0 0 0 1 0 1 0 0 0 1 0 0 0 0 1 0 0 0 0 0 1 0 0 0 0 0 0 0 0 0 0 0 0 0 0 0 154.14999805390835 0 0 0 154.14999805390835 0 154.14999805390835 0 0 0 154.14999805390835 0 0 0 0 154.14999805390835 0 0 0 0 0 154.14999805390835 0 0 0 0 0 0 0 0 0 0 0 0 0 0 29.27999921143055 107.20999851822853 154.14999805390835 -0.999999962747097 -0.3999999985098839 -0.9999999701976776 -0.999999962747097 -0.3999999985098839 -0.9999999701976776 232 4 1 0 0 2 1 0 1 0 2 0 1 0 2 0 0 1 0 0 2 0 0 1 0 0 0 0 0 0 0 0 0 0 0 0 0 0 438.809996843338 154.14999805390835 0 0 189.65000061690807 154.14999805390835 0 154.14999805390835 0 189.65000061690807 0 154.14999805390835 0 249.15999622642994 0 0 154.14999805390835 0 0 189.65000061690807 0 0 154.14999805390835 0 0 0 0 0 0 0 0 0 0 0 0 0 0 147.55999875068665 376.9199966043234 592.9599948972464 -0.9999999105930328 -1.7399999797344208 -0.6399999558925629 -0.7499999180436134 -1.4899999871850014 -0.6399999558925629 232 5 2 1 0 2 1 0 1 0 2 1 1 0 3 1 0 1 0 0 2 0 0 1 0 0 0 0 0 0 0 0 0 1 0 0 0 0 552.579996585846 248.56999789178371 94.41999983787537 0 189.65000061690807 154.14999805390835 0 154.14999805390835 0 189.65000061690807 94.41999983787537 154.14999805390835 0 362.9299959689379 94.41999983787537 0 154.14999805390835 0 0 189.65000061690807 0 0 154.14999805390835 0 0 0 0 0 0 0 0 0 94.41999983787537 0 0 0 0 198.60999822616577 503.07999716699123 801.1499944776297 -0.9999998956918716 -2.4099999703466892 -0.4599999599158764 -0.8399999029934406 -2.249999977648258 -0.4599999599158764 232 8 3 2 0 3 1 0 1 0 2 3 1 0 5 2 0 1 0 0 2 0 0 1 0 0 0 0 1 0 0 0 0 1 1 0 0 0 951.2799978852272 387.1099997162819 232.96000166237354 0 360.6600023955107 154.14999805390835 0 154.14999805390835 0 189.65000061690807 403.97000344097614 154.14999805390835 0 590.6199954897165 232.96000166237354 0 154.14999805390835 0 0 189.65000061690807 0 0 154.14999805390835 0 0 0 0 171.0100017786026 0 0 0 0 94.41999983787537 138.54000182449818 0 0 0 305.4499984830618 896.8600000292063 1338.389997601509 -0.9999998584389687 -3.749999951571226 -0.09999996051192284 -0.839999858289957 -3.6299999579787254 0.030000049620866776 232 9 5 3 0 4 2 0 2 0 3 3 3 0 5 2 1 2 0 0 3 0 0 2 0 0 0 0 1 0 0 1 0 1 1 0 0 0 1062.9999968707561 729.7800034582615 405.3500043004751 0 472.3800013810396 324.42999915778637 0 324.42999915778637 0 301.369999602437 403.97000344097614 496.82000179588795 0 590.6199954897165 232.96000166237354 172.39000263810158 324.42999915778637 0 0 301.369999602437 0 0 324.42999915778637 0 0 0 0 171.0100017786026 0 0 172.39000263810158 0 94.41999983787537 138.54000182449818 0 0 0 380.3099995404482 1228.9000012129545 1792.7800003290176 -1.9999998062849045 -4.949999947100878 -1.0999999307096004 -1.8699997998774052 -5.039999954402447 -0.7899999134242535 232 10 7 4 0 4 3 1 2 0 3 4 3 1 6 3 1 2 0 0 3 0 0 2 0 0 0 1 1 0 0 1 0 2 1 0 0 0 1184.3399976938963 1004.7200037240982 511.04000364243984 0 472.3800013810396 493.68000008165836 169.250000923872 324.42999915778637 0 301.369999602437 509.66000278294086 496.82000179588795 169.250000923872 711.9599963128567 338.65000100433826 172.39000263810158 324.42999915778637 0 0 301.369999602437 0 0 324.42999915778637 0 0 0 169.250000923872 171.0100017786026 0 0 172.39000263810158 0 200.1099991798401 138.54000182449818 0 0 0 442.82999911904335 1528.0600028187037 2189.0600014179945 -0.9999997615814209 -6.01999993622303 0.08000008761882782 -1.1199997588992119 -6.269999943673611 0.3900001049041748
233 1 0 0 0 0 0 0 0 0 0 0 0 0 1 0 0 0 0 0 0 0 0 0 0 0 0 0 0 0 0 0 0 0 0 0 0 0 117.71999879181385 0 0 0 0 0 0 0 0 0 0 0 0 117.71999879181385 0 0 0 0 0 0 0 0 0 0 0 0 0 0 0 0 0 0 0 0 0 0 0 18.949999809265137 89.78999944031239 117.71999879181385 1.862645149230957e-8 -0.26999999210238457 0.18000000715255737 0.27000001072883606 0.0 0.18000000715255737 233 3 1 0 0 2 1 0 1 0 2 0 1 0 1 0 0 1 0 0 2 0 0 1 0 0 0 0 0 0 0 0 0 0 0 0 0 0 307.3699994087219 154.14999805390835 0 0 189.65000061690807 154.14999805390835 0 154.14999805390835 0 189.65000061690807 0 154.14999805390835 0 117.71999879181385 0 0 154.14999805390835 0 0 189.65000061690807 0 0 154.14999805390835 0 0 0 0 0 0 0 0 0 0 0 0 0 0 122.02999949455261 280.70999823510647 461.5199974626303 -0.9999999292194843 -1.4699999876320362 -0.8199999630451202 -0.7299999371170998 -1.1999999955296516 -0.8199999630451202 233 5 2 1 0 3 1 0 1 0 2 2 1 0 2 1 0 1 0 0 2 0 0 1 0 0 0 0 1 0 0 0 0 1 0 0 0 0 609.8199986219406 248.56999789178371 94.41999983787537 0 360.6600023955107 154.14999805390835 0 154.14999805390835 0 189.65000061690807 265.43000161647797 154.14999805390835 0 249.15999622642994 94.41999983787537 0 154.14999805390835 0 0 189.65000061690807 0 0 154.14999805390835 0 0 0 0 171.0100017786026 0 0 0 0 94.41999983787537 0 0 0 0 193.89999854564667 557.6499987691641 858.3899965137243 -0.9999999068677425 -2.5399999767541885 -0.6399999670684338 -0.5499999038875103 -2.3599999845027924 -0.3699999563395977 233 8 3 2 0 3 1 0 1 0 2 2 2 0 5 1 1 1 0 0 2 0 0 1 0 0 0 0 1 0 0 1 0 1 0 0 0 0 951.2799978852272 420.9600005298853 266.81000247597694 0 360.6600023955107 154.14999805390835 0 154.14999805390835 0 189.65000061690807 265.43000161647797 326.5400006920099 0 590.6199954897165 94.41999983787537 172.39000263810158 154.14999805390835 0 0 189.65000061690807 0 0 154.14999805390835 0 0 0 0 171.0100017786026 0 0 172.39000263810158 0 94.41999983787537 0 0 0 0 308.32999888062477 934.0500002354383 1372.2399984151125 -0.9999998435378075 -3.749999951571226 -0.09999994561076164 -0.5899998359382153 -3.6999999582767487 0.3500000722706318 233 9 5 3 0 4 2 0 2 0 3 3 3 0 5 2 1 2 0 0 3 0 0 2 0 0 0 0 1 0 0 1 0 1 1 0 0 0 1062.9999968707561 729.7800034582615 405.3500043004751 0 472.3800013810396 324.42999915778637 0 324.42999915778637 0 301.369999602437 403.97000344097614 496.82000179588795 0 590.6199954897165 232.96000166237354 172.39000263810158 324.42999915778637 0 0 301.369999602437 0 0 324.42999915778637 0 0 0 0 171.0100017786026 0 0 172.39000263810158 0 94.41999983787537 138.54000182449818 0 0 0 380.3099995404482 1228.9000012129545 1792.7800003290176 -1.9999998062849045 -4.949999947100878 -1.0999999307096004 -1.8699997998774052 -5.039999954402447 -0.7899999134242535 233 11 7 4 0 4 3 1 2 0 3 4 3 1 7 3 1 2 0 0 3 0 0 2 0 0 0 1 1 0 0 1 0 2 1 0 0 0 1313.4999959915876 1062.3300015330315 511.04000364243984 0 472.3800013810396 551.2899978905916 226.85999873280525 324.42999915778637 0 301.369999602437 509.66000278294086 496.82000179588795 226.85999873280525 841.119994610548 338.65000100433826 172.39000263810158 324.42999915778637 0 0 301.369999602437 0 0 324.42999915778637 0 0 0 226.85999873280525 171.0100017786026 0 0 172.39000263810158 0 200.1099991798401 138.54000182449818 0 0 0 459.9299994111061 1674.1299996823072 2375.829997524619 -0.9999997429549694 -6.289999928325415 0.2600000947713852 -0.3999997302889824 -6.089999936521053 0.7500001192092896
234 1 0 0 0 1 0 0 0 0 1 0 0 0 0 0 0 0 0 0 1 0 0 0 0 0 0 0 0 0 0 0 0 0 0 0 0 0 96.36999943852425 0 0 0 96.36999943852425 0 0 0 0 96.36999943852425 0 0 0 0 0 0 0 0 0 96.36999943852425 0 0 0 0 0 0 0 0 0 0 0 0 0 0 0 0 0 37.14999917149544 39.82000017166138 96.36999943852425 7.450580596923828e-9 -0.3999999985098839 0.0 7.450580596923828e-9 -0.3999999985098839 0.0 234 3 2 1 0 2 1 0 1 0 1 2 1 0 1 1 0 1 0 0 1 0 0 1 0 0 0 0 1 0 0 0 0 1 0 0 0 0 385.1000000089407 248.56999789178371 94.41999983787537 0 267.38000121712685 154.14999805390835 0 154.14999805390835 0 96.36999943852425 265.43000161647797 154.14999805390835 0 117.71999879181385 94.41999983787537 0 154.14999805390835 0 0 96.36999943852425 0 0 154.14999805390835 0 0 0 0 171.0100017786026 0 0 0 0 94.41999983787537 0 0 0 0 131.71999798715115 417.550000295043 633.6699979007244 -0.9999999329447746 -1.86999998614192 -0.8199999742209911 -0.5299999304115772 -1.6699999943375587 -0.5499999634921551 234 5 2 1 0 3 1 0 1 0 2 2 1 0 2 1 0 1 0 0 2 0 0 1 0 0 0 0 1 0 0 0 0 1 0 0 0 0 584.0100013315678 248.56999789178371 94.41999983787537 0 360.6600023955107 154.14999805390835 0 154.14999805390835 0 189.65000061690807 265.43000161647797 154.14999805390835 0 223.3499989360571 94.41999983787537 0 154.14999805390835 0 0 189.65000061690807 0 0 154.14999805390835 0 0 0 0 171.0100017786026 0 0 0 0 94.41999983787537 0 0 0 0 198.17999970912933 537.2600001245737 832.5799992233515 -0.9999999068677425 -2.5399999767541885 -0.6399999670684338 -0.639999907463789 -2.3599999845027924 -0.3699999563395977 234 7 4 2 0 3 2 0 2 0 2 2 3 0 4 1 1 2 0 0 2 0 0 2 0 0 0 0 1 0 0 1 0 1 0 0 0 0 829.2199985086918 591.2400016337633 266.81000247597694 0 360.6600023955107 324.42999915778637 0 324.42999915778637 0 189.65000061690807 265.43000161647797 496.82000179588795 0 468.5599961131811 94.41999983787537 172.39000263810158 324.42999915778637 0 0 189.65000061690807 0 0 324.42999915778637 0 0 0 0 171.0100017786026 0 0 172.39000263810158 0 94.41999983787537 0 0 0 0 302.9699999690056 977.5000006407499 1420.460000142455 -1.999999824911356 -3.8799999579787254 -1.2799999229609966 -1.6399998180568218 -3.879999965429306 -0.8299999050796032 234 9 5 3 0 3 2 0 2 0 2 3 3 0 6 2 1 2 0 0 2 0 0 2 0 0 0 0 1 0 0 1 0 1 1 0 0 0 1072.6199987083673 729.7800034582615 405.3500043004751 0 360.6600023955107 324.42999915778637 0 324.42999915778637 0 189.65000061690807 403.97000344097614 496.82000179588795 0 711.9599963128567 232.96000166237354 172.39000263810158 324.42999915778637 0 0 189.65000061690807 0 0 324.42999915778637 0 0 0 0 171.0100017786026 0 0 172.39000263810158 0 94.41999983787537 138.54000182449818 0 0 0 372.7099996805191 1264.9500028342009 1802.4000021666288 -1.9999997951090336 -4.8199999406933784 -0.9199999235570431 -1.8199997879564762 -4.859999947249889 -0.6099999062716961 234 11 6 3 0 4 3 1 2 0 3 3 3 1 7 2 1 2 0 0 3 0 0 2 0 0 0 1 1 0 0 1 0 1 1 0 0 0 1313.4999959915876 956.6400021910667 405.3500043004751 0 472.3800013810396 551.2899978905916 226.85999873280525 324.42999915778637 0 301.369999602437 403.97000344097614 496.82000179588795 226.85999873280525 841.119994610548 232.96000166237354 172.39000263810158 324.42999915778637 0 0 301.369999602437 0 0 324.42999915778637 0 0 0 226.85999873280525 171.0100017786026 0 0 172.39000263810158 0 94.41999983787537 138.54000182449818 0 0 0 440.72999984025955 1614.1299996823072 2270.1399981826544 -0.9999997392296791 -5.889999929815531 0.2600001059472561 -0.32999972626566887 -5.619999937713146 0.7500001303851604
235 0 1 1 0 0 0 0 0 0 0 1 0 0 0 1 0 0 0 0 0 0 0 0 0 0 0 0 0 0 0 0 0 1 0 0 0 0 0 94.41999983787537 94.41999983787537 0 0 0 0 0 0 0 94.41999983787537 0 0 0 94.41999983787537 0 0 0 0 0 0 0 0 0 0 0 0 0 0 0 0 0 94.41999983787537 0 0 0 0 21.359999895095825 51.78000020980835 94.41999983787537 -3.725290298461914e-9 -0.3999999985098839 -1.1175870895385742e-8 -0.07000000402331352 -0.4699999988079071 -1.1175870895385742e-8 235 3 1 1 0 2 0 0 0 0 1 2 0 0 1 1 0 0 0 0 1 0 0 0 0 0 0 0 1 0 0 0 0 1 0 0 0 0 373.0100013613701 94.41999983787537 94.41999983787537 0 267.38000121712685 0 0 0 0 96.36999943852425 265.43000161647797 0 0 105.63000014424324 94.41999983787537 0 0 0 0 96.36999943852425 0 0 0 0 0 0 0 171.0100017786026 0 0 0 0 94.41999983787537 0 0 0 0 113.29999938607216 296.3700020611286 467.43000119924545 2.9802322387695313e-8 -1.4699999876320362 0.17999999597668648 0.09000003710389137 -1.5599999874830246 0.45000000670552254 235 4 3 2 0 2 1 0 1 0 1 2 2 0 2 1 1 1 0 0 1 0 0 1 0 0 0 0 1 0 0 1 0 1 0 0 0 0 490.73000015318394 420.9600005298853 266.81000247597694 0 267.38000121712685 154.14999805390835 0 154.14999805390835 0 96.36999943852425 265.43000161647797 326.5400006920099 0 223.3499989360571 94.41999983787537 172.39000263810158 154.14999805390835 0 0 96.36999943852425 0 0 154.14999805390835 0 0 0 0 171.0100017786026 0 0 172.39000263810158 0 94.41999983787537 0 0 0 0 191.75999914109707 623.3700015991926 911.6900006830692 -0.9999999068677425 -2.5399999767541885 -0.6399999670684338 -0.5299999006092548 -2.4299999848008156 -0.18999994918704033 235 7 4 2 0 3 2 0 2 0 2 2 3 0 4 1 1 2 0 0 2 0 0 2 0 0 0 0 1 0 0 1 0 1 0 0 0 0 836.789999589324 591.2400016337633 266.81000247597694 0 360.6600023955107 324.42999915778637 0 324.42999915778637 0 189.65000061690807 265.43000161647797 496.82000179588795 0 476.1299971938133 94.41999983787537 172.39000263810158 324.42999915778637 0 0 189.65000061690807 0 0 324.42999915778637 0 0 0 0 171.0100017786026 0 0 172.39000263810158 0 94.41999983787537 0 0 0 0 290.9700001627207 1001.5600012987852 1428.0300012230873 -1.999999824911356 -3.8799999579787254 -1.2799999229609966 -1.6399998180568218 -3.879999965429306 -0.8299999050796032 235 9 5 2 0 3 3 1 2 0 2 2 3 1 6 1 1 2 0 0 2 0 0 2 0 0 0 1 1 0 0 1 0 1 0 0 0 0 1079.7199976295233 818.1000003665686 266.81000247597694 0 360.6600023955107 551.2899978905916 226.85999873280525 324.42999915778637 0 189.65000061690807 265.43000161647797 496.82000179588795 226.85999873280525 719.0599952340126 94.41999983787537 172.39000263810158 324.42999915778637 0 0 189.65000061690807 0 0 324.42999915778637 0 0 0 226.85999873280525 171.0100017786026 0 0 172.39000263810158 0 94.41999983787537 0 0 0 0 363.39000026881695 1362.7299991101027 1897.8199979960918 -0.9999997578561306 -4.8199999406933784 0.08000011369585991 -0.09999974444508553 -4.4599999487400055 0.7100001387298107 235 12 6 3 1 4 3 1 2 0 3 3 3 1 7 2 1 2 0 1 3 0 0 2 1 0 0 1 1 0 0 1 0 1 1 0 0 0 1514.5499969869852 956.6400021910667 405.3500043004751 205.80999982357025 467.62000255286694 551.2899978905916 226.85999873280525 324.42999915778637 0 296.61000077426434 403.97000344097614 496.82000179588795 226.85999873280525 841.119994610548 232.96000166237354 172.39000263810158 324.42999915778637 0 205.80999982357025 296.61000077426434 0 0 324.42999915778637 205.80999982357025 0 0 226.85999873280525 171.0100017786026 0 0 172.39000263810158 0 94.41999983787537 138.54000182449818 0 0 0 466.85999992489815 1784.1400005072355 2471.189999178052 -0.9999997317790985 -6.289999928325415 0.2600001059472561 0.030000288039445877 -5.659999929368496 0.7500001303851604
236 1 0 0 0 1 0 0 0 0 0 1 0 0 0 0 0 0 0 0 0 0 0 0 0 0 0 0 1 0 0 0 0 0 0 0 0 0 171.0100017786026 0 0 0 171.0100017786026 0 0 0 0 0 171.0100017786026 0 0 0 0 0 0 0 0 0 0 0 0 0 0 0 0 171.0100017786026 0 0 0 0 0 0 0 0 0 24.979999899864197 128.95000195503235 171.0100017786026 7.450580596923828e-9 -0.3999999985098839 0.0 0.27000001817941666 -0.3999999985098839 0.27000001072883606 236 3 2 2 0 2 0 0 0 0 1 2 1 0 1 1 1 0 0 0 1 0 0 0 0 0 0 0 1 0 0 1 0 1 0 0 0 0 373.0100013613701 266.81000247597694 266.81000247597694 0 267.38000121712685 0 0 0 0 96.36999943852425 265.43000161647797 172.39000263810158 0 105.63000014424324 94.41999983787537 172.39000263810158 0 0 0 96.36999943852425 0 0 0 0 0 0 0 171.0100017786026 0 0 172.39000263810158 0 94.41999983787537 0 0 0 0 143.53000012040138 426.3700036406517 639.820003837347 3.725290298461914e-8 -1.86999998614192 0.17999999597668648 0.20000005140900612 -2.0299999862909317 0.6300000138580799 236 4 3 2 0 2 1 0 1 0 1 2 2 0 2 1 1 1 0 0 1 0 0 1 0 0 0 0 1 0 0 1 0 1 0 0 0 0 490.73000015318394 437.09000357985497 266.81000247597694 0 267.38000121712685 170.28000110387802 0 170.28000110387802 0 96.36999943852425 265.43000161647797 342.6700037419796 0 223.3499989360571 94.41999983787537 172.39000263810158 170.28000110387802 0 0 96.36999943852425 0 0 170.28000110387802 0 0 0 0 171.0100017786026 0 0 172.39000263810158 0 94.41999983787537 0 0 0 0 181.8200006186962 655.8100032955408 927.8200037330389 -0.9999999068677425 -2.5399999767541885 -0.6399999670684338 -0.5999999009072781 -2.499999985098839 -0.18999994918704033 236 7 5 2 0 3 3 1 2 0 2 2 3 1 4 1 1 2 0 0 2 0 0 2 0 0 0 1 1 0 0 1 0 1 0 0 0 0 834.5100004523993 818.1000003665686 266.81000247597694 0 360.6600023955107 551.2899978905916 226.85999873280525 324.42999915778637 0 189.65000061690807 265.43000161647797 496.82000179588795 226.85999873280525 473.8499980568886 94.41999983787537 172.39000263810158 324.42999915778637 0 0 189.65000061690807 0 0 324.42999915778637 0 0 0 226.85999873280525 171.0100017786026 0 0 172.39000263810158 0 94.41999983787537 0 0 0 0 308.1700014322996 1192.1400003880262 1652.6100008189678 -0.9999997951090336 -4.279999956488609 -0.27999990060925484 -0.05999978259205818 -3.879999965429306 0.35000012442469597 236 10 5 2 1 4 3 1 2 0 3 2 3 1 5 1 1 2 0 1 3 0 0 2 1 0 0 1 1 0 0 1 0 1 0 0 0 0 1278.7199978679419 818.1000003665686 266.81000247597694 205.80999982357025 467.62000255286694 551.2899978905916 226.85999873280525 324.42999915778637 0 296.61000077426434 265.43000161647797 496.82000179588795 226.85999873280525 605.2899954915047 94.41999983787537 172.39000263810158 324.42999915778637 0 205.80999982357025 296.61000077426434 0 0 324.42999915778637 205.80999982357025 0 0 226.85999873280525 171.0100017786026 0 0 172.39000263810158 0 94.41999983787537 0 0 0 0 385.1200004070997 1520.7499989718199 2096.8199982345104 -0.9999997615814209 -5.349999945610762 -0.09999989345669746 0.21000025793910027 -4.679999947547913 0.5300001315772533 236 12 7 4 1 4 3 1 2 0 3 4 3 1 7 3 1 2 0 1 3 0 0 2 1 0 0 1 1 0 0 1 0 2 1 0 0 0 1514.5499969869852 1073.0900008678436 521.800002977252 205.80999982357025 467.62000255286694 551.2899978905916 226.85999873280525 324.42999915778637 0 296.61000077426434 520.420002117753 496.82000179588795 226.85999873280525 841.119994610548 349.41000033915043 172.39000263810158 324.42999915778637 0 205.80999982357025 296.61000077426434 0 0 324.42999915778637 205.80999982357025 0 0 226.85999873280525 171.0100017786026 0 0 172.39000263810158 0 210.86999851465225 138.54000182449818 0 0 0 482.6599999368191 1868.4299995154142 2587.639997854829 -0.9999997355043888 -6.6899999268352985 0.2600000947713852 -0.5499997064471245 -6.63999991863966 0.7500001192092896
237 1 0 0 0 0 0 0 0 0 0 0 0 0 1 0 0 0 0 0 0 0 0 0 0 0 0 0 0 0 0 0 0 0 0 0 0 0 105.63000014424324 0 0 0 0 0 0 0 0 0 0 0 0 105.63000014424324 0 0 0 0 0 0 0 0 0 0 0 0 0 0 0 0 0 0 0 0 0 0 0 29.8100004196167 75.81999972462654 105.63000014424324 1.862645149230957e-8 -0.26999999210238457 0.18000000715255737 -0.10999998450279236 -0.28999999165534973 0.18000000715255737 237 2 3 2 0 1 1 0 1 0 0 2 2 0 1 1 1 1 0 0 0 0 0 1 0 0 0 0 1 0 0 1 0 1 0 0 0 0 276.64000192284584 437.09000357985497 266.81000247597694 0 171.0100017786026 170.28000110387802 0 170.28000110387802 0 0 265.43000161647797 342.6700037419796 0 105.63000014424324 94.41999983787537 172.39000263810158 170.28000110387802 0 0 0 0 0 170.28000110387802 0 0 0 0 171.0100017786026 0 0 172.39000263810158 0 94.41999983787537 0 0 0 0 125.72000163793564 526.200003683567 713.7300055027008 -0.9999999329447746 -1.86999998614192 -0.8199999742209911 -0.8699999190866947 -2.099999986588955 -0.3699999563395977 237 4 3 2 0 2 1 0 1 0 1 2 2 0 2 1 1 1 0 0 1 0 0 1 0 0 0 0 1 0 0 1 0 1 0 0 0 0 494.35000218451023 437.09000357985497 266.81000247597694 0 267.38000121712685 170.28000110387802 0 170.28000110387802 0 96.36999943852425 265.43000161647797 342.6700037419796 0 226.97000096738338 94.41999983787537 172.39000263810158 170.28000110387802 0 0 96.36999943852425 0 0 170.28000110387802 0 0 0 0 171.0100017786026 0 0 172.39000263810158 0 94.41999983787537 0 0 0 0 180.56000058352947 664.4600048661232 931.4400057643652 -0.9999999068677425 -2.5399999767541885 -0.6399999670684338 -0.8899998925626278 -2.7899999767541885 -0.18999994918704033 237 6 5 2 0 2 3 1 2 0 1 2 3 1 4 1 1 2 0 0 1 0 0 2 0 0 0 1 1 0 0 1 0 1 0 0 0 0 741.2299992740154 818.1000003665686 266.81000247597694 0 267.38000121712685 551.2899978905916 226.85999873280525 324.42999915778637 0 96.36999943852425 265.43000161647797 496.82000179588795 226.85999873280525 473.8499980568886 94.41999983787537 172.39000263810158 324.42999915778637 0 0 96.36999943852425 0 0 324.42999915778637 0 0 0 226.85999873280525 171.0100017786026 0 0 172.39000263810158 0 94.41999983787537 0 0 0 0 271.5200001299381 1148.250000283122 1559.329999640584 -0.9999998025596142 -3.8799999579787254 -0.27999990060925484 -0.05999979004263878 -3.479999966919422 0.35000012442469597 237 9 5 2 1 4 3 1 2 0 3 2 3 1 4 1 1 2 0 1 3 0 0 2 1 0 0 1 1 0 0 1 0 1 0 0 0 0 1147.2800004333258 818.1000003665686 266.81000247597694 205.80999982357025 467.62000255286694 551.2899978905916 226.85999873280525 324.42999915778637 0 296.61000077426434 265.43000161647797 496.82000179588795 226.85999873280525 473.8499980568886 94.41999983787537 172.39000263810158 324.42999915778637 0 205.80999982357025 296.61000077426434 0 0 324.42999915778637 205.80999982357025 0 0 226.85999873280525 171.0100017786026 0 0 172.39000263810158 0 94.41999983787537 0 0 0 0 359.5900011509657 1424.540000602603 1965.3800007998943 -0.9999997802078724 -5.079999953508377 -0.27999990060925484 0.23000023886561394 -4.389999955892563 0.35000012442469597 237 11 6 3 1 4 3 1 2 0 3 3 3 1 6 2 1 2 0 1 3 0 0 2 1 0 0 1 1 0 0 1 0 2 0 0 0 0 1392.4899976104498 934.5499990433455 383.26000115275383 205.80999982357025 467.62000255286694 551.2899978905916 226.85999873280525 324.42999915778637 0 296.61000077426434 381.88000029325485 496.82000179588795 226.85999873280525 719.0599952340126 210.86999851465225 172.39000263810158 324.42999915778637 0 205.80999982357025 296.61000077426434 0 0 324.42999915778637 205.80999982357025 0 0 226.85999873280525 171.0100017786026 0 0 172.39000263810158 0 210.86999851465225 0 0 0 0 430.60999999940395 1679.419998332858 2327.0399966537952 -0.9999997466802597 -6.01999993622303 0.08000010251998901 -0.38999971747398376 -5.949999928474426 0.7100001275539398
238 0 1 1 0 0 0 0 0 0 0 0 1 0 0 0 1 0 0 0 0 0 0 0 0 0 0 0 0 0 0 1 0 0 0 0 0 0 0 172.39000263810158 172.39000263810158 0 0 0 0 0 0 0 0 172.39000263810158 0 0 0 172.39000263810158 0 0 0 0 0 0 0 0 0 0 0 0 0 0 172.39000263810158 0 0 0 0 0 0 30.230000734329224 130.0000015795231 172.39000263810158 7.450580596923828e-9 -0.3999999985098839 0.0 0.11000001430511475 -0.4699999988079071 0.18000000715255737 238 3 2 1 0 1 1 0 1 0 0 1 2 0 2 0 1 1 0 0 0 0 0 1 0 0 0 0 1 0 0 1 0 0 0 0 0 0 397.980002745986 342.6700037419796 172.39000263810158 0 171.0100017786026 170.28000110387802 0 170.28000110387802 0 0 171.0100017786026 342.6700037419796 0 226.97000096738338 0 172.39000263810158 170.28000110387802 0 0 0 0 0 170.28000110387802 0 0 0 0 171.0100017786026 0 0 172.39000263810158 0 0 0 0 0 0 122.05000151693821 572.8600044846535 740.6500064879656 -0.9999999105930328 -1.7399999797344208 -0.6399999558925629 -0.8199998959898949 -1.9199999794363976 -0.18999993801116943 238 4 3 2 0 1 1 0 1 0 0 2 2 0 3 1 1 1 0 0 0 0 0 1 0 0 0 0 1 0 0 1 0 1 0 0 0 0 527.1400010436773 437.09000357985497 266.81000247597694 0 171.0100017786026 170.28000110387802 0 170.28000110387802 0 0 265.43000161647797 342.6700037419796 0 356.12999926507473 94.41999983787537 172.39000263810158 170.28000110387802 0 0 0 0 0 170.28000110387802 0 0 0 0 171.0100017786026 0 0 172.39000263810158 0 94.41999983787537 0 0 0 0 168.13000179827213 718.5100029110909 964.2300046235323 -0.9999998956918716 -2.4099999703466892 -0.4599999599158764 -0.9099998809397221 -2.6799999698996544 -0.009999942034482956 238 8 4 2 1 3 2 1 1 0 2 2 2 1 4 1 1 1 0 1 2 0 0 1 1 0 0 1 1 0 0 1 0 1 0 0 0 0 1053.999999254942 663.9500023126602 266.81000247597694 205.80999982357025 374.3400013744831 397.1399998366833 226.85999873280525 170.28000110387802 0 203.3299995958805 265.43000161647797 342.6700037419796 226.85999873280525 473.8499980568886 94.41999983787537 172.39000263810158 170.28000110387802 0 205.80999982357025 203.3299995958805 0 0 170.28000110387802 205.80999982357025 0 0 226.85999873280525 171.0100017786026 0 0 172.39000263810158 0 94.41999983787537 0 0 0 0 293.66000063717365 1273.4400019794703 1717.9500015676022 1.7508864402770996e-7 -4.279999956488609 0.7200000695884228 1.2300001941621304 -3.589999958872795 1.3500000946223736 238 9 6 3 1 4 3 1 2 0 3 3 3 1 4 2 1 2 0 1 3 0 0 2 1 0 0 1 1 0 0 1 0 2 0 0 0 0 1147.2800004333258 934.5499990433455 383.26000115275383 205.80999982357025 467.62000255286694 551.2899978905916 226.85999873280525 324.42999915778637 0 296.61000077426434 381.88000029325485 496.82000179588795 226.85999873280525 473.8499980568886 210.86999851465225 172.39000263810158 324.42999915778637 0 205.80999982357025 296.61000077426434 0 0 324.42999915778637 205.80999982357025 0 0 226.85999873280525 171.0100017786026 0 0 172.39000263810158 0 210.86999851465225 0 0 0 0 375.3900011628866 1508.8299996107817 2081.829999476671 -0.9999997839331627 -5.479999952018261 -0.27999991178512573 -0.3499997556209564 -5.369999945163727 0.3500001132488251 238 12 7 4 2 5 3 1 2 0 4 4 3 1 5 3 1 2 0 2 4 0 0 2 1 0 0 1 1 0 0 1 0 3 0 0 1 0 1638.9599972814322 1047.6600008010864 496.3700029104948 467.88999927043915 565.7800025194883 551.2899978905916 226.85999873280525 324.42999915778637 0 394.77000074088573 494.9900020509958 496.82000179588795 226.85999873280525 605.2899954915047 323.9800002723932 172.39000263810158 324.42999915778637 0 467.88999927043915 394.77000074088573 0 0 324.42999915778637 205.80999982357025 0 0 226.85999873280525 171.0100017786026 0 0 172.39000263810158 0 323.9800002723932 0 0 262.0799994468689 0 461.09000223875046 1970.8799976557493 2686.6199980825186 -0.9999997671693563 -6.949999939650297 -0.0999999288469553 -0.10999974049627781 -6.599999934434891 0.5300000961869955
239 0 1 0 0 0 1 0 1 0 0 0 1 0 0 0 0 1 0 0 0 0 0 1 0 0 0 0 0 0 0 0 0 0 0 0 0 0 0 170.28000110387802 0 0 0 170.28000110387802 0 170.28000110387802 0 0 0 170.28000110387802 0 0 0 0 170.28000110387802 0 0 0 0 0 170.28000110387802 0 0 0 0 0 0 0 0 0 0 0 0 0 0 19.340000689029694 139.65000021457672 170.28000110387802 -0.999999962747097 -0.3999999985098839 -0.9999999701976776 -1.0699999630451202 -0.4699999988079071 -0.9999999701976776 239 3 2 1 0 0 1 0 1 0 0 0 2 0 3 0 1 1 0 0 0 0 0 1 0 0 0 0 0 0 0 1 0 0 0 0 0 0 356.12999926507473 342.6700037419796 172.39000263810158 0 0 170.28000110387802 0 170.28000110387802 0 0 0 342.6700037419796 0 356.12999926507473 0 172.39000263810158 170.28000110387802 0 0 0 0 0 170.28000110387802 0 0 0 0 0 0 0 172.39000263810158 0 0 0 0 0 0 121.79000200331211 537.7800007462502 698.8000030070543 -0.9999998994171619 -1.6099999733269215 -0.4599999487400055 -1.1099998950958252 -1.8099999725818634 -0.2799999415874481 239 4 3 1 0 1 2 1 1 0 0 1 2 1 3 0 1 1 0 0 0 0 0 1 0 0 0 1 1 0 0 1 0 0 0 0 0 0 527.1400010436773 569.5300024747849 172.39000263810158 0 171.0100017786026 397.1399998366833 226.85999873280525 170.28000110387802 0 0 171.0100017786026 342.6700037419796 226.85999873280525 356.12999926507473 0 172.39000263810158 170.28000110387802 0 0 0 0 0 170.28000110387802 0 0 0 226.85999873280525 171.0100017786026 0 0 172.39000263810158 0 0 0 0 0 0 164.78000204265118 859.6500019431114 1096.6700035184622 1.3783574104309082e-7 -2.4099999703466892 0.5400000736117363 0.7400001585483551 -2.2099999710917473 1.170000098645687 239 7 4 2 1 3 2 1 1 0 2 2 2 1 3 1 1 1 0 1 2 0 0 1 1 0 0 1 1 0 0 1 0 1 0 0 0 0 936.2800004631281 663.9500023126602 266.81000247597694 205.80999982357025 374.3400013744831 397.1399998366833 226.85999873280525 170.28000110387802 0 203.3299995958805 265.43000161647797 342.6700037419796 226.85999873280525 356.12999926507473 94.41999983787537 172.39000263810158 170.28000110387802 0 205.80999982357025 203.3299995958805 0 0 170.28000110387802 205.80999982357025 0 0 226.85999873280525 171.0100017786026 0 0 172.39000263810158 0 94.41999983787537 0 0 0 0 274.7100008279085 1183.6500025391579 1600.2300027757883 1.564621925354004e-7 -4.009999964386225 0.5400000624358654 0.9600001834332943 -3.589999958872795 1.1700000874698162 239 9 6 3 2 3 3 1 2 0 2 3 3 1 4 2 1 2 0 2 2 0 0 2 1 0 0 1 1 0 0 1 0 2 0 0 1 0 1316.0799987018108 934.5499990433455 383.26000115275383 467.88999927043915 374.3400013744831 551.2899978905916 226.85999873280525 324.42999915778637 0 203.3299995958805 381.88000029325485 496.82000179588795 226.85999873280525 473.8499980568886 210.86999851465225 172.39000263810158 324.42999915778637 0 467.88999927043915 203.3299995958805 0 0 324.42999915778637 205.80999982357025 0 0 226.85999873280525 171.0100017786026 0 0 172.39000263810158 0 210.86999851465225 0 0 262.0799994468689 0 357.050000756979 1693.3599986284971 2250.6299977451563 -0.9999997969716787 -5.479999952018261 -0.2799999248236418 0.050000229850411415 -4.969999946653843 0.35000010021030903 239 12 7 4 2 7 3 1 2 2 4 4 3 1 5 3 1 2 0 2 4 0 0 2 1 0 0 1 1 0 0 1 0 3 0 0 1 0 1638.9599972814322 1047.6600008010864 496.3700029104948 467.88999927043915 685.7100035399199 551.2899978905916 226.85999873280525 324.42999915778637 119.93000102043152 394.77000074088573 494.9900020509958 496.82000179588795 226.85999873280525 605.2899954915047 323.9800002723932 172.39000263810158 324.42999915778637 0 467.88999927043915 394.77000074088573 0 0 324.42999915778637 205.80999982357025 0 0 226.85999873280525 171.0100017786026 0 0 172.39000263810158 0 323.9800002723932 0 0 262.0799994468689 0 516.3100025057793 2000.8499979227781 2806.54999910295 -0.9999997448176146 -7.929999936372042 0.08000007830560207 -0.6199997086077929 -8.089999921619892 0.7100001033395529
240 1 0 0 0 0 0 0 0 0 0 0 0 0 1 0 0 0 0 0 0 0 0 0 0 0 0 0 0 0 0 0 0 0 0 0 0 0 121.34000082314014 0 0 0 0 0 0 0 0 0 0 0 0 121.34000082314014 0 0 0 0 0 0 0 0 0 0 0 0 0 0 0 0 0 0 0 0 0 0 0 17.689999774098396 98.44000101089478 121.34000082314014 1.862645149230957e-8 -0.26999999210238457 0.18000000715255737 -0.019999980926513672 -0.28999999165534973 0.18000000715255737 240 2 3 1 0 0 2 1 1 0 0 0 2 1 2 0 1 1 0 0 0 0 0 1 0 0 0 1 0 0 0 1 0 0 0 0 0 0 250.4999991208315 569.5300024747849 172.39000263810158 0 0 397.1399998366833 226.85999873280525 170.28000110387802 0 0 0 342.6700037419796 226.85999873280525 250.4999991208315 0 172.39000263810158 170.28000110387802 0 0 0 0 0 170.28000110387802 0 0 0 226.85999873280525 0 0 0 172.39000263810158 0 0 0 0 0 0 109.99000172317028 654.8800002634525 820.0300015956163 1.1175870895385742e-7 -1.7399999797344208 0.3600000664591789 0.5800001248717308 -1.5199999809265137 0.7200000807642937 240 4 3 1 0 1 2 1 1 0 1 0 2 1 3 0 1 1 0 0 1 0 0 1 0 0 0 1 0 0 0 1 0 0 0 0 0 0 463.089999422431 569.5300024747849 172.39000263810158 0 106.96000015735626 397.1399998366833 226.85999873280525 170.28000110387802 0 106.96000015735626 0 342.6700037419796 226.85999873280525 356.12999926507473 0 172.39000263810158 170.28000110387802 0 0 106.96000015735626 0 0 170.28000110387802 0 0 0 226.85999873280525 0 0 0 172.39000263810158 0 0 0 0 0 0 163.5500017851591 797.5500003695488 1032.6200018972158 1.3783574104309082e-7 -2.4099999703466892 0.5400000736117363 0.8700001463294029 -1.8099999725818634 0.900000087916851 240 6 5 3 1 2 2 1 1 0 1 3 2 1 3 2 1 1 0 1 1 0 0 1 1 0 0 1 1 0 0 1 0 2 0 0 0 0 839.9100010246038 780.4000009894371 383.26000115275383 205.80999982357025 277.97000193595886 397.1399998366833 226.85999873280525 170.28000110387802 0 106.96000015735626 381.88000029325485 342.6700037419796 226.85999873280525 356.12999926507473 210.86999851465225 172.39000263810158 170.28000110387802 0 205.80999982357025 106.96000015735626 0 0 170.28000110387802 205.80999982357025 0 0 226.85999873280525 171.0100017786026 0 0 172.39000263810158 0 210.86999851465225 0 0 0 0 253.360001668334 1228.1200013756752 1620.310002014041 1.4528632164001465e-7 -4.009999964386225 0.5400000512599945 0.38000018149614334 -4.169999949634075 1.1700000762939453 240 9 6 4 2 4 2 1 1 0 3 4 2 1 3 3 1 1 0 2 3 0 0 1 1 0 0 1 1 0 0 1 0 3 0 0 1 0 1296.5199998766184 893.5100027471781 496.3700029104948 467.88999927043915 472.5000013411045 397.1399998366833 226.85999873280525 170.28000110387802 0 301.4899995625019 494.9900020509958 342.6700037419796 226.85999873280525 356.12999926507473 323.9800002723932 172.39000263810158 170.28000110387802 0 467.88999927043915 301.4899995625019 0 0 170.28000110387802 205.80999982357025 0 0 226.85999873280525 171.0100017786026 0 0 172.39000263810158 0 323.9800002723932 0 0 262.0799994468689 0 350.68000265955925 1633.7800012230873 2190.0300026237965 1.5087425708770752e-7 -5.60999995842576 0.5400000270456076 0.6400001849979162 -5.509999945759773 1.1700000520795584 240 12 11 4 2 9 7 4 3 3 5 4 4 3 4 3 1 3 0 2 3 0 1 2 1 1 0 2 1 0 0 1 1 3 0 2 1 0 1704.3199971616268 1697.9300017505884 496.3700029104948 467.88999927043915 906.6400003582239 1201.5599988400936 784.9400006979704 416.6199981421232 144.06000052392483 591.5699980556965 494.9900020509958 589.0100007802248 669.6299988478422 473.8499980568886 323.9800002723932 172.39000263810158 416.6199981421232 0 467.88999927043915 301.4899995625019 0 92.18999898433685 324.42999915778637 205.80999982357025 115.31000185012817 0 423.7799992710352 171.0100017786026 0 0 172.39000263810158 245.84999957680702 323.9800002723932 0 290.0799984931946 262.0799994468689 0 615.8100016415119 2609.26999810338 3546.30999943614 1.000000363215804 -10.149999935179949 1.9900001529604197 2.0400003995746374 -9.339999917894602 2.800000185146928
241 1 0 0 0 0 0 0 0 0 0 0 0 0 1 0 0 0 0 0 0 0 0 0 0 0 0 0 0 0 0 0 0 0 0 0 0 0 129.15999829769135 0 0 0 0 0 0 0 0 0 0 0 0 129.15999829769135 0 0 0 0 0 0 0 0 0 0 0 0 0 0 0 0 0 0 0 0 0 0 0 24.720000386238098 93.86999821662903 129.15999829769135 1.862645149230957e-8 -0.26999999210238457 0.18000000715255737 -0.019999980926513672 -0.28999999165534973 0.18000000715255737 241 3 2 0 0 1 2 1 1 0 1 0 1 1 2 0 0 1 0 0 1 0 0 1 0 0 0 1 0 0 0 0 0 0 0 0 0 0 357.45999927818775 397.1399998366833 0 0 106.96000015735626 397.1399998366833 226.85999873280525 170.28000110387802 0 106.96000015735626 0 170.28000110387802 226.85999873280525 250.4999991208315 0 0 170.28000110387802 0 0 106.96000015735626 0 0 170.28000110387802 0 0 0 226.85999873280525 0 0 0 0 0 0 0 0 0 0 103.51000063121319 591.7299990653992 754.599999114871 1.1175870895385742e-7 -1.7399999797344208 0.3600000664591789 0.8700001165270805 -1.0499999821186066 0.5400000736117363 241 4 4 2 1 1 2 1 1 0 1 1 2 1 2 1 1 1 0 1 1 0 0 1 1 0 0 1 0 0 0 1 0 1 0 0 0 0 563.269999101758 685.9800011515617 288.84000131487846 205.80999982357025 106.96000015735626 397.1399998366833 226.85999873280525 170.28000110387802 0 106.96000015735626 116.44999867677689 342.6700037419796 226.85999873280525 250.4999991208315 116.44999867677689 172.39000263810158 170.28000110387802 0 205.80999982357025 106.96000015735626 0 0 170.28000110387802 205.80999982357025 0 0 226.85999873280525 0 0 0 172.39000263810158 0 116.44999867677689 0 0 0 0 177.2100014537573 971.569999486208 1249.2500002533197 1.2293457984924316e-7 -2.9399999752640724 0.36000005528330803 0.29000015184283257 -3.0099999606609344 0.7200000695884228 241 8 4 2 2 3 2 1 1 0 2 2 2 1 3 1 1 1 0 2 2 0 0 1 1 0 0 1 1 0 0 1 0 1 0 0 1 0 1200.1500004380941 685.9800011515617 288.84000131487846 467.88999927043915 376.13000190258026 397.1399998366833 226.85999873280525 170.28000110387802 0 205.12000012397766 287.4600004553795 342.6700037419796 226.85999873280525 356.12999926507473 116.44999867677689 172.39000263810158 170.28000110387802 0 467.88999927043915 205.12000012397766 0 0 170.28000110387802 205.80999982357025 0 0 226.85999873280525 171.0100017786026 0 0 172.39000263810158 0 116.44999867677689 0 0 262.0799994468689 0 273.59000347554684 1465.889999449253 1886.1300015896559 1.5087425708770752e-7 -4.409999962896109 0.5400000493973494 0.7800001855939627 -4.169999949634075 1.1700000744313002 241 8 7 4 2 3 3 2 1 0 2 4 2 2 3 3 1 1 0 2 2 0 0 1 1 0 0 2 1 0 0 1 0 3 0 0 1 0 1200.1500004380941 1090.430003285408 496.3700029104948 467.88999927043915 376.13000190258026 594.0600003749132 423.7799992710352 170.28000110387802 0 205.12000012397766 494.9900020509958 342.6700037419796 423.7799992710352 356.12999926507473 323.9800002723932 172.39000263810158 170.28000110387802 0 467.88999927043915 205.12000012397766 0 0 170.28000110387802 205.80999982357025 0 0 423.7799992710352 171.0100017786026 0 0 172.39000263810158 0 323.9800002723932 0 0 262.0799994468689 0 337.48000305891037 1759.260001823306 2290.580003723502 1.0000001732259989 -5.60999995842576 1.5400000493973494 2.040000205859542 -5.109999947249889 2.1700000744313 241 12 12 5 2 9 7 6 1 3 5 5 2 5 4 4 1 1 0 2 3 0 0 1 1 1 0 3 1 0 0 1 2 3 1 2 1 0 1704.3199971616268 1991.4000035822392 621.2500026077032 467.88999927043915 906.6400003582239 1370.150000974536 1199.869999870658 170.28000110387802 144.06000052392483 591.5699980556965 619.8700017482042 342.6700037419796 1084.5599980205297 473.8499980568886 448.85999996960163 172.39000263810158 170.28000110387802 0 467.88999927043915 301.4899995625019 0 0 170.28000110387802 205.80999982357025 115.31000185012817 0 599.3800007551908 171.0100017786026 0 0 172.39000263810158 485.1799972653389 323.9800002723932 124.8799996972084 290.0799984931946 262.0799994468689 0 654.6200049072504 2854.9499977231026 3839.780001267791 5.000000333413482 -10.549999933689833 5.990000115707517 5.390000393614173 -10.429999899119139 6.840000154450536
242 0 1 0 0 0 1 1 0 0 0 0 0 1 0 0 0 0 0 0 0 0 0 0 0 0 0 1 0 0 0 0 0 0 0 0 0 0 0 226.85999873280525 0 0 0 226.85999873280525 226.85999873280525 0 0 0 0 0 226.85999873280525 0 0 0 0 0 0 0 0 0 0 0 0 0 226.85999873280525 0 0 0 0 0 0 0 0 0 0 18.01000013947487 192.91999924182892 226.85999873280525 1.0000000298023224 -0.3999999985098839 1.0000000223517418 1.5800000354647636 0.0 1.1800000295042992 242 4 1 0 1 1 1 1 0 0 1 0 0 1 2 0 0 0 0 1 1 0 0 0 1 0 0 1 0 0 0 0 0 0 0 0 0 0 563.269999101758 226.85999873280525 0 205.80999982357025 106.96000015735626 226.85999873280525 226.85999873280525 0 0 106.96000015735626 0 0 226.85999873280525 250.4999991208315 0 0 0 0 205.80999982357025 106.96000015735626 0 0 0 205.80999982357025 0 0 226.85999873280525 0 0 0 0 0 0 0 0 0 0 111.84000001847744 617.6299986839294 790.1299978345633 1.0000000819563866 -1.7399999797344208 1.3600000366568565 1.8300000950694084 -1.0899999737739563 1.540000043809414 242 4 3 1 1 1 2 1 1 0 1 1 1 1 2 1 0 1 0 1 1 0 0 1 1 0 0 1 0 0 0 0 0 1 0 0 0 0 563.269999101758 513.5899985134602 116.44999867677689 205.80999982357025 106.96000015735626 397.1399998366833 226.85999873280525 170.28000110387802 0 106.96000015735626 116.44999867677689 170.28000110387802 226.85999873280525 250.4999991208315 116.44999867677689 0 170.28000110387802 0 205.80999982357025 106.96000015735626 0 0 170.28000110387802 205.80999982357025 0 0 226.85999873280525 0 0 0 0 0 116.44999867677689 0 0 0 0 146.98000071942806 841.5699979066849 1076.8599976152182 1.1548399925231934e-7 -2.5399999767541885 0.36000005528330803 0.18000013753771782 -2.5399999618530273 0.5400000624358654 242 8 5 3 2 3 2 1 1 0 2 3 2 1 3 2 1 1 0 2 2 0 0 1 1 0 0 1 1 0 0 1 0 2 0 0 1 0 1200.1500004380941 799.0900029093027 401.95000307261944 467.88999927043915 376.13000190258026 397.1399998366833 226.85999873280525 170.28000110387802 0 205.12000012397766 400.57000221312046 342.6700037419796 226.85999873280525 356.12999926507473 229.56000043451786 172.39000263810158 170.28000110387802 0 467.88999927043915 205.12000012397766 0 0 170.28000110387802 205.80999982357025 0 0 226.85999873280525 171.0100017786026 0 0 172.39000263810158 0 229.56000043451786 0 0 262.0799994468689 0 292.170003592968 1542.1800008416176 1999.2400033473969 1.471489667892456e-7 -4.8099999614059925 0.5400000382214785 0.7100001815706491 -4.639999948441982 1.1700000632554293 242 9 7 4 2 4 3 2 1 0 3 4 2 2 3 3 1 1 0 2 2 0 0 1 1 0 0 2 1 0 0 1 0 3 0 1 1 0 1341.3099994510412 1090.430003285408 496.3700029104948 467.88999927043915 517.2900009155273 594.0600003749132 423.7799992710352 170.28000110387802 0 346.27999913692474 494.9900020509958 342.6700037419796 423.7799992710352 356.12999926507473 323.9800002723932 172.39000263810158 170.28000110387802 0 467.88999927043915 205.12000012397766 0 0 170.28000110387802 205.80999982357025 0 0 423.7799992710352 171.0100017786026 0 0 172.39000263810158 0 323.9800002723932 0 141.15999901294708 262.0799994468689 0 374.9700029492378 1857.1400009840727 2431.7400027364492 1.0000001806765795 -6.009999956935644 1.5400000493973494 1.9700002130120993 -5.5799999460577965 2.260000078007579 242 14 17 7 2 10 10 7 3 3 5 8 5 6 4 6 1 3 1 2 3 0 1 2 1 1 0 4 2 1 0 1 2 4 2 2 1 0 2052.1599995344877 2504.500009685755 800.3200041502714 467.88999927043915 1021.4600033611059 1704.1800055354834 1295.400005146861 408.7800003886223 144.06000052392483 591.5699980556965 913.7600062936544 814.1900023967028 1180.090003296733 473.8499980568886 627.9300015121698 172.39000263810158 408.7800003886223 233.0199993699789 467.88999927043915 301.4899995625019 0 92.18999898433685 316.59000140428543 205.80999982357025 115.31000185012817 0 807.3200047016144 285.8300047814846 233.0199993699789 0 172.39000263810158 372.7699985951185 446.11000187695026 181.81999963521957 290.0799984931946 262.0799994468689 0 736.1000033766031 3518.03000831604 4700.720009744167 5.000000471249223 -13.039999943226576 4.990000186488032 3.420000547543168 -13.119999896734953 5.6200002413243055
243 1 0 0 0 1 0 0 0 0 1 0 0 0 0 0 0 0 0 0 1 0 0 0 0 0 0 0 0 0 0 0 0 0 0 0 0 0 106.96000015735626 0 0 0 106.96000015735626 0 0 0 0 106.96000015735626 0 0 0 0 0 0 0 0 0 106.96000015735626 0 0 0 0 0 0 0 0 0 0 0 0 0 0 0 0 0 23.74999964237213 66.85000038146973 106.96000015735626 7.450580596923828e-9 -0.3999999985098839 0.0 0.4000000059604645 0.0 0.0 243 3 2 1 1 1 1 1 0 0 1 1 0 1 1 1 0 0 0 1 1 0 0 0 1 0 0 1 0 0 0 0 0 1 0 0 0 0 441.92999827861786 343.30999740958214 116.44999867677689 205.80999982357025 106.96000015735626 226.85999873280525 226.85999873280525 0 0 106.96000015735626 116.44999867677689 0 226.85999873280525 129.15999829769135 116.44999867677689 0 0 0 205.80999982357025 106.96000015735626 0 0 0 205.80999982357025 0 0 226.85999873280525 0 0 0 0 0 116.44999867677689 0 0 0 0 109.95000025629997 603.4799966812134 785.2399956882 1.0000000596046448 -1.86999998614192 1.1800000183284283 1.2700000815093517 -1.7799999713897705 1.3600000254809856 243 6 2 1 2 2 1 1 0 0 2 1 0 1 2 1 0 0 0 2 2 0 0 0 1 0 0 1 0 0 0 0 0 1 0 0 1 0 923.5099985152483 343.30999740958214 116.44999867677689 467.88999927043915 205.12000012397766 226.85999873280525 226.85999873280525 0 0 205.12000012397766 116.44999867677689 0 226.85999873280525 250.4999991208315 116.44999867677689 0 0 0 467.88999927043915 205.12000012397766 0 0 0 205.80999982357025 0 0 226.85999873280525 0 0 0 0 0 116.44999867677689 0 0 262.0799994468689 0 169.23000173270702 991.4699959754944 1266.8199959248304 1.0000000800937414 -2.9399999752640724 1.3600000124424696 1.5800001006573439 -2.5399999618530273 1.540000019595027 243 7 5 3 2 3 2 1 1 0 3 2 2 1 2 2 1 1 0 2 2 0 0 1 1 0 0 1 0 0 0 1 0 2 0 1 1 0 1064.6699975281954 799.0900029093027 401.95000307261944 467.88999927043915 346.27999913692474 397.1399998366833 226.85999873280525 170.28000110387802 0 346.27999913692474 229.56000043451786 342.6700037419796 226.85999873280525 250.4999991208315 229.56000043451786 172.39000263810158 170.28000110387802 0 467.88999927043915 205.12000012397766 0 0 170.28000110387802 205.80999982357025 0 0 226.85999873280525 0 0 0 172.39000263810158 0 229.56000043451786 0 141.15999901294708 262.0799994468689 0 274.87000316381454 1435.2899983227253 1863.760000437498 1.2852251529693604e-7 -4.539999969303608 0.3600000310689211 0.4800001550465822 -4.419999957084656 0.8100000489503145 243 9 9 4 2 6 5 4 1 2 3 4 2 3 3 3 1 1 0 2 2 0 0 1 1 1 0 3 1 0 0 1 0 2 1 1 1 0 1341.3099994510412 1411.800006479025 526.8300027698278 467.88999927043915 637.2200019359589 884.970003709197 714.690002605319 170.28000110387802 119.93000102043152 346.27999913692474 525.4500019103289 342.6700037419796 599.3800007551908 356.12999926507473 354.44000013172626 172.39000263810158 170.28000110387802 0 467.88999927043915 205.12000012397766 0 0 170.28000110387802 205.80999982357025 115.31000185012817 0 599.3800007551908 171.0100017786026 0 0 172.39000263810158 0 229.56000043451786 124.8799996972084 141.15999901294708 262.0799994468689 0 484.7100056409836 2143.2500019818544 2873.0400069504976 3.000000247731805 -7.7899999506771564 3.720000086352229 2.5200002919882536 -8.089999914169312 4.120000107213855 243 16 21 8 2 10 13 10 3 3 4 9 7 8 5 6 2 3 2 2 2 0 1 2 1 2 0 4 3 2 0 2 4 4 2 2 1 0 2190.470000848174 2991.010006636381 877.8400046825409 467.88999927043915 1017.4600026756525 2113.1700019538403 1792.3200013190508 320.85000063478947 144.06000052392483 495.19999861717224 1006.1300050467253 961.1600030362606 1563.9600005149841 458.7800001949072 627.9300015121698 249.91000317037106 320.85000063478947 390.3999992311001 467.88999927043915 205.12000012397766 0 92.18999898433685 228.6600016504526 205.80999982357025 228.36000080406666 0 807.3200047016144 378.20000353455544 390.3999992311001 0 249.91000317037106 756.6399958133698 446.11000187695026 181.81999963521957 290.0799984931946 262.0799994468689 0 715.2500052601099 4155.180004224181 5325.54000800848 8.000000583007932 -15.30999992787838 8.170000249519944 5.840000657364726 -14.49999986961484 8.660000303760171
244 1 0 0 1 0 0 0 0 0 0 0 0 0 0 0 0 0 0 1 0 0 0 0 1 0 0 0 0 0 0 0 0 0 0 0 0 0 205.80999982357025 0 0 205.80999982357025 0 0 0 0 0 0 0 0 0 0 0 0 0 0 205.80999982357025 0 0 0 0 205.80999982357025 0 0 0 0 0 0 0 0 0 0 0 0 0 27.670000076293945 165.549999833107 205.80999982357025 7.450580596923828e-9 -0.3999999985098839 0.0 -0.10999998450279236 -0.5099999904632568 0.0 244 3 2 1 2 1 1 1 0 0 1 1 0 1 0 1 0 0 0 2 1 0 0 0 1 0 0 1 0 0 0 0 0 1 0 0 1 0 574.8499994277954 343.30999740958214 116.44999867677689 467.88999927043915 106.96000015735626 226.85999873280525 226.85999873280525 0 0 106.96000015735626 116.44999867677689 0 226.85999873280525 0 116.44999867677689 0 0 0 467.88999927043915 106.96000015735626 0 0 0 205.80999982357025 0 0 226.85999873280525 0 0 0 0 0 116.44999867677689 0 0 262.0799994468689 0 103.54000076651573 738.029997587204 918.1599968373775 1.0000000353902578 -1.9999999925494194 0.9999999981373549 1.6900000553578138 -1.4899999797344208 1.1800000052899122 244 5 3 2 2 2 1 1 0 0 2 2 0 1 1 2 0 0 0 2 2 0 0 0 1 0 0 1 0 0 0 0 0 2 0 0 1 0 802.1699976921082 456.4199991673231 229.56000043451786 467.88999927043915 205.12000012397766 226.85999873280525 226.85999873280525 0 0 205.12000012397766 229.56000043451786 0 226.85999873280525 129.15999829769135 229.56000043451786 0 0 0 467.88999927043915 205.12000012397766 0 0 0 205.80999982357025 0 0 226.85999873280525 0 0 0 0 0 229.56000043451786 0 0 262.0799994468689 0 170.12000207602978 969.3199963569641 1258.5899968594313 1.0000000577419996 -3.0699999816715717 1.1799999941140413 1.530000077560544 -2.7199999690055847 1.3600000012665987 244 7 6 4 2 3 2 1 1 0 3 3 2 1 2 3 1 1 0 2 2 0 0 1 1 0 0 1 0 0 0 1 0 2 1 1 1 0 1064.6699975281954 923.9700026065111 526.8300027698278 467.88999927043915 346.27999913692474 397.1399998366833 226.85999873280525 170.28000110387802 0 346.27999913692474 354.44000013172626 342.6700037419796 226.85999873280525 250.4999991208315 354.44000013172626 172.39000263810158 170.28000110387802 0 467.88999927043915 205.12000012397766 0 0 170.28000110387802 205.80999982357025 0 0 226.85999873280525 0 0 0 172.39000263810158 0 229.56000043451786 124.8799996972084 141.15999901294708 262.0799994468689 0 297.0800039768219 1519.4299974739552 1988.6400001347065 1.210719347000122e-7 -4.939999967813492 0.3600000161677599 -0.23999984376132488 -5.39999994635582 0.6700000334531069 244 11 13 6 2 6 7 5 2 2 3 6 5 5 3 5 1 2 2 2 2 0 0 2 1 0 0 4 1 2 0 1 1 3 2 1 1 0 1731.7099986821413 1868.8000096827745 705.900004312396 467.88999927043915 637.2200019359589 1162.9000053703785 934.2400037199259 228.6600016504526 119.93000102043152 346.27999913692474 704.5200034528971 791.4500035196543 934.2400037199259 356.12999926507473 533.5100016742945 172.39000263810158 228.6600016504526 390.3999992311001 467.88999927043915 205.12000012397766 0 0 228.6600016504526 205.80999982357025 0 0 807.3200047016144 171.0100017786026 390.3999992311001 0 172.39000263810158 126.9199990183115 351.6900020390749 181.81999963521957 141.15999901294708 262.0799994468689 0 547.5400045067072 2815.200006261468 3720.4400093853474 4.000000366941094 -9.879999961704016 3.720000145956874 2.510000443086028 -10.309999912977219 4.17000019364059 244 21 25 12 6 14 13 10 3 3 7 10 9 8 4 6 4 3 2 6 3 0 0 3 3 2 0 4 4 2 2 2 4 4 2 4 1 2 2416.159999743104 3261.1600071638823 1081.8100055903196 539.2599988281727 1241.0400026738644 2179.3500015735626 1792.3200013190508 387.03000025451183 144.06000052392483 674.9999984502792 1049.9100052118301 1222.2900037914515 1563.9600005149841 398.53999930620193 627.9300015121698 444.86000430583954 387.03000025451183 390.3999992311001 539.2599988281727 228.64999985694885 0 0 387.03000025451183 268.15999960899353 228.36000080406666 0 807.3200047016144 421.9800036996603 390.3999992311001 194.95000113546848 249.91000317037106 756.6399958133698 446.11000187695026 181.81999963521957 446.3499985933304 262.0799994468689 9.019999772310257 762.490006685257 4568.010002836585 5821.380007430911 8.000000609084964 -19.039999920874834 7.990000212565064 3.570000698789954 -18.089999843388796 8.600000293925405
245 0 1 1 0 0 0 0 0 0 0 1 0 0 0 1 0 0 0 0 0 0 0 0 0 0 0 0 0 0 0 0 0 1 0 0 0 0 0 116.44999867677689 116.44999867677689 0 0 0 0 0 0 0 116.44999867677689 0 0 0 116.44999867677689 0 0 0 0 0 0 0 0 0 0 0 0 0 0 0 0 0 116.44999867677689 0 0 0 0 15.800000011920929 84.28999900817871 116.44999867677689 -3.725290298461914e-9 -0.3999999985098839 -1.1175870895385742e-8 -0.5799999944865704 -0.9799999892711639 -1.1175870895385742e-8 245 4 1 1 2 2 0 0 0 0 2 1 0 0 0 1 0 0 0 2 2 0 0 0 1 0 0 0 0 0 0 0 0 1 0 0 1 0 673.0099993944168 116.44999867677689 116.44999867677689 467.88999927043915 205.12000012397766 0 0 0 0 205.12000012397766 116.44999867677689 0 0 0 116.44999867677689 0 0 0 467.88999927043915 205.12000012397766 0 0 0 205.80999982357025 0 0 0 0 0 0 0 0 116.44999867677689 0 0 262.0799994468689 0 108.81000143289566 606.2399975061417 789.4599980711937 1.30385160446167e-8 -1.9999999925494194 -2.421438694000244e-8 0.04000002704560757 -1.9599999785423279 -2.421438694000244e-8 245 6 3 2 2 3 1 1 0 0 3 2 0 1 1 2 0 0 0 2 2 0 0 0 1 0 0 1 0 0 0 0 0 2 0 1 1 0 943.3299967050552 456.4199991673231 229.56000043451786 467.88999927043915 346.27999913692474 226.85999873280525 226.85999873280525 0 0 346.27999913692474 229.56000043451786 0 226.85999873280525 129.15999829769135 229.56000043451786 0 0 0 467.88999927043915 205.12000012397766 0 0 0 205.80999982357025 0 0 226.85999873280525 0 0 0 0 0 229.56000043451786 0 141.15999901294708 262.0799994468689 0 207.61000196635723 1067.1999955177307 1399.7499958723783 1.0000000651925802 -3.4699999801814556 1.1799999941140413 1.4600000847131014 -3.189999967813492 1.4500000048428774 245 7 7 4 2 3 3 3 0 0 3 4 0 3 2 4 0 0 0 2 2 0 0 0 1 0 0 2 0 0 0 0 1 3 1 1 1 0 1064.6699975281954 1005.9500009715557 476.5700017362833 467.88999927043915 346.27999913692474 529.3799992352724 529.3799992352724 0 0 346.27999913692474 476.5700017362833 0 529.3799992352724 250.4999991208315 476.5700017362833 0 0 0 467.88999927043915 205.12000012397766 0 0 0 205.80999982357025 0 0 402.4600002169609 0 0 0 0 126.9199990183115 351.6900020390749 124.8799996972084 141.15999901294708 262.0799994468689 0 297.11000323295593 1586.7599974125624 2070.619998499751 3.000000124797225 -5.339999966323376 3.3600000124424696 1.4600001703947783 -5.949999928474426 3.1400000285357237 245 11 15 8 2 5 7 5 2 0 4 6 7 5 2 5 3 2 2 2 3 0 0 2 1 0 0 4 1 2 1 2 1 3 2 1 1 0 1522.3799966573715 1994.120010316372 831.2200049459934 467.88999927043915 413.5899990350008 1162.9000053703785 934.2400037199259 228.6600016504526 0 369.80999886989594 577.2900018393993 916.7700041532516 934.2400037199259 250.4999991208315 533.5100016742945 297.71000327169895 228.6600016504526 390.3999992311001 467.88999927043915 228.64999985694885 0 0 228.6600016504526 205.80999982357025 0 0 807.3200047016144 43.780000165104866 390.3999992311001 47.800000101327896 249.91000317037106 126.9199990183115 351.6900020390749 181.81999963521957 141.15999901294708 262.0799994468689 0 450.9200036227703 2752.4600052535534 3516.5000069737434 4.000000348314643 -9.829999968409538 3.360000131651759 1.2500003930181265 -9.619999915361404 3.1500001531094313 245 27 30 14 7 19 16 10 6 3 8 15 13 8 5 6 5 6 3 7 3 1 0 6 3 2 1 5 7 2 3 2 3 3 3 5 1 3 2710.1600021719933 3520.4200109392405 1216.5500059574842 646.6599991768599 1480.6400058567524 2303.870004981756 1571.5800045877695 732.2900003939867 119.93000102043152 698.5599981546402 1232.4600084125996 1653.2600037455559 1343.2200037837029 428.80999904870987 569.5600017160177 530.5700041204691 732.2900003939867 391.14999924600124 646.6599991768599 228.64999985694885 0.7500000149011612 0 732.2900003939867 268.15999960899353 228.36000080406666 55.98999984562397 912.5500046461821 606.1600068360567 390.3999992311001 280.66000095009804 249.91000317037106 430.6699991375208 351.6900020390749 217.86999967694283 469.90999829769135 262.0799994468689 116.42000012099743 797.7300069630146 5040.950009152293 6351.260014146566 5.000000787898898 -23.70999989658594 5.170000297948718 -2.929999114945531 -22.619999766349792 5.430000385269523
246 1 0 0 1 0 0 0 0 0 0 0 0 0 0 0 0 0 0 1 0 0 0 0 0 0 0 0 0 0 0 0 0 0 0 0 1 0 262.0799994468689 0 0 262.0799994468689 0 0 0 0 0 0 0 0 0 0 0 0 0 0 262.0799994468689 0 0 0 0 0 0 0 0 0 0 0 0 0 0 0 0 262.0799994468689 0 18.310000896453857 228.41999912261963 262.0799994468689 -5.587935447692871e-9 -0.3999999985098839 -1.30385160446167e-8 0.39999999292194843 0.0 -1.30385160446167e-8 246 3 2 2 2 1 0 0 0 0 1 2 0 0 0 2 0 0 0 2 1 0 0 0 1 0 0 0 0 0 0 0 0 2 0 0 1 0 566.0499992370605 229.56000043451786 229.56000043451786 467.88999927043915 98.1599999666214 0 0 0 0 98.1599999666214 229.56000043451786 0 0 0 229.56000043451786 0 0 0 467.88999927043915 98.1599999666214 0 0 0 205.80999982357025 0 0 0 0 0 0 0 0 229.56000043451786 0 0 262.0799994468689 0 103.64000190794468 615.6799985170364 795.6099996715784 1.862645149230957e-9 -1.9999999925494194 -3.5390257835388184e-8 -0.42999998293817043 -2.429999977350235 -3.5390257835388184e-8 246 6 3 3 2 3 0 0 0 0 3 3 1 0 0 3 0 0 1 2 2 0 0 0 1 0 0 0 0 1 0 0 0 2 1 1 1 0 1047.1899977773428 354.44000013172626 354.44000013172626 467.88999927043915 346.27999913692474 0 0 0 0 346.27999913692474 354.44000013172626 233.0199993699789 0 0 354.44000013172626 0 0 233.0199993699789 467.88999927043915 205.12000012397766 0 0 0 205.80999982357025 0 0 0 0 233.0199993699789 0 0 0 229.56000043451786 124.8799996972084 141.15999901294708 262.0799994468689 0 211.9900018721819 1013.7499978393316 1401.629997909069 1.0000000465661287 -3.290000006556511 -3.5390257835388184e-8 -0.029999924823641777 -4.179999977350235 -0.0500000324100256 246 9 11 6 2 4 5 4 1 0 3 6 4 4 1 5 1 1 2 2 2 0 0 1 1 0 0 3 1 2 0 1 1 3 2 1 1 0 1426.0999946892262 1406.7300059348345 611.030002206564 467.88999927043915 438.6499978899956 795.7000037282705 737.3200031816959 58.38000054657459 0 346.27999913692474 625.8800004273653 526.3000003099442 737.3200031816959 129.15999829769135 533.5100016742945 77.52000053226948 58.38000054657459 390.3999992311001 467.88999927043915 205.12000012397766 0 0 58.38000054657459 205.80999982357025 0 0 610.4000041633844 92.36999875307083 390.3999992311001 0 77.52000053226948 126.9199990183115 351.6900020390749 181.81999963521957 141.15999901294708 262.0799994468689 0 348.7400031685829 2210.199999973178 2832.8300006240606 4.000000240281224 -7.559999983757734 3.1800000723451376 1.5200002919882536 -7.879999935626984 3.0600000973790884 246 20 24 12 6 10 12 9 3 0 7 9 9 9 4 6 4 3 2 6 3 0 0 3 3 0 0 5 3 2 3 1 4 4 2 4 1 2 2195.589996740222 2971.330005005002 958.51000264287 539.2599988281727 867.5300007760525 2012.820002362132 1625.7900021076202 387.03000025451183 0 549.6399986743927 909.200003489852 1135.6100009679794 1625.7900021076202 407.419997677207 591.3100013881922 358.1800014823675 387.03000025451183 390.3999992311001 539.2599988281727 228.64999985694885 0 0 387.03000025451183 268.15999960899353 0 0 955.7900052815676 317.8900021016598 390.3999992311001 280.66000095009804 77.52000053226948 669.9999968260527 409.4900017529726 181.81999963521957 320.98999881744385 262.0799994468689 9.019999772310257 599.5900073647499 4122.209997445345 5166.920001745224 7.00000056065619 -16.76999992877245 6.720000201836228 1.8600006643682718 -16.259999841451645 6.880000280216336 246 36 37 16 9 25 21 15 6 3 13 17 13 13 7 7 5 6 3 9 4 1 0 6 4 2 1 7 8 2 3 2 6 4 3 9 1 4 2827.830000549555 4517.380010217428 1324.8400067090988 751.380000025034 1364.3300048857927 3192.5400035083294 2541.2500033527613 651.2900001555681 119.93000102043152 670.8699980676174 1201.6400072425604 1572.2600035071373 2312.8900025486946 608.5599985867739 627.3600014299154 530.5700041204691 651.2900001555681 391.14999924600124 751.380000025034 234.37999975681305 0.7500000149011612 0 651.2900001555681 322.38999941945076 228.36000080406666 55.98999984562397 1168.440006569028 517.5400059521198 390.3999992311001 280.66000095009804 249.91000317037106 1144.4499959796667 409.4900017529726 217.86999967694283 436.48999831080437 262.0799994468689 166.9100011587143 872.8800088465214 6013.710004970431 7465.890011802316 10.000000992789865 -29.849999859929085 10.530000375583768 2.710001105442643 -26.35999971628189 11.5200005043298
247 1 0 0 0 1 0 0 0 0 1 0 0 0 0 0 0 0 0 0 1 0 0 0 0 0 0 0 0 0 0 0 0 0 0 0 0 0 98.1599999666214 0 0 0 98.1599999666214 0 0 0 0 98.1599999666214 0 0 0 0 0 0 0 0 0 98.1599999666214 0 0 0 0 0 0 0 0 0 0 0 0 0 0 0 0 0 23.280000805854797 61.1299991607666 98.1599999666214 7.450580596923828e-9 -0.3999999985098839 0.0 -0.06999999284744263 -0.4699999988079071 0.0 247 3 2 2 1 2 0 0 0 0 2 2 0 0 0 2 0 0 0 1 1 0 0 0 0 0 0 0 0 0 0 0 0 2 0 1 1 0 501.3999984264374 229.56000043451786 229.56000043451786 262.0799994468689 239.31999897956848 0 0 0 0 239.31999897956848 229.56000043451786 0 0 0 229.56000043451786 0 0 0 262.0799994468689 98.1599999666214 0 0 0 0 0 0 0 0 0 0 0 0 229.56000043451786 0 141.15999901294708 262.0799994468689 0 113.46000172197819 548.009997844696 730.9599988609552 1.862645149230957e-9 -1.9999999925494194 -3.5390257835388184e-8 -0.3899999912828207 -2.3899999856948853 0.08999996818602085 247 5 4 4 2 3 0 0 0 0 3 4 0 0 0 4 0 0 0 2 2 0 0 0 1 0 0 0 0 0 0 0 0 3 1 1 1 0 814.1699984073639 476.5700017362833 476.5700017362833 467.88999927043915 346.27999913692474 0 0 0 0 346.27999913692474 476.5700017362833 0 0 0 476.5700017362833 0 0 0 467.88999927043915 205.12000012397766 0 0 0 205.80999982357025 0 0 0 0 0 0 0 0 351.6900020390749 124.8799996972084 141.15999901294708 262.0799994468689 0 207.3800022751093 946.2699989080429 1290.7400001436472 5.587935447692871e-9 -3.599999986588955 -6.146728992462158e-8 -0.8899999726563692 -4.349999964237213 -0.050000058487057686 247 6 11 6 2 3 5 4 1 0 3 5 2 4 1 5 1 1 0 2 2 0 0 1 1 0 0 3 0 0 0 1 1 3 2 1 1 0 943.3299967050552 1406.7300059348345 611.030002206564 467.88999927043915 346.27999913692474 795.7000037282705 737.3200031816959 58.38000054657459 0 346.27999913692474 533.5100016742945 135.90000107884407 737.3200031816959 129.15999829769135 533.5100016742945 77.52000053226948 58.38000054657459 0 467.88999927043915 205.12000012397766 0 0 58.38000054657459 205.80999982357025 0 0 610.4000041633844 0 0 0 77.52000053226948 126.9199990183115 351.6900020390749 181.81999963521957 141.15999901294708 262.0799994468689 0 311.31000404059887 1834.3400004208088 2350.0600026398897 3.000000173225999 -6.669999968260527 3.180000042542815 0.3500002082437277 -7.109999924898148 2.7000000532716513 247 17 21 12 7 9 9 7 2 0 5 9 8 7 2 5 4 2 2 7 3 0 0 2 3 0 0 4 4 2 3 1 3 3 2 2 1 3 1867.069998294115 2293.050009444356 1008.1100032776594 646.6599991768599 695.9300008863211 1284.9400061666965 1148.4900046437979 136.45000152289867 0 375.59999883174896 853.8400037288666 885.0300022363663 1148.4900046437979 250.4999991208315 533.5100016742945 358.1800014823675 136.45000152289867 390.3999992311001 646.6599991768599 228.64999985694885 0 0 136.45000152289867 268.15999960899353 0 0 717.8200055062771 320.3300020545721 390.3999992311001 280.66000095009804 77.52000053226948 430.6699991375208 351.6900020390749 181.81999963521957 146.9499989748001 262.0799994468689 116.42000012099743 475.5000047683716 3341.250005558133 4160.120007738471 6.000000422820449 -14.629999950528145 5.360000116750598 -0.06999959237873554 -12.04999989271164 3.720000123605132 247 33 36 18 11 21 18 12 6 3 10 17 13 10 7 8 5 6 3 11 3 1 0 6 5 2 1 7 7 2 3 2 3 5 3 7 1 5 2829.269997268915 3798.27001285553 1390.2800078988075 784.1900005936623 1240.2900020629168 2407.9900049567223 1756.7000048011541 651.2900001555681 119.93000102043152 661.6499982476234 1147.310005620122 1572.2600035071373 1599.1100057065487 706.179997369647 687.850002810359 530.5700041204691 651.2900001555681 391.14999924600124 784.1900005936623 228.64999985694885 0.7500000149011612 0 651.2900001555681 350.25000017881393 157.58999909460545 55.98999984562397 1168.440006569028 402.7200029492378 390.3999992311001 280.66000095009804 249.91000317037106 430.6699991375208 469.9800031334162 217.86999967694283 432.9999983906746 262.0799994468689 171.86000096797943 806.5100072026253 5382.380006045103 6748.220011159778 7.0000008922070265 -28.24999986588955 7.530000304803252 -3.3999989610165358 -27.159999698400497 7.7200004402548075
248 0 1 1 0 0 0 0 0 0 0 1 0 0 0 1 0 0 0 0 0 0 0 0 0 0 0 0 0 0 0 0 0 1 0 0 0 0 0 113.11000175774097 113.11000175774097 0 0 0 0 0 0 0 113.11000175774097 0 0 0 113.11000175774097 0 0 0 0 0 0 0 0 0 0 0 0 0 0 0 0 0 113.11000175774097 0 0 0 0 18.58000011742115 76.2900013923645 113.11000175774097 -3.725290298461914e-9 -0.3999999985098839 -1.1175870895385742e-8 -0.07000000402331352 -0.4699999988079071 -1.1175870895385742e-8 248 3 2 2 1 2 0 0 0 0 2 2 0 0 0 2 0 0 0 1 1 0 0 0 0 0 0 0 0 0 0 0 0 1 1 1 1 0 501.3999984264374 237.99000145494938 237.99000145494938 262.0799994468689 239.31999897956848 0 0 0 0 239.31999897956848 237.99000145494938 0 0 0 237.99000145494938 0 0 0 262.0799994468689 98.1599999666214 0 0 0 0 0 0 0 0 0 0 0 0 113.11000175774097 124.8799996972084 141.15999901294708 262.0799994468689 0 119.87000252306461 547.8599979877472 739.3899998813868 -1.862645149230957e-9 -1.9999999925494194 -3.91155481338501e-8 -0.5299999956041574 -2.3899999856948853 -0.050000036135315895 248 4 5 4 2 2 1 1 0 0 2 4 0 1 0 4 0 0 0 2 1 0 0 0 1 0 0 1 0 0 0 0 0 3 1 1 1 0 707.2099982500076 684.5100056827068 476.5700017362833 467.88999927043915 239.31999897956848 207.94000394642353 207.94000394642353 0 0 239.31999897956848 476.5700017362833 0 207.94000394642353 0 476.5700017362833 0 0 0 467.88999927043915 98.1599999666214 0 0 0 205.80999982357025 0 0 207.94000394642353 0 0 0 0 0 351.6900020390749 124.8799996972084 141.15999901294708 262.0799994468689 0 213.30000318586826 1044.0800017863512 1391.7200039327145 1.0000000279396772 -3.599999986588955 0.9999999608844519 -0.17999994195997715 -4.81999996304512 1.1299999710172415 248 6 9 5 2 3 4 4 0 0 3 4 2 4 0 4 1 0 1 2 2 0 0 0 1 0 0 3 0 1 1 0 1 3 1 1 1 0 1047.1899977773428 1361.0400059521198 623.7200027704239 467.88999927043915 346.27999913692474 737.3200031816959 737.3200031816959 0 0 346.27999913692474 476.5700017362833 380.1700004041195 737.3200031816959 0 476.5700017362833 147.1500010341406 0 233.0199993699789 467.88999927043915 205.12000012397766 0 0 0 205.80999982357025 0 0 610.4000041633844 0 233.0199993699789 147.1500010341406 0 126.9199990183115 351.6900020390749 124.8799996972084 141.15999901294708 262.0799994468689 0 328.7600040733814 1816.1400023549795 2408.2300037294626 5.000000162050128 -5.689999997615814 4.000000035390258 3.3300002198666334 -6.60999995470047 3.9600000586360693 248 18 15 8 3 9 7 6 1 0 6 8 6 6 4 5 3 1 2 3 3 0 0 1 2 0 0 4 3 2 2 1 2 3 2 3 1 0 2315.86999681592 1906.2200087159872 843.8900030553341 511.0199987888336 922.9000001847744 1062.3300056606531 1003.9500051140785 58.38000054657459 0 605.0099980831146 851.4000037759542 759.1600011587143 1003.9500051140785 491.5499986112118 533.5100016742945 310.3800013810396 58.38000054657459 390.3999992311001 511.0199987888336 228.64999985694885 0 0 58.38000054657459 248.93999934196472 0 0 717.8200055062771 317.8900021016598 390.3999992311001 232.86000084877014 77.52000053226948 286.12999960780144 351.6900020390749 181.81999963521957 376.35999822616577 262.0799994468689 0 507.000005826354 3342.480001807213 4222.090005531907 6.000000407919288 -12.369999945163727 5.720000131055713 0.850000461563468 -12.629999876022339 4.730000151321292 248 29 33 17 9 16 16 11 5 1 8 15 12 9 7 8 5 5 2 9 3 0 0 5 4 2 0 6 7 2 3 2 3 5 3 5 1 4 2718.129996165633 3625.120012357831 1443.2400062084198 751.380000025034 1037.0800006985664 2181.880006149411 1651.4700048565865 530.4100012928247 0.0 634.3599977493286 1148.4800038784742 1451.380004644394 1493.880005761981 706.179997369647 745.7600009292364 530.5700041204691 530.4100012928247 390.3999992311001 751.380000025034 228.64999985694885 0 0 530.4100012928247 322.38999941945076 157.58999909460545 0 1063.2100066244602 402.7200029492378 390.3999992311001 280.66000095009804 249.91000317037106 430.6699991375208 527.8900012522936 217.86999967694283 405.70999789237976 262.0799994468689 166.9100011587143 718.9900059551001 5124.130005016923 6343.250008523464 7.000000772997737 -24.069999881088734 7.350000260397792 -1.939999146386981 -22.179999761283398 6.730000348761678
249 1 0 0 0 1 0 0 0 0 1 0 0 0 0 0 0 0 0 0 0 0 0 0 0 0 0 0 0 0 0 0 0 0 0 1 0 0 141.15999901294708 0 0 0 141.15999901294708 0 0 0 0 141.15999901294708 0 0 0 0 0 0 0 0 0 0 0 0 0 0 0 0 0 0 0 0 0 0 0 0 141.15999901294708 0 0 37.489999890327454 97.8799991607666 141.15999901294708 7.450580596923828e-9 -0.3999999985098839 0.0 -0.06999999284744263 -0.4699999988079071 0.09000000357627869 249 2 3 3 0 2 0 0 0 0 2 3 0 0 0 3 0 0 0 0 1 0 0 0 0 0 0 0 0 0 0 0 0 2 1 1 0 0 239.31999897956848 360.1200030595064 360.1200030595064 0 239.31999897956848 0 0 0 0 239.31999897956848 360.1200030595064 0 0 0 360.1200030595064 0 0 0 0 98.1599999666214 0 0 0 0 0 0 0 0 0 0 0 0 235.240003362298 124.8799996972084 141.15999901294708 0 0 121.85000164806843 401.16000056266785 599.4400020390749 0.0 -1.9999999925494194 -3.725290298461914e-8 -0.9999999925494194 -2.8599999845027924 -0.050000034272670746 249 4 5 4 1 2 1 1 0 0 2 4 1 1 0 4 0 0 1 1 1 0 0 0 0 0 0 1 0 1 0 0 0 3 1 1 1 0 658.7799982875586 684.5100056827068 476.5700017362833 262.0799994468689 239.31999897956848 207.94000394642353 207.94000394642353 0 0 239.31999897956848 476.5700017362833 157.37999986112118 207.94000394642353 0 476.5700017362833 0 0 157.37999986112118 262.0799994468689 98.1599999666214 0 0 0 0 0 0 207.94000394642353 0 157.37999986112118 0 0 0 351.6900020390749 124.8799996972084 141.15999901294708 262.0799994468689 0 197.57000264525414 1015.000002130866 1343.2900039702654 1.0000000428408384 -3.599999986588955 0.9999999757856131 0.5100000705569983 -4.309999972581863 1.30999999307096 249 12 14 8 2 7 6 5 1 0 5 7 6 5 1 5 3 1 2 2 2 0 0 1 1 0 0 3 2 2 2 1 2 3 2 3 1 0 1779.79999871552 1679.360009983182 843.8900030553341 467.88999927043915 807.0000016987324 835.4700069278479 777.0900063812733 58.38000054657459 0 581.4799983501434 759.0300050228834 759.1600011587143 777.0900063812733 114.5099985152483 533.5100016742945 310.3800013810396 58.38000054657459 390.3999992311001 467.88999927043915 205.12000012397766 0 0 58.38000054657459 205.80999982357025 0 0 490.96000677347183 225.52000334858894 390.3999992311001 232.86000084877014 77.52000053226948 286.12999960780144 351.6900020390749 181.81999963521957 376.35999822616577 262.0799994468689 0 424.25000551342964 2706.8900043666363 3459.160008698702 5.000000299885869 -9.959999974817038 4.180000087246299 -0.3199996519833803 -11.289999902248383 3.160000091418624 249 24 27 15 9 13 12 8 4 0 8 12 10 8 4 7 4 4 2 9 3 0 0 4 4 0 0 5 5 2 3 1 3 5 2 5 1 4 2354.969996407628 2891.8900089412928 1234.800003528595 751.380000025034 954.6899998039007 1657.0900054126978 1296.960005223751 360.1300001889467 0 634.3599977493286 1030.0400029420853 1108.7100009024143 1296.960005223751 425.4099985063076 709.7100008875132 358.1800014823675 360.1300001889467 390.3999992311001 751.380000025034 228.64999985694885 0 0 360.1300001889467 322.38999941945076 0 0 866.2900060862303 320.3300020545721 390.3999992311001 280.66000095009804 77.52000053226948 430.6699991375208 527.8900012522936 181.81999963521957 405.70999789237976 262.0799994468689 166.9100011587143 585.2800046950579 4214.280003756285 5246.860005348921 5.000000586733222 -19.569999918341637 4.720000175759196 -2.4799993503838778 -18.14999981969595 4.250000236555934 249 40 36 19 11 27 17 11 6 4 15 18 13 8 9 9 5 6 3 11 5 1 1 5 5 3 1 5 7 2 3 2 3 6 3 10 1 5 2928.2199948728085 3532.170004233718 1458.1500021368265 756.3299998342991 1253.1100009828806 2074.0200020968914 1505.3200046271086 568.6999974697828 99.4000006467104 694.9999975413084 1328.1800045222044 1376.6699961572886 1296.960005223751 799.6399964392185 868.7200017124414 417.56999945640564 568.6999974697828 391.14999924600124 756.3299998342991 256.5499992966652 0.7500000149011612 87.68999841809273 481.0099990516901 322.38999941945076 208.3599994033575 55.98999984562397 866.2900060862303 402.7200029492378 390.3999992311001 280.66000095009804 136.9099985063076 430.6699991375208 650.8500020354986 217.86999967694283 438.4499982446432 262.0799994468689 171.86000096797943 759.5800036638975 5233.069999575615 6560.539999768138 6.00000093318522 -31.27999984100461 6.980000277981162 -5.999999018386006 -28.199999678879976 6.4700003657490015
250 0 1 1 0 0 0 0 0 0 0 1 0 0 0 1 0 0 0 0 0 0 0 0 0 0 0 0 0 0 0 0 0 0 1 0 0 0 0 124.8799996972084 124.8799996972084 0 0 0 0 0 0 0 124.8799996972084 0 0 0 124.8799996972084 0 0 0 0 0 0 0 0 0 0 0 0 0 0 0 0 0 0 124.8799996972084 0 0 0 22.210000813007355 84.13999915122986 124.8799996972084 -7.450580596923828e-9 -0.3999999985098839 -1.4901161193847656e-8 -0.7199999988079071 -0.9799999892711639 -0.14000001549720764 250 1 4 3 0 1 1 1 0 0 1 3 0 1 0 3 0 0 0 0 0 0 0 0 0 0 0 1 0 0 0 0 0 2 1 1 0 0 141.15999901294708 568.06000700593 360.1200030595064 0 141.15999901294708 207.94000394642353 207.94000394642353 0 0 141.15999901294708 360.1200030595064 0 207.94000394642353 0 360.1200030595064 0 0 0 0 0 0 0 0 0 0 0 207.94000394642353 0 0 0 0 0 235.240003362298 124.8799996972084 141.15999901294708 0 0 128.24000139534473 504.69000466167927 709.220006018877 1.0000000223517418 -1.9999999925494194 0.9999999850988388 0.18000003695487976 -2.8599999845027924 1.1299999952316284 250 4 5 4 1 3 1 1 0 0 2 4 1 1 0 3 1 0 0 1 1 0 0 0 0 0 0 1 1 0 1 0 0 2 1 1 1 0 683.1400016099215 715.2100080400705 507.270004093647 262.0799994468689 421.06000216305256 207.94000394642353 207.94000394642353 0 0 239.31999897956848 541.8600062429905 147.1500010341406 207.94000394642353 0 360.1200030595064 147.1500010341406 0 0 262.0799994468689 98.1599999666214 0 0 0 0 0 0 207.94000394642353 181.74000318348408 0 147.1500010341406 0 0 235.240003362298 124.8799996972084 141.15999901294708 262.0799994468689 0 211.39000445604324 1051.4700056612492 1398.350009649992 1.0000000391155481 -3.599999986588955 0.9999999720603228 0.9300000537186861 -3.7999999821186066 1.219999985769391 250 12 12 7 2 6 5 4 1 0 4 6 6 4 2 4 3 1 2 2 1 0 0 1 1 0 0 2 2 2 2 1 2 3 1 3 1 0 1799.3799995332956 1446.8200085610151 786.9500031173229 467.88999927043915 700.0400015413761 659.8700054436922 601.4900048971176 58.38000054657459 0 474.51999819278717 702.0900050848722 759.1600011587143 601.4900048971176 241.0499994903803 476.5700017362833 310.3800013810396 58.38000054657459 390.3999992311001 467.88999927043915 98.1599999666214 0 0 58.38000054657459 205.80999982357025 0 0 315.3600052893162 225.52000334858894 390.3999992311001 232.86000084877014 77.52000053226948 286.12999960780144 351.6900020390749 124.8799996972084 376.35999822616577 262.0799994468689 0 392.8500052392483 2551.240004360676 3246.2000080943108 4.000000288709998 -9.02999997138977 3.3600000869482756 -0.799999663606286 -10.599999904632568 2.480000091716647 250 23 26 14 8 12 12 8 4 0 7 12 10 7 4 7 4 4 2 8 3 0 0 4 4 1 0 4 5 2 2 2 3 5 2 4 1 3 2349.179996445775 2778.7200094908476 1303.950002670288 743.7800002247095 948.8999998420477 1474.7700068205595 1114.6400066316128 360.1300001889467 0 628.5699977874756 1095.2000040113926 1120.2999987751245 1070.1000064909458 425.4099985063076 774.8700019568205 369.76999935507774 360.1300001889467 390.3999992311001 743.7800002247095 228.64999985694885 0 0 360.1300001889467 322.38999941945076 44.54000014066696 0 639.430007353425 320.3300020545721 390.3999992311001 232.86000084877014 136.9099985063076 430.6699991375208 593.0500023216009 181.81999963521957 399.91999793052673 262.0799994468689 159.31000135838985 580.0300043076277 4109.400004118681 5127.900005936623 5.000000575557351 -18.76999992132187 4.720000179484487 -3.619999373331666 -18.1099998280406 3.1600002255290747 250 39 36 20 11 27 16 11 5 4 14 20 12 9 8 10 5 5 3 11 4 1 1 4 5 2 1 5 8 2 3 2 4 7 3 10 1 5 2892.0199957042933 3523.110005930066 1458.1500021368265 756.3299998342991 1403.1200031638145 2064.9600037932396 1617.1400051862001 447.81999860703945 164.2700011730194 689.2699976414442 1419.0500060766935 1255.7899972945452 1521.8300047367811 678.2999956160784 868.7200017124414 417.56999945640564 447.81999860703945 391.14999924600124 756.3299998342991 250.819999396801 0.7500000149011612 87.68999841809273 360.1300001889467 322.38999941945076 95.31000044941902 55.98999984562397 866.2900060862303 493.59000450372696 390.3999992311001 280.66000095009804 136.9099985063076 655.5399986505508 650.8500020354986 217.86999967694283 438.4499982446432 262.0799994468689 171.86000096797943 789.8700047433376 5200.380000859499 6580.15000282228 7.000000877305865 -31.009999848902225 7.800000233575702 -3.8499990683048964 -27.31999971345067 7.7400003504008055
251 0 1 1 0 0 0 0 0 0 0 1 0 0 0 1 0 0 0 0 0 0 0 0 0 0 0 0 0 0 0 0 0 1 0 0 0 0 0 122.13000160455704 122.13000160455704 0 0 0 0 0 0 0 122.13000160455704 0 0 0 122.13000160455704 0 0 0 0 0 0 0 0 0 0 0 0 0 0 0 0 0 122.13000160455704 0 0 0 0 20.290000021457672 81.72000169754028 122.13000160455704 -3.725290298461914e-9 -0.3999999985098839 -1.1175870895385742e-8 -0.07000000402331352 -0.4699999988079071 -1.1175870895385742e-8 251 1 4 3 0 1 1 1 0 0 1 2 1 1 0 2 1 0 0 0 0 0 0 0 0 0 0 1 0 0 1 0 0 1 1 1 0 0 141.15999901294708 602.1000062823296 394.16000233590603 0 141.15999901294708 207.94000394642353 207.94000394642353 0 0 141.15999901294708 247.01000130176544 147.1500010341406 207.94000394642353 0 247.01000130176544 147.1500010341406 0 0 0 0 0 0 0 0 0 0 207.94000394642353 0 0 147.1500010341406 0 0 122.13000160455704 124.8799996972084 141.15999901294708 0 0 129.1500021070242 536.2300035506487 743.2600052952766 1.0000000335276127 -1.9999999925494194 0.9999999962747097 0.18000004813075066 -2.8599999845027924 1.1300000064074993 251 3 5 4 0 3 1 1 0 0 2 4 1 1 0 3 1 0 0 0 1 0 0 0 0 0 0 1 1 0 1 0 0 2 1 1 0 0 421.06000216305256 715.2100080400705 507.270004093647 0 421.06000216305256 207.94000394642353 207.94000394642353 0 0 239.31999897956848 541.8600062429905 147.1500010341406 207.94000394642353 0 360.1200030595064 147.1500010341406 0 0 0 98.1599999666214 0 0 0 0 0 0 207.94000394642353 181.74000318348408 0 147.1500010341406 0 0 235.240003362298 124.8799996972084 141.15999901294708 0 0 193.0800035595894 823.0500065386295 1136.270010203123 1.0000000447034836 -3.199999988079071 0.9999999850988388 0.5300000607967377 -3.7999999821186066 1.219999998807907 251 8 12 7 2 5 5 5 0 0 3 6 2 5 2 4 2 0 0 2 2 0 0 0 0 0 0 3 2 0 1 1 2 3 1 1 1 1 1018.9400014579296 1585.7300100326538 808.6400036513805 369.47999979555607 488.3700020611286 777.0900063812733 777.0900063812733 0 0 262.8499987125397 702.0900050848722 224.67000156641006 777.0900063812733 268.4899999499321 476.5700017362833 224.67000156641006 0 0 369.47999979555607 121.68999969959259 0 0 0 0 0 0 490.96000677347183 225.52000334858894 0 147.1500010341406 77.52000053226948 286.12999960780144 351.6900020390749 124.8799996972084 141.15999901294708 262.0799994468689 107.40000034868717 320.82000505924225 2084.8000077605247 2604.6700114905834 5.00000019185245 -7.739999957382679 5.360000034794211 0.9600002076476812 -8.339999914169312 4.5800000336021185 251 20 22 13 7 10 9 6 3 1 5 10 10 5 4 6 5 3 2 7 2 0 0 3 4 1 0 3 4 2 3 2 2 4 2 3 1 2 2114.1499975323677 2206.250010341406 1182.8600022345781 693.2899991869926 797.5500019043684 1023.3900081068277 821.6300065219402 201.7600015848875 71.54000067710876 498.04999792575836 884.4300057590008 1009.7300002723932 777.0900063812733 413.26999820768833 656.4700024574995 417.56999945640564 201.7600015848875 390.3999992311001 693.2899991869926 121.68999969959259 0 0 201.7600015848875 322.38999941945076 44.54000014066696 0 490.96000677347183 227.96000330150127 390.3999992311001 280.66000095009804 136.9099985063076 286.12999960780144 474.65000282227993 181.81999963521957 376.35999822616577 262.0799994468689 108.82000032067299 535.7300048470497 3464.480006083846 4391.940008550882 4.0000004936009645 -16.459999930113554 3.810000142082572 -4.689999522641301 -15.769999850541353 1.4000001344829798 251 33 39 22 11 23 17 12 5 4 11 20 13 9 6 11 6 5 3 11 4 1 0 5 5 3 1 5 7 2 4 2 4 7 4 7 1 5 2581.1699968129396 3923.1000085175037 1711.900005325675 784.1900005936623 1237.900002002716 2211.2000031918287 1730.1900041401386 481.0099990516901 164.2700011730194 659.0699972063303 1437.7400069534779 1389.0199993252754 1521.8300047367811 504.8099971264601 1022.4300033152103 517.6100010424852 481.0099990516901 391.14999924600124 784.1900005936623 250.819999396801 0.7500000149011612 0 481.0099990516901 350.25000017881393 208.3599994033575 0.0 866.2900060862303 414.56000362336636 390.3999992311001 380.70000253617764 136.9099985063076 655.5399986505508 653.5400037020445 368.88999961316586 408.2499978095293 262.0799994468689 171.86000096797943 778.5100051760674 5294.530003011227 6669.290006518364 8.000000828877091 -30.069999866187572 8.440000215545297 -2.3599990997463465 -26.019999723881483 8.150000328198075
252 0 1 0 0 0 1 1 0 0 0 0 0 1 0 0 0 0 0 0 0 0 0 0 0 0 0 1 0 0 0 0 0 0 0 0 0 0 0 207.94000394642353 0 0 0 207.94000394642353 207.94000394642353 0 0 0 0 0 207.94000394642353 0 0 0 0 0 0 0 0 0 0 0 0 0 207.94000394642353 0 0 0 0 0 0 0 0 0 0 29.670000553131104 164.66000325977802 207.94000394642353 1.0000000298023224 -0.3999999985098839 1.0000000223517418 1.1100000366568565 -0.4699999988079071 1.1800000295042992 252 1 4 3 0 1 1 1 0 0 0 3 1 1 0 2 1 0 0 0 0 0 0 0 0 0 0 1 1 0 1 0 0 1 1 0 0 0 181.74000318348408 602.1000062823296 394.16000233590603 0 181.74000318348408 207.94000394642353 207.94000394642353 0 0 0 428.7500044852495 147.1500010341406 207.94000394642353 0 247.01000130176544 147.1500010341406 0 0 0 0 0 0 0 0 0 0 207.94000394642353 181.74000318348408 0 147.1500010341406 0 0 122.13000160455704 124.8799996972084 0 0 0 113.73000274598598 587.7500068247318 783.8400094658136 1.0000000335276127 -1.9999999925494194 0.9999999962747097 0.7400000505149364 -2.3899999856948853 1.1300000064074993 252 4 5 4 0 2 1 1 0 0 1 4 1 1 2 3 1 0 0 0 0 0 0 0 0 0 0 1 1 0 1 0 0 2 1 1 0 0 591.3900021463633 715.2100080400705 507.270004093647 0 322.90000219643116 207.94000394642353 207.94000394642353 0 0 141.15999901294708 541.8600062429905 147.1500010341406 207.94000394642353 268.4899999499321 360.1200030595064 147.1500010341406 0 0 0 0 0 0 0 0 0 0 207.94000394642353 181.74000318348408 0 147.1500010341406 0 0 235.240003362298 124.8799996972084 141.15999901294708 0 0 209.12000215053558 974.4400083124638 1306.6000101864338 1.000000074505806 -3.3399999737739563 1.3599999994039536 0.560000091791153 -3.909999966621399 1.5800000131130219 252 7 8 5 1 4 3 3 0 0 3 5 1 3 2 4 1 0 0 1 1 0 0 0 0 0 0 2 1 0 1 0 1 3 1 2 1 0 1036.3500006347895 1104.8000107556581 630.230004876852 262.0799994468689 505.7800012379885 474.5700058788061 474.5700058788061 0 0 324.0399980545044 664.8200070261955 147.1500010341406 474.5700058788061 268.4899999499321 483.08000384271145 147.1500010341406 0 0 262.0799994468689 98.1599999666214 0 0 0 0 0 0 315.3600052893162 181.74000318348408 0 147.1500010341406 0 159.21000058948994 358.20000414550304 124.8799996972084 225.879998087883 262.0799994468689 0 311.5200038999319 1652.58000870049 2141.1500113904476 3.0000001322478056 -5.73999996483326 3.3600000124424696 1.940000144764781 -5.829999953508377 3.4100000243633986 252 16 19 11 5 8 8 6 2 1 5 9 7 5 3 7 3 2 2 5 2 0 0 2 3 1 0 3 2 2 2 1 2 5 2 3 1 1 2062.2199975699186 2137.970010817051 1192.6500036865473 672.649998947978 795.1100019514561 945.3200071305037 821.6300065219402 123.69000060856342 71.54000067710876 498.04999792575836 1000.3900053054094 824.4700012207031 777.0900063812733 382.9999984651804 774.8700019568205 310.3800013810396 123.69000060856342 390.3999992311001 672.649998947978 121.68999969959259 0 0 123.69000060856342 303.16999915242195 44.54000014066696 0 490.96000677347183 225.52000334858894 390.3999992311001 232.86000084877014 77.52000053226948 286.12999960780144 593.0500023216009 181.81999963521957 376.35999822616577 262.0799994468689 107.40000034868717 538.8200046271086 3328.160006657243 4271.730009064078 5.000000404193997 -13.789999946951866 4.6300001088529825 -1.3299995716661215 -13.769999880343676 2.760000115260482 252 30 33 18 10 20 15 11 4 3 11 14 11 9 6 8 5 4 2 10 4 0 0 4 4 2 0 5 6 2 3 2 4 5 3 7 1 5 2604.97999471426 3492.5900076925755 1515.3200023174286 756.3299998342991 1289.5700006633997 1977.2700053751469 1617.1400051862001 360.1300001889467 164.2700011730194 801.6099974215031 1249.5800039619207 1168.0999988764524 1521.8300047367811 504.8099971264601 925.8900018930435 417.56999945640564 360.1300001889467 390.3999992311001 756.3299998342991 250.819999396801 0 0 360.1300001889467 322.38999941945076 95.31000044941902 0 866.2900060862303 323.6900020688772 390.3999992311001 280.66000095009804 136.9099985063076 655.5399986505508 593.0500023216009 332.8399995714426 550.7899980247021 262.0799994468689 171.86000096797943 757.730003580451 4939.410001933575 6261.840003579855 8.000000739470124 -25.57999988272786 8.350000208243728 -1.4699992034584284 -22.999999772757292 7.930000299587846
253 0 1 1 0 0 0 0 0 0 0 0 1 0 0 0 1 0 0 0 0 0 0 0 0 0 0 0 0 0 1 0 0 0 0 0 0 0 0 147.1500010341406 147.1500010341406 0 0 0 0 0 0 0 0 147.1500010341406 0 0 0 147.1500010341406 0 0 0 0 0 0 0 0 0 0 0 0 0 147.1500010341406 0 0 0 0 0 0 0 19.49000082910061 107.83000028133392 147.1500010341406 7.450580596923828e-9 -0.3999999985098839 0.0 -0.06999999284744263 -0.4699999988079071 0.0 253 2 3 2 0 1 1 1 0 0 0 2 1 1 1 1 1 0 0 0 0 0 0 0 0 0 0 1 1 0 1 0 0 1 0 0 0 0 308.28000415861607 477.22000658512115 269.2800026386976 0 181.74000318348408 207.94000394642353 207.94000394642353 0 0 0 303.8700047880411 147.1500010341406 207.94000394642353 126.54000097513199 122.13000160455704 147.1500010341406 0 0 0 0 0 0 0 0 0 0 207.94000394642353 181.74000318348408 0 147.1500010341406 0 0 122.13000160455704 0 0 0 0 112.29000197350979 604.4600085318089 785.5000107437372 1.0000000596046448 -1.86999998614192 1.1800000183284283 1.4400000683963299 -1.699999988079071 1.4500000290572643 253 3 4 3 0 1 1 1 0 0 0 3 1 1 2 2 1 0 0 0 0 0 0 0 0 0 0 1 1 0 1 0 0 1 1 0 0 0 450.2300031334162 602.1000062823296 394.16000233590603 0 181.74000318348408 207.94000394642353 207.94000394642353 0 0 0 428.7500044852495 147.1500010341406 207.94000394642353 268.4899999499321 247.01000130176544 147.1500010341406 0 0 0 0 0 0 0 0 0 0 207.94000394642353 181.74000318348408 0 147.1500010341406 0 0 122.13000160455704 124.8799996972084 0 0 0 153.05000214278698 800.2700077593327 1052.3300094157457 1.0000000707805157 -2.5399999767541885 1.3600000105798244 0.7000000886619091 -2.9699999690055847 1.490000020712614 253 5 8 5 0 4 3 3 0 1 2 5 1 3 2 4 1 0 0 0 0 0 0 0 0 0 0 2 1 0 1 0 1 3 1 2 0 0 676.1100012212992 1104.8000107556581 630.230004876852 0 479.16000194847584 474.5700058788061 474.5700058788061 0 71.54000067710876 225.879998087883 664.8200070261955 147.1500010341406 474.5700058788061 268.4899999499321 483.08000384271145 147.1500010341406 0 0 0 0 0 0 0 0 0 0 315.3600052893162 181.74000318348408 0 147.1500010341406 0 159.21000058948994 358.20000414550304 124.8799996972084 225.879998087883 0 0 299.7700030654669 1376.060010150075 1852.450012654066 3.0000001415610313 -5.429999966174364 3.4500000290572643 1.610000155866146 -5.849999953061342 3.5000000409781933 253 14 17 11 4 8 6 5 1 2 4 8 7 4 3 6 4 1 2 4 1 0 0 1 2 1 0 2 2 2 2 2 2 4 2 3 1 1 1832.8799980133772 2038.9600085765123 1229.6700029820204 466.83999912440777 846.9400027096272 809.290005594492 743.9800055325031 65.31000006198883 146.90000116825104 474.51999819278717 978.0200066268444 825.4799986481667 699.4400053918362 382.9999984651804 752.5000032782555 369.76999935507774 65.31000006198883 390.3999992311001 466.83999912440777 98.1599999666214 0 0 65.31000006198883 97.3599993288517 44.54000014066696 0 315.3600052893162 225.52000334858894 390.3999992311001 232.86000084877014 136.9099985063076 384.08000010252 476.600003644824 275.89999963343143 376.35999822616577 262.0799994468689 107.40000034868717 541.5000034719706 3069.6000049114227 4018.7400077581406 5.000000344589353 -12.679999951273203 4.720000071451068 0.5200003702193499 -13.129999905824661 3.6200000885874033 253 28 32 19 9 18 13 9 4 3 9 16 11 7 6 10 5 4 2 9 3 0 0 4 4 2 0 4 6 2 3 2 3 7 3 6 1 4 2492.229994595051 3281.8800122588873 1676.010005146265 748.7300000339746 1176.8200005441904 1605.8700071126223 1245.7400069236755 360.1300001889467 164.2700011730194 688.8599973022938 1365.63000510633 1220.3400003612041 1150.4300064742565 504.8099971264601 1041.9400030374527 469.81000094115734 360.1300001889467 390.3999992311001 748.7300000339746 143.85999923944473 0 0 360.1300001889467 322.38999941945076 95.31000044941902 0 639.430007353425 323.6900020688772 390.3999992311001 332.90000243484974 136.9099985063076 510.9999991208315 709.1000034660101 332.8399995714426 544.999998062849 262.0799994468689 164.260001167655 733.850005030632 4642.730004310608 5938.3800080269575 6.000000672414899 -24.37999988719821 6.350000163540244 -3.829999266192317 -22.959999781101942 5.620000248774886
254 1 0 0 0 1 0 0 0 0 0 1 0 0 0 0 0 0 0 0 0 0 0 0 0 0 0 0 1 0 0 0 0 0 0 0 0 0 181.74000318348408 0 0 0 181.74000318348408 0 0 0 0 0 181.74000318348408 0 0 0 0 0 0 0 0 0 0 0 0 0 0 0 0 181.74000318348408 0 0 0 0 0 0 0 0 0 22.070000529289246 149.40000243484974 181.74000318348408 7.450580596923828e-9 -0.3999999985098839 0.0 0.49000000953674316 0.0 0.09000000357627869 254 3 2 1 0 1 1 1 0 0 0 1 1 1 2 0 1 0 0 0 0 0 0 0 0 0 0 1 1 0 1 0 0 0 0 0 0 0 450.2300031334162 355.0900049805641 147.1500010341406 0 181.74000318348408 207.94000394642353 207.94000394642353 0 0 0 181.74000318348408 147.1500010341406 207.94000394642353 268.4899999499321 0 147.1500010341406 0 0 0 0 0 0 0 0 0 0 207.94000394642353 181.74000318348408 0 147.1500010341406 0 0 0 0 0 0 0 110.55000130832195 634.4100069105625 805.3200081139803 1.0000000819563866 -1.7399999797344208 1.3600000366568565 1.4900000914931297 -1.5199999809265137 1.6300000473856926 254 3 6 4 0 1 2 2 0 0 0 4 1 2 2 3 1 0 0 0 0 0 0 0 0 0 0 1 1 0 1 0 1 2 1 0 0 0 450.2300031334162 884.2700076550245 517.1200031191111 0 181.74000318348408 367.15000453591347 367.15000453591347 0 0 0 551.7100052684546 147.1500010341406 367.15000453591347 268.4899999499321 369.9700020849705 147.1500010341406 0 0 0 0 0 0 0 0 0 0 207.94000394642353 181.74000318348408 0 147.1500010341406 0 159.21000058948994 245.09000238776207 124.8799996972084 0 0 0 201.22000201046467 1016.7500097304583 1334.5000107884407 2.000000089406967 -3.3399999737739563 2.3600000143051147 1.610000103712082 -3.439999967813492 2.380000025033951 254 5 12 7 1 4 5 4 1 1 2 5 3 3 2 4 2 1 0 1 0 0 0 1 0 1 0 2 1 0 1 1 1 2 2 2 0 1 676.1100012212992 1419.3500074595213 834.9300013780594 107.40000034868717 479.16000194847584 584.4200060814619 519.1100060194731 65.31000006198883 71.54000067710876 225.879998087883 702.7300052046776 271.84999907016754 474.5700058788061 268.4899999499321 520.9900020211935 206.5399990081787 65.31000006198883 0 107.40000034868717 0 0 0 65.31000006198883 0 44.54000014066696 0 315.3600052893162 181.74000318348408 0 147.1500010341406 59.389997974038124 159.21000058948994 245.09000238776207 275.89999963343143 225.879998087883 0 107.40000034868717 313.0600026547909 1673.7100071758032 2167.0000093579292 3.0000001937150955 -7.0299999602139 3.450000051409006 0.550000187009573 -6.719999950379133 2.600000061094761 254 19 25 15 7 13 10 8 2 3 6 11 8 6 4 7 5 2 1 7 2 0 0 2 3 2 0 3 4 1 3 2 3 4 3 4 1 3 1758.349999934435 2682.7400127351284 1442.0900053530931 541.5000002384186 973.3100039958954 1240.6500073820353 1097.2700063437223 143.3800010383129 164.2700011730194 492.6499979197979 1125.8300081193447 770.5700018405914 1001.9600058943033 413.26999820768833 809.4400032162666 469.81000094115734 143.3800010383129 157.37999986112118 541.5000002384186 121.68999969959259 0 0 143.3800010383129 116.57999959588051 95.31000044941902 0 490.96000677347183 316.3900049030781 157.37999986112118 332.90000243484974 136.9099985063076 510.9999991208315 476.600003644824 332.8399995714426 370.9599982202053 262.0799994468689 162.84000119566917 581.1100033372641 3623.1300101578236 4605.360013842583 6.0000004675239325 -18.54999990388751 6.9900001008063555 0.760000454261899 -14.739999871701002 5.750000147148967 254 33 44 25 13 23 19 13 6 4 11 19 15 9 6 11 7 6 2 13 3 0 1 5 5 4 1 5 7 2 5 2 4 8 3 8 1 7 2412.8999969810247 4269.650013431907 2093.8500037640333 724.7799999862909 1284.9900021851063 2175.8000096678734 1624.510008186102 551.2900014817715 173.82000136375427 696.6099971979856 1551.6400060504675 1580.2000018656254 1334.9400064200163 504.8099971264601 1137.0800024271011 638.5100011527538 551.2900014817715 390.3999992311001 724.7799999862909 143.85999923944473 0 73.28999938070774 478.0000021010637 144.44000035524368 289.5700017660856 0.0 679.4000077694654 414.56000362336636 390.3999992311001 501.6000026464462 136.9099985063076 655.5399986505508 804.2400028556585 332.8399995714426 552.7499979585409 262.0799994468689 318.26000018417835 819.4900047630072 5432.090007826686 6856.370011776686 8.000000873580575 -31.669999860227108 8.440000230446458 -1.7099991012364626 -25.78999975696206 8.700000355020165
255 1 0 0 0 0 0 0 0 0 0 0 0 0 1 0 0 0 0 0 0 0 0 0 0 0 0 0 0 0 0 0 0 0 0 0 0 0 126.54000097513199 0 0 0 0 0 0 0 0 0 0 0 0 126.54000097513199 0 0 0 0 0 0 0 0 0 0 0 0 0 0 0 0 0 0 0 0 0 0 0 20.77000004053116 100.85000085830688 126.54000097513199 1.862645149230957e-8 -0.26999999210238457 0.18000000715255737 -0.019999980926513672 -0.28999999165534973 0.18000000715255737 255 3 2 2 0 1 0 0 0 0 0 2 1 0 2 1 1 0 0 0 0 0 0 0 0 0 0 0 1 0 1 0 0 1 0 0 0 0 450.2300031334162 270.1100018173456 270.1100018173456 0 181.74000318348408 0 0 0 0 0 304.7000039666891 147.1500010341406 0 268.4899999499321 122.96000078320503 147.1500010341406 0 0 0 0 0 0 0 0 0 0 0 181.74000318348408 0 147.1500010341406 0 0 122.96000078320503 0 0 0 0 108.11000017821789 548.2500054687262 720.3400049507618 4.842877388000488e-8 -1.7399999797344208 0.36000000312924385 0.31000005081295967 -1.5199999809265137 0.45000000670552254 255 3 3 2 0 2 1 1 0 1 0 2 1 1 2 1 1 0 0 0 0 0 0 0 0 0 0 1 1 0 1 0 0 1 0 0 0 0 450.2300031334162 478.05000576376915 270.1100018173456 0 253.28000386059284 207.94000394642353 207.94000394642353 0 71.54000067710876 0 304.7000039666891 147.1500010341406 207.94000394642353 268.4899999499321 122.96000078320503 147.1500010341406 0 0 0 0 0 0 0 0 0 0 207.94000394642353 181.74000318348408 0 147.1500010341406 0 0 122.96000078320503 0 0 0 0 167.62000159919262 725.9400084614754 999.8200095742941 1.0000000894069672 -2.629999976605177 1.4500000290572643 1.420000098645687 -2.479999978095293 1.7200000397861004 255 4 8 5 0 3 3 3 0 1 1 5 1 3 2 4 1 0 0 0 0 0 0 0 0 0 0 2 1 0 1 0 1 2 2 1 0 0 594.7300032824278 1142.7100089341402 668.1400030553341 0 397.78000400960445 474.5700058788061 474.5700058788061 0 71.54000067710876 144.5000001490116 702.7300052046776 147.1500010341406 474.5700058788061 268.4899999499321 520.9900020211935 147.1500010341406 0 0 0 0 0 0 0 0 0 0 315.3600052893162 181.74000318348408 0 147.1500010341406 0 159.21000058948994 245.09000238776207 275.89999963343143 144.5000001490116 0 0 288.23000191152096 1340.670011267066 1808.9800128936768 3.0000001303851604 -5.02999996766448 3.450000025331974 1.2300001494586468 -5.779999952763319 3.3600000366568565 255 7 17 11 1 6 6 5 1 2 3 9 3 4 3 8 2 1 0 1 0 0 0 1 0 1 0 2 1 0 1 1 2 6 2 3 0 1 935.1199998855591 2086.920008763671 1277.630003169179 107.40000034868717 699.0200025886297 809.290005594492 743.9800055325031 65.31000006198883 146.90000116825104 370.3799982368946 1145.4300069957972 271.84999907016754 699.4400053918362 382.9999984651804 963.6900038123131 206.5399990081787 65.31000006198883 0 107.40000034868717 0 0 0 65.31000006198883 0 44.54000014066696 0 315.3600052893162 181.74000318348408 0 147.1500010341406 59.389997974038124 384.08000010252 687.7900041788816 275.89999963343143 370.3799982368946 0 107.40000034868717 494.09000189602375 2355.3800071924925 3168.940009817481 4.000000238418579 -10.18999994173646 4.72000003233552 0.23000026494264603 -11.339999914169312 4.320000059902668 255 22 29 19 6 16 10 7 3 4 8 14 11 5 5 10 6 3 2 6 3 0 0 3 2 2 0 2 4 2 4 2 3 8 2 5 1 3 2193.9299975931644 3015.6500143557787 1832.730006545782 522.2799999713898 1210.5100030303001 1182.9200078099966 921.6700048595667 261.2500029504299 228.82000052928925 665.2999975979328 1395.570009201765 1242.360003232956 826.3600044101477 462.39999708533287 1079.180004298687 590.7100010514259 261.2500029504299 390.3999992311001 522.2799999713898 143.85999923944473 0 0 261.2500029504299 97.3599993288517 95.31000044941902 0 315.3600052893162 316.3900049030781 390.3999992311001 453.80000254511833 136.9099985063076 510.9999991208315 803.2800046652555 275.89999963343143 521.4399983584881 262.0799994468689 162.84000119566917 740.1400022208691 4128.630010932684 5438.400012478232 5.000000549480319 -21.399999905377626 5.260000104084611 0.6200005430728197 -16.90999986976385 4.070000158622861
256 1 0 0 0 0 0 0 0 0 0 0 0 0 1 0 0 0 0 0 0 0 0 0 0 0 0 0 0 0 0 0 0 0 0 0 0 0 141.9499989748001 0 0 0 0 0 0 0 0 0 0 0 0 141.9499989748001 0 0 0 0 0 0 0 0 0 0 0 0 0 0 0 0 0 0 0 0 0 0 0 18.549999356269836 111.67000007629395 141.9499989748001 1.862645149230957e-8 -0.26999999210238457 0.18000000715255737 -0.019999980926513672 -0.28999999165534973 0.18000000715255737 256 3 1 1 0 2 0 0 0 1 0 2 0 0 2 1 0 0 0 0 0 0 0 0 0 0 0 0 1 0 0 0 0 1 0 0 0 0 450.2300031334162 122.96000078320503 122.96000078320503 0 253.28000386059284 0 0 0 71.54000067710876 0 304.7000039666891 0 0 268.4899999499321 122.96000078320503 0 0 0 0 0 0 0 0 0 0 0 0 181.74000318348408 0 0 0 0 122.96000078320503 0 0 0 0 118.4600002169609 453.4500049203634 644.73000459373 5.21540641784668e-8 -1.8299999795854092 0.45000000670552254 0.3800000548362732 -1.5399999804794788 0.5400000102818012 256 3 4 3 0 2 1 1 0 1 0 3 1 1 2 2 1 0 0 0 0 0 0 0 0 0 0 1 1 0 1 0 0 1 1 0 0 0 450.2300031334162 629.0700056999922 421.13000175356865 0 253.28000386059284 207.94000394642353 207.94000394642353 0 71.54000067710876 0 455.72000390291214 147.1500010341406 207.94000394642353 268.4899999499321 273.98000071942806 147.1500010341406 0 0 0 0 0 0 0 0 0 0 207.94000394642353 181.74000318348408 0 147.1500010341406 0 0 122.96000078320503 151.01999993622303 0 0 0 197.3800013065338 827.8100083470345 1150.8400095105171 1.0000000819563866 -3.029999975115061 1.4500000141561031 1.28000009059906 -2.879999976605177 1.5800000242888927 256 4 6 5 0 3 1 1 0 1 1 5 1 1 2 4 1 0 0 0 0 0 0 0 0 0 0 1 1 0 1 0 0 3 1 1 0 0 594.7300032824278 867.2500084489584 659.3100045025349 0 397.78000400960445 207.94000394642353 207.94000394642353 0 71.54000067710876 144.5000001490116 693.9000066518784 147.1500010341406 207.94000394642353 268.4899999499321 512.1600034683943 147.1500010341406 0 0 0 0 0 0 0 0 0 0 207.94000394642353 181.74000318348408 0 147.1500010341406 0 0 361.14000353217125 151.01999993622303 144.5000001490116 0 0 279.40000146627426 1074.4800113141537 1533.520012408495 1.0000000819563866 -4.2299999706447124 1.4499999918043613 0.8500000908970833 -4.289999973028898 1.6700000055134296 256 5 14 9 1 4 5 5 0 1 2 8 1 4 2 7 1 0 0 1 0 0 0 0 0 1 0 2 1 0 1 0 2 5 2 2 0 1 735.8900022953749 1846.200009956956 1102.2200044244528 107.40000034868717 538.9400030225515 743.9800055325031 743.9800055325031 0 71.54000067710876 285.6599991619587 1029.410006225109 147.1500010341406 699.4400053918362 268.4899999499321 847.670003041625 147.1500010341406 0 0 107.40000034868717 0 0 0 0 0 44.54000014066696 0 315.3600052893162 181.74000318348408 0 147.1500010341406 0 384.08000010252 571.7700034081936 275.89999963343143 285.6599991619587 0 107.40000034868717 430.71000200510025 1962.360011190176 2653.6300129294395 5.000000160187483 -7.829999957233667 5.450000002980232 2.000000186264515 -8.639999937266111 5.080000031739473 256 17 27 15 4 16 12 9 3 4 6 15 6 5 4 9 3 3 0 4 2 0 0 3 1 4 1 3 5 0 2 1 2 7 2 4 0 3 1766.0500003546476 3065.7300143390894 1548.6000060886145 205.97000071406364 1459.9300022423267 1517.130008250475 1255.880005300045 261.2500029504299 228.82000052928925 626.9099990427494 1683.380006968975 567.8300035446882 875.3000036925077 491.8099991232157 1079.180004298687 306.5800005942583 261.2500029504299 0 205.97000071406364 121.68999969959259 0 0 261.2500029504299 43.12999951839447 380.58000160753727 162.61000043153763 491.22000358998775 441.59000223875046 0 247.19000262022018 59.389997974038124 384.08000010252 803.2800046652555 275.89999963343143 505.2199993431568 0 162.84000119566917 743.0000009536743 3808.9200137853622 5060.600015223026 6.00000049546361 -19.039999902248383 7.0800001211464405 3.520000472664833 -14.999999903142452 6.5500001683831215
257 0 1 1 0 0 0 0 0 0 0 1 0 0 0 1 0 0 0 0 0 0 0 0 0 0 0 0 0 0 0 0 0 1 0 0 0 0 0 122.96000078320503 122.96000078320503 0 0 0 0 0 0 0 122.96000078320503 0 0 0 122.96000078320503 0 0 0 0 0 0 0 0 0 0 0 0 0 0 0 0 0 122.96000078320503 0 0 0 0 27.22999942302704 78.50000181794167 122.96000078320503 -3.725290298461914e-9 -0.3999999985098839 -1.1175870895385742e-8 -0.07000000402331352 -0.4699999988079071 -1.1175870895385742e-8 257 2 2 2 0 1 0 0 0 1 0 2 0 0 2 2 0 0 0 0 0 0 0 0 0 0 0 0 0 0 0 0 0 1 1 0 0 0 268.4899999499321 273.98000071942806 273.98000071942806 0 71.54000067710876 0 0 0 71.54000067710876 0 273.98000071942806 0 0 268.4899999499321 273.98000071942806 0 0 0 0 0 0 0 0 0 0 0 0 0 0 0 0 0 122.96000078320503 151.01999993622303 0 0 0 126.14999939501286 405.92000237107277 614.0100013464689 3.725290298461914e-8 -1.8299999795854092 0.44999999180436134 -0.24999996274709702 -1.9399999789893627 0.3099999912083149 257 4 2 2 0 3 0 0 0 1 1 3 0 0 2 2 0 0 0 0 0 0 0 0 0 0 0 0 1 0 0 0 0 1 1 1 0 0 594.7300032824278 273.98000071942806 273.98000071942806 0 397.78000400960445 0 0 0 71.54000067710876 144.5000001490116 455.72000390291214 0 0 268.4899999499321 273.98000071942806 0 0 0 0 0 0 0 0 0 0 0 0 181.74000318348408 0 0 0 0 122.96000078320503 151.01999993622303 144.5000001490116 0 0 173.599999204278 664.0200055986643 940.2500046789646 5.21540641784668e-8 -2.629999976605177 0.44999999180436134 -0.04999994486570358 -2.40999997779727 0.48999999836087227 257 4 6 5 0 3 1 1 0 1 1 5 1 1 2 4 1 0 0 0 0 0 0 0 0 0 0 1 1 0 1 0 0 3 1 1 0 0 594.7300032824278 840.2600062340498 632.3200022876263 0 397.78000400960445 207.94000394642353 207.94000394642353 0 71.54000067710876 144.5000001490116 666.9100044369698 147.1500010341406 207.94000394642353 268.4899999499321 485.1700012534857 147.1500010341406 0 0 0 0 0 0 0 0 0 0 207.94000394642353 181.74000318348408 0 147.1500010341406 0 0 334.15000131726265 151.01999993622303 144.5000001490116 0 0 283.38000094890594 1044.6700094640255 1506.5300101935863 1.0000000819563866 -4.2299999706447124 1.4499999918043613 0.8500000908970833 -4.289999973028898 1.6700000055134296 257 5 17 11 1 5 6 5 1 2 2 8 4 4 2 7 3 1 0 1 0 0 0 1 0 1 0 2 1 0 2 1 2 5 2 2 0 1 679.4500023573637 2070.9400095790625 1261.6500039845705 107.40000034868717 547.0500024408102 809.290005594492 743.9800055325031 65.31000006198883 136.0900000333786 229.21999922394753 1029.410006225109 371.89000065624714 699.4400053918362 268.4899999499321 847.670003041625 306.5800005942583 65.31000006198883 0 107.40000034868717 0 0 0 65.31000006198883 0 44.54000014066696 0 315.3600052893162 181.74000318348408 0 247.19000262022018 59.389997974038124 384.08000010252 571.7700034081936 275.89999963343143 229.21999922394753 0 107.40000034868717 435.4600018709898 2157.740010380745 2886.4800119698048 4.000000223517418 -9.519999951124191 4.540000036358833 1.3000002391636372 -9.59999993443489 4.050000060349703 257 15 27 14 4 14 13 9 4 5 4 13 7 5 5 8 3 4 0 4 1 0 1 3 1 4 1 3 4 0 2 1 2 6 2 3 0 3 1515.3000007122755 3024.0200123637915 1435.4900043308735 205.97000071406364 1111.2800040245056 1588.530008032918 1253.9900057017803 334.54000233113766 238.3700007200241 393.9099979698658 1445.0700078755617 641.120002925396 875.3000036925077 599.2599978893995 966.070002540946 306.5800005942583 334.54000233113766 0 205.97000071406364 23.52999973297119 0 73.28999938070774 261.2500029504299 43.12999951839447 378.6900020092726 162.61000043153763 491.22000358998775 316.3900049030781 0 247.19000262022018 59.389997974038124 384.08000010252 690.1700029075146 275.89999963343143 370.3799982368946 0 162.84000119566917 688.2999995797873 3624.430013343692 4777.690013796091 5.000000543892384 -18.599999897181988 6.35000017285347 1.5700005069375038 -14.439999889582396 5.460000205785036
258 0 0 0 0 1 0 0 0 1 0 0 0 0 0 0 0 0 0 0 0 0 0 0 0 0 0 0 0 0 0 0 0 0 0 0 0 0 0 0 0 0 71.54000067710876 0 0 0 71.54000067710876 0 0 0 0 0 0 0 0 0 0 0 0 0 0 0 0 0 0 0 0 0 0 0 0 0 0 0 0 29.840000867843628 13.029999732971191 71.54000067710876 1.1175870895385742e-8 -0.48999999836087227 0.09000000357627869 1.1175870895385742e-8 -0.48999999836087227 0.09000000357627869 258 2 2 2 0 2 0 0 0 1 1 2 0 0 1 2 0 0 0 0 0 0 0 0 0 0 0 0 0 0 0 0 0 1 1 1 0 0 286.4499991238117 273.98000071942806 273.98000071942806 0 216.04000082612038 0 0 0 71.54000067710876 144.5000001490116 273.98000071942806 0 0 141.9499989748001 273.98000071942806 0 0 0 0 0 0 0 0 0 0 0 0 0 0 0 0 0 122.96000078320503 151.01999993622303 144.5000001490116 0 0 130.7599986344576 413.77000230550766 631.9700005203485 2.60770320892334e-8 -1.9599999859929085 0.26999998465180397 -0.5199999734759331 -2.11999998614192 0.2199999876320362 258 3 3 3 0 2 0 0 0 1 1 3 0 0 2 3 0 0 0 0 0 0 0 0 0 0 0 0 0 0 0 0 0 2 1 1 0 0 412.9900000989437 390.03000186383724 390.03000186383724 0 216.04000082612038 0 0 0 71.54000067710876 144.5000001490116 390.03000186383724 0 0 268.4899999499321 390.03000186383724 0 0 0 0 0 0 0 0 0 0 0 0 0 0 0 0 0 239.0100019276142 151.01999993622303 144.5000001490116 0 0 187.87999953329563 570.8700036406517 874.5600026398897 4.0978193283081055e-8 -2.629999976605177 0.44999998062849045 -0.6099999584257603 -2.879999976605177 0.3999999836087227 258 4 6 6 0 3 0 0 0 1 1 6 1 0 2 5 1 0 0 0 0 0 0 0 0 0 0 0 1 0 1 0 0 4 1 1 0 0 594.7300032824278 747.8100027740002 747.8100027740002 0 397.78000400960445 0 0 0 71.54000067710876 144.5000001490116 782.4000049233437 147.1500010341406 0 268.4899999499321 600.6600017398596 147.1500010341406 0 0 0 0 0 0 0 0 0 0 0 181.74000318348408 0 147.1500010341406 0 0 449.64000180363655 151.01999993622303 144.5000001490116 0 0 283.5900002717972 942.8900067955256 1414.0800067335367 4.842877388000488e-8 -4.2299999706447124 0.44999995827674866 -0.3299999497830868 -4.289999973028898 0.4899999648332596 258 6 8 7 0 5 1 1 0 2 1 8 1 1 3 6 1 0 0 0 0 0 0 0 0 0 1 1 1 0 1 0 0 5 1 1 0 0 866.1500043720007 1077.8800083249807 869.9400043785572 0 624.9400037974119 207.94000394642353 207.94000394642353 0 136.0900000333786 144.5000001490116 1067.1400069594383 147.1500010341406 207.94000394642353 377.3000006079674 722.7900033444166 147.1500010341406 0 0 0 0 0 0 0 0 0 162.61000043153763 207.94000394642353 181.74000318348408 0 147.1500010341406 0 0 571.7700034081936 151.01999993622303 144.5000001490116 0 0 396.93000078201294 1410.4700126349926 2080.12001273036 1.000000111758709 -6.189999956637621 1.7199999801814556 1.0000001154839993 -6.189999967813492 2.0299999974668026 258 8 21 11 1 6 10 8 2 2 2 9 5 5 4 7 3 2 0 1 0 0 0 2 0 3 1 3 1 0 2 1 2 5 2 2 0 1 1058.3200022131205 2570.2500099241734 1261.6500039845705 107.40000034868717 709.6600028723478 1308.6000059396029 1125.420003965497 183.18000197410583 136.0900000333786 229.21999922394753 1192.0200066566467 489.76000256836414 875.3000036925077 484.74999937415123 847.670003041625 306.5800005942583 183.18000197410583 0 107.40000034868717 0 0 0 183.18000197410583 0 250.12000027298927 162.61000043153763 491.22000358998775 181.74000318348408 0 247.19000262022018 59.389997974038124 384.08000010252 571.7700034081936 275.89999963343143 229.21999922394753 0 107.40000034868717 560.210000410676 2831.980011627078 3764.6600121706724 6.00000037252903 -12.05999992787838 6.900000125169754 3.750000350177288 -11.279999922960997 6.400000128895044
259 0 1 1 0 0 0 0 0 0 0 1 0 0 0 1 0 0 0 0 0 0 0 0 0 0 0 0 0 0 0 0 0 0 1 0 0 0 0 151.01999993622303 151.01999993622303 0 0 0 0 0 0 0 151.01999993622303 0 0 0 151.01999993622303 0 0 0 0 0 0 0 0 0 0 0 0 0 0 0 0 0 0 151.01999993622303 0 0 0 29.759999707341194 101.86999988555908 151.01999993622303 -7.450580596923828e-9 -0.3999999985098839 -1.4901161193847656e-8 -0.14000000804662704 -0.3999999985098839 -0.14000001549720764 259 1 3 3 0 2 0 0 0 1 1 3 0 0 0 3 0 0 0 0 0 0 0 0 0 0 0 0 0 0 0 0 0 2 1 1 0 0 144.5000001490116 390.03000186383724 390.03000186383724 0 216.04000082612038 0 0 0 71.54000067710876 144.5000001490116 390.03000186383724 0 0 0 390.03000186383724 0 0 0 0 0 0 0 0 0 0 0 0 0 0 0 0 0 239.0100019276142 151.01999993622303 144.5000001490116 0 0 148.56000013649464 358.3500027060509 606.0700026899576 3.725290298461914e-9 -2.089999992400408 0.0899999663233757 -0.5699999965727329 -2.2999999932944775 0.03999996930360794 259 2 4 4 0 2 0 0 0 1 1 4 0 0 1 4 0 0 0 0 0 0 0 0 0 0 0 0 0 0 0 0 0 3 1 1 0 0 286.4499991238117 485.1700012534857 485.1700012534857 0 216.04000082612038 0 0 0 71.54000067710876 144.5000001490116 485.1700012534857 0 0 141.9499989748001 485.1700012534857 0 0 0 0 0 0 0 0 0 0 0 0 0 0 0 0 0 334.15000131726265 151.01999993622303 144.5000001490116 0 0 191.37999899685383 521.9300026297569 843.1600010544062 1.862645149230957e-8 -2.7599999830126762 0.2699999623000622 -0.6599999815225601 -3.0599999837577343 0.21999996528029442 259 4 5 5 0 4 0 0 0 2 1 6 0 0 2 5 0 0 0 0 0 0 0 0 0 0 0 0 1 0 0 0 0 4 1 1 0 0 594.7300032824278 600.6600017398596 600.6600017398596 0 462.3300033658743 0 0 0 136.0900000333786 144.5000001490116 782.4000049233437 0 0 268.4899999499321 600.6600017398596 0 0 0 0 0 0 0 0 0 0 0 0 181.74000318348408 0 0 0 0 449.64000180363655 151.01999993622303 144.5000001490116 0 0 293.6199990659952 843.3100065141916 1331.480005055666 5.21540641784668e-8 -4.319999970495701 0.5399999618530273 -0.25999994575977325 -4.309999972581863 0.5799999684095383 259 6 6 6 0 5 0 0 0 2 1 7 1 0 3 5 1 0 0 0 0 0 0 0 0 0 1 0 1 0 1 0 0 4 1 1 0 0 866.1500043720007 747.8100027740002 747.8100027740002 0 624.9400037974119 0 0 0 136.0900000333786 144.5000001490116 945.0100053548813 147.1500010341406 0 377.3000006079674 600.6600017398596 147.1500010341406 0 0 0 0 0 0 0 0 0 162.61000043153763 0 181.74000318348408 0 147.1500010341406 0 0 449.64000180363655 151.01999993622303 144.5000001490116 0 0 346.97000020742416 1164.0900076776743 1750.0500071793795 8.568167686462402e-8 -5.389999959617853 0.7199999690055847 -0.03999991714954376 -5.249999970197678 0.8499999791383743 259 7 16 8 1 5 8 7 1 2 1 8 2 4 4 6 1 1 0 1 0 0 0 1 0 3 1 2 1 0 1 0 2 5 1 1 0 1 973.6000031381845 2219.1400083750486 977.3400047272444 107.40000034868717 624.9400037974119 1241.8000036478043 1123.9300017356873 117.870001912117 136.0900000333786 144.5000001490116 1067.1400069594383 265.0200029462576 767.8800023496151 484.74999937415123 722.7900033444166 147.1500010341406 117.870001912117 0 107.40000034868717 0 0 0 117.870001912117 0 356.04999938607216 162.61000043153763 383.8000022470951 181.74000318348408 0 147.1500010341406 0 384.08000010252 571.7700034081936 151.01999993622303 144.5000001490116 0 107.40000034868717 556.6899987906218 2426.020013138652 3328.830011546612 6.000000290572643 -9.659999936819077 6.900000087916851 4.960000284016132 -8.779999945312738 6.4000001065433025
260 1 0 0 0 1 0 0 0 0 1 0 0 0 0 0 0 0 0 0 0 0 0 0 0 0 0 0 0 0 0 0 0 0 0 1 0 0 144.5000001490116 0 0 0 144.5000001490116 0 0 0 0 144.5000001490116 0 0 0 0 0 0 0 0 0 0 0 0 0 0 0 0 0 0 0 0 0 0 0 0 144.5000001490116 0 0 25.37999927997589 108.70000079274178 144.5000001490116 7.450580596923828e-9 -0.3999999985098839 0.0 -0.28999999165534973 -0.4699999988079071 0.09000000357627869 260 1 3 3 0 2 0 0 0 1 1 3 0 0 0 3 0 0 0 0 0 0 0 0 0 0 0 0 0 0 0 0 0 2 1 1 0 0 144.5000001490116 362.21000047028065 362.21000047028065 0 216.04000082612038 0 0 0 71.54000067710876 144.5000001490116 362.21000047028065 0 0 0 362.21000047028065 0 0 0 0 0 0 0 0 0 0 0 0 0 0 0 0 0 211.19000053405762 151.01999993622303 144.5000001490116 0 0 145.60000021755695 331.7600007355213 578.250001296401 3.725290298461914e-9 -2.089999992400408 0.0899999663233757 -0.5699999965727329 -2.2999999932944775 0.03999996930360794 260 1 5 5 0 2 0 0 0 1 1 5 0 0 0 5 0 0 0 0 0 0 0 0 0 0 0 0 0 0 0 0 0 4 1 1 0 0 144.5000001490116 600.6600017398596 600.6600017398596 0 216.04000082612038 0 0 0 71.54000067710876 144.5000001490116 600.6600017398596 0 0 0 600.6600017398596 0 0 0 0 0 0 0 0 0 0 0 0 0 0 0 0 0 449.64000180363655 151.01999993622303 144.5000001490116 0 0 202.70999951660633 473.14000314474106 816.70000256598 -3.725290298461914e-9 -2.8899999894201756 0.08999994397163391 -0.71000000461936 -3.2399999909102917 0.03999994695186615 260 5 5 5 0 4 0 0 0 2 1 6 0 0 3 5 0 0 0 0 0 0 0 0 0 0 1 0 0 0 0 0 0 4 1 1 0 0 684.4100011885166 600.6600017398596 600.6600017398596 0 443.20000061392784 0 0 0 136.0900000333786 144.5000001490116 763.2700021713972 0 0 377.3000006079674 600.6600017398596 0 0 0 0 0 0 0 0 0 0 162.61000043153763 0 0 0 0 0 0 449.64000180363655 151.01999993622303 144.5000001490116 0 0 305.4099988490343 906.8600049614906 1421.1600029617548 7.078051567077637e-8 -4.589999962598085 0.7199999690055847 -0.4599999338388443 -4.7799999713897705 0.7599999755620956 260 7 5 5 0 5 0 0 0 2 1 7 0 0 4 5 0 0 0 0 0 0 0 0 0 0 1 0 1 0 0 0 0 4 1 1 0 0 973.6000031381845 600.6600017398596 600.6600017398596 0 624.9400037974119 0 0 0 136.0900000333786 144.5000001490116 945.0100053548813 0 0 484.74999937415123 600.6600017398596 0 0 0 0 0 0 0 0 0 0 162.61000043153763 0 181.74000318348408 0 0 0 0 449.64000180363655 151.01999993622303 144.5000001490116 0 0 348.9099991172552 1137.3600063472986 1710.3500049114227 9.685754776000977e-8 -5.259999953210354 0.8999999761581421 0.030000094324350357 -5.049999963492155 1.0299999862909317 260 7 11 6 0 5 5 4 1 2 1 7 2 3 4 5 1 1 0 0 0 0 0 1 0 1 1 2 1 0 1 0 1 4 1 1 0 0 973.6000031381845 1629.1600062698126 747.8100027740002 0 624.9400037974119 881.3500034958124 763.4800015836954 117.870001912117 136.0900000333786 144.5000001490116 945.0100053548813 265.0200029462576 608.6700017601252 484.74999937415123 600.6600017398596 147.1500010341406 117.870001912117 0 0 0 0 0 117.870001912117 0 154.80999982357025 162.61000043153763 383.8000022470951 181.74000318348408 0 147.1500010341406 0 224.86999951303005 449.64000180363655 151.01999993622303 144.5000001490116 0 0 482.0199989527464 1940.1000103503466 2738.8500094413757 3.0000002421438694 -7.659999944269657 3.90000007674098 2.780000254511833 -7.909999947994947 4.24000009521842
261 0 1 1 0 0 0 0 0 0 0 1 0 0 0 1 0 0 0 0 0 0 0 0 0 0 0 0 0 0 0 0 0 1 0 0 0 0 0 116.05000114440918 116.05000114440918 0 0 0 0 0 0 0 116.05000114440918 0 0 0 116.05000114440918 0 0 0 0 0 0 0 0 0 0 0 0 0 0 0 0 0 116.05000114440918 0 0 0 0 36.350000858306885 56.25000047683716 116.05000114440918 -3.725290298461914e-9 -0.3999999985098839 -1.1175870895385742e-8 -0.07000000402331352 -0.4699999988079071 -1.1175870895385742e-8 261 1 4 4 0 1 0 0 0 0 1 4 0 0 0 4 0 0 0 0 0 0 0 0 0 0 0 0 0 0 0 0 0 3 1 1 0 0 144.5000001490116 477.70000095665455 477.70000095665455 0 144.5000001490116 0 0 0 0 144.5000001490116 477.70000095665455 0 0 0 477.70000095665455 0 0 0 0 0 0 0 0 0 0 0 0 0 0 0 0 0 326.6800010204315 151.01999993622303 144.5000001490116 0 0 145.63999922573566 381.6100015938282 622.2000011056662 -1.1175870895385742e-8 -1.9999999925494194 -4.842877388000488e-8 -0.6400000117719173 -2.2799999937415123 -0.05000004544854164 261 1 4 4 0 3 0 0 0 2 1 4 0 0 0 4 0 0 0 0 0 0 0 0 0 0 0 0 0 0 0 0 0 3 1 1 0 0 144.5000001490116 477.70000095665455 477.70000095665455 0 280.5900001823902 0 0 0 136.0900000333786 144.5000001490116 477.70000095665455 0 0 0 477.70000095665455 0 0 0 0 0 0 0 0 0 0 0 0 0 0 0 0 0 326.6800010204315 151.01999993622303 144.5000001490116 0 0 204.99999971687794 402.8900013267994 758.2900011390448 1.1175870895385742e-8 -2.979999989271164 0.1799999587237835 -0.6399999894201756 -3.259999990463257 0.12999996170401573 261 4 5 5 0 4 0 0 0 2 1 6 0 0 2 5 0 0 0 0 0 0 0 0 0 0 1 0 0 0 0 0 0 4 1 1 0 0 557.8700002133846 600.6600017398596 600.6600017398596 0 443.20000061392784 0 0 0 136.0900000333786 144.5000001490116 763.2700021713972 0 0 250.7599996328354 600.6600017398596 0 0 0 0 0 0 0 0 0 0 162.61000043153763 0 0 0 0 0 0 449.64000180363655 151.01999993622303 144.5000001490116 0 0 284.63999880850315 806.0100041031837 1294.6200019866228 5.21540641784668e-8 -4.319999970495701 0.5399999618530273 -0.4399999529123306 -4.489999979734421 0.5799999684095383 261 6 6 5 0 4 1 1 0 2 1 6 0 0 4 5 0 0 0 0 0 0 0 0 0 1 1 0 0 0 0 0 0 4 1 1 0 0 791.8599999547005 755.4700015634298 600.6600017398596 0 443.20000061392784 154.80999982357025 154.80999982357025 0 136.0900000333786 144.5000001490116 763.2700021713972 0 0 484.74999937415123 600.6600017398596 0 0 0 0 0 0 0 0 0 154.80999982357025 162.61000043153763 0 0 0 0 0 0 449.64000180363655 151.01999993622303 144.5000001490116 0 0 354.8999976962805 1094.5900047421455 1683.420001551509 1.0000001080334187 -5.259999953210354 1.899999987334013 0.47000010311603546 -5.519999962300062 1.939999993890524 261 8 7 6 0 6 1 1 0 2 2 7 1 0 4 5 1 0 0 0 0 0 0 0 0 1 1 0 1 0 1 0 0 4 1 2 0 0 1067.2100032269955 902.6200025975704 747.8100027740002 0 718.5500038862228 154.80999982357025 154.80999982357025 0 136.0900000333786 238.11000023782253 945.0100053548813 147.1500010341406 0 484.74999937415123 600.6600017398596 147.1500010341406 0 0 0 0 0 0 0 0 154.80999982357025 162.61000043153763 0 181.74000318348408 0 147.1500010341406 0 0 449.64000180363655 151.01999993622303 238.11000023782253 0 0 417.4199992865324 1415.2100070863962 2105.9200058579445 1.0000001303851604 -6.4599999487400055 1.899999987334013 0.8900001272559166 -6.389999959617853 2.1200000010430813
262 0 1 1 0 0 0 0 0 0 0 1 0 0 0 1 0 0 0 0 0 0 0 0 0 0 0 0 0 0 0 0 0 1 0 0 0 0 0 95.13999938964844 95.13999938964844 0 0 0 0 0 0 0 95.13999938964844 0 0 0 95.13999938964844 0 0 0 0 0 0 0 0 0 0 0 0 0 0 0 0 0 95.13999938964844 0 0 0 0 24.269999504089355 51.90999984741211 95.13999938964844 -3.725290298461914e-9 -0.3999999985098839 -1.1175870895385742e-8 -0.07000000402331352 -0.4699999988079071 -1.1175870895385742e-8 262 1 3 3 0 2 0 0 0 1 1 3 0 0 0 3 0 0 0 0 0 0 0 0 0 0 0 0 0 0 0 0 0 3 0 1 0 0 144.5000001490116 326.6800010204315 326.6800010204315 0 209.04999950528145 0 0 0 64.54999935626984 144.5000001490116 326.6800010204315 0 0 0 326.6800010204315 0 0 0 0 0 0 0 0 0 0 0 0 0 0 0 0 0 326.6800010204315 0 144.5000001490116 0 0 145.39999914169312 287.9900017082691 535.730000525713 7.450580596923828e-9 -2.089999992400408 0.089999970048666 -0.4999999925494194 -2.3699999935925007 0.1799999736249447 262 3 4 4 0 3 0 0 0 1 1 5 0 0 1 4 0 0 0 0 0 0 0 0 0 0 1 0 0 0 0 0 0 3 1 1 0 0 415.9200012385845 477.70000095665455 477.70000095665455 0 371.6599999368191 0 0 0 64.54999935626984 144.5000001490116 640.3100013881922 0 0 108.81000065803528 477.70000095665455 0 0 0 0 0 0 0 0 0 0 162.61000043153763 0 0 0 0 0 0 326.6800010204315 151.01999993622303 144.5000001490116 0 0 209.01999916136265 602.810002475977 958.1700015515089 2.60770320892334e-8 -3.15999998152256 0.2699999623000622 -0.34999997913837433 -3.2399999909102917 0.3099999688565731 262 4 5 5 0 4 0 0 0 2 1 6 0 0 2 5 0 0 0 0 0 0 0 0 0 0 1 0 0 0 0 0 0 4 1 1 0 0 523.3700000047684 600.6600017398596 600.6600017398596 0 443.20000061392784 0 0 0 136.0900000333786 144.5000001490116 763.2700021713972 0 0 216.25999942421913 600.6600017398596 0 0 0 0 0 0 0 0 0 0 162.61000043153763 0 0 0 0 0 0 449.64000180363655 151.01999993622303 144.5000001490116 0 0 287.51999919116497 775.440002977848 1260.1200017780066 5.21540641784668e-8 -4.319999970495701 0.5399999618530273 -0.41999995335936546 -4.469999980181456 0.5799999684095383 262 6 6 5 0 4 1 1 0 2 1 6 0 0 4 5 0 0 0 0 0 0 0 0 0 1 1 0 0 0 0 0 0 4 1 1 0 0 791.8599999547005 755.4700015634298 600.6600017398596 0 443.20000061392784 154.80999982357025 154.80999982357025 0 136.0900000333786 144.5000001490116 763.2700021713972 0 0 484.74999937415123 600.6600017398596 0 0 0 0 0 0 0 0 0 154.80999982357025 162.61000043153763 0 0 0 0 0 0 449.64000180363655 151.01999993622303 144.5000001490116 0 0 354.8999976962805 1094.5900047421455 1683.420001551509 1.0000001080334187 -5.259999953210354 1.899999987334013 0.47000010311603546 -5.519999962300062 1.939999993890524 262 9 7 5 0 7 2 2 0 2 3 7 0 1 4 5 0 0 0 0 1 0 0 0 0 1 1 1 1 0 0 0 0 4 1 2 0 0 1162.2600013315678 953.1599998921156 600.6600017398596 0 813.6000019907951 352.499998152256 352.499998152256 0 136.0900000333786 333.15999834239483 945.0100053548813 0 197.68999832868576 484.74999937415123 600.6600017398596 0 0 0 0 95.0499981045723 0 0 0 0 154.80999982357025 162.61000043153763 197.68999832868576 181.74000318348408 0 0 0 0 449.64000180363655 151.01999993622303 238.11000023782253 0 0 447.9699974358082 1503.9000049084425 2251.510001257062 2.000000160187483 -6.859999947249889 2.9000000096857548 2.2500001713633537 -6.789999958127737 3.480000037699938
263 0 1 1 0 0 0 0 0 0 0 1 0 0 0 1 0 0 0 0 0 0 0 0 0 0 0 0 0 0 0 0 0 1 0 0 0 0 0 115.4900004863739 115.4900004863739 0 0 0 0 0 0 0 115.4900004863739 0 0 0 115.4900004863739 0 0 0 0 0 0 0 0 0 0 0 0 0 0 0 0 0 115.4900004863739 0 0 0 0 29.87999987602234 62.880000591278076 115.4900004863739 -3.725290298461914e-9 -0.3999999985098839 -1.1175870895385742e-8 -0.07000000402331352 -0.4699999988079071 -1.1175870895385742e-8 263 1 3 3 0 2 0 0 0 1 0 4 0 0 0 3 0 0 0 0 0 0 0 0 0 0 1 0 0 0 0 0 0 3 0 0 0 0 162.61000043153763 326.6800010204315 326.6800010204315 0 227.15999978780746 0 0 0 64.54999935626984 0 489.29000145196915 0 0 0 326.6800010204315 0 0 0 0 0 0 0 0 0 0 162.61000043153763 0 0 0 0 0 0 326.6800010204315 0 0 0 0 139.43000036478043 308.88000094890594 553.840000808239 7.450580596923828e-9 -2.089999992400408 0.089999970048666 -0.1899999901652336 -2.3699999935925007 0.1799999736249447 263 3 3 3 0 3 0 0 0 1 1 4 0 0 1 3 0 0 0 0 0 0 0 0 0 0 1 0 0 0 0 0 0 3 0 1 0 0 415.9200012385845 326.6800010204315 326.6800010204315 0 371.6599999368191 0 0 0 64.54999935626984 144.5000001490116 489.29000145196915 0 0 108.81000065803528 326.6800010204315 0 0 0 0 0 0 0 0 0 0 162.61000043153763 0 0 0 0 0 0 326.6800010204315 0 144.5000001490116 0 0 179.25999945402145 500.94000259041786 807.1500016152859 3.3527612686157227e-8 -2.7599999830126762 0.2699999772012234 -0.20999997109174728 -2.839999992400408 0.44999998435378075 263 4 5 4 0 4 1 1 0 2 1 5 0 0 2 4 0 0 0 0 0 0 0 0 0 1 1 0 0 0 0 0 0 3 1 1 0 0 523.3700000047684 632.5100007802248 477.70000095665455 0 443.20000061392784 154.80999982357025 154.80999982357025 0 136.0900000333786 144.5000001490116 640.3100013881922 0 0 216.25999942421913 477.70000095665455 0 0 0 0 0 0 0 0 0 154.80999982357025 162.61000043153763 0 0 0 0 0 0 326.6800010204315 151.01999993622303 144.5000001490116 0 0 288.34999887645245 803.570001989603 1291.9700008183718 1.000000074505806 -4.319999970495701 1.5399999842047691 0.5800000689923763 -4.469999980181456 1.57999999076128 263 6 6 5 0 5 1 1 0 2 2 6 0 0 3 5 0 0 0 0 0 0 0 0 0 1 1 0 0 0 0 0 0 4 1 2 0 0 758.9299990683794 755.4700015634298 600.6600017398596 0 536.8100007027388 154.80999982357025 154.80999982357025 0 136.0900000333786 238.11000023782253 763.2700021713972 0 0 358.20999839901924 600.6600017398596 0 0 0 0 0 0 0 0 0 154.80999982357025 162.61000043153763 0 0 0 0 0 0 449.64000180363655 151.01999993622303 238.11000023782253 0 0 355.0899978876114 1057.1300035119057 1650.4900006651878 1.0000000968575478 -5.389999959617853 1.7199999801814556 0.49000009149312973 -5.629999969154596 1.8499999903142452 263 8 7 5 0 6 2 2 0 2 3 6 0 1 4 5 0 0 0 0 1 0 0 0 0 1 1 1 0 0 0 0 0 4 1 2 0 0 980.5199981480837 953.1599998921156 600.6600017398596 0 631.8599988073111 352.499998152256 352.499998152256 0 136.0900000333786 333.15999834239483 763.2700021713972 0 197.68999832868576 484.74999937415123 600.6600017398596 0 0 0 0 95.0499981045723 0 0 0 0 154.80999982357025 162.61000043153763 197.68999832868576 0 0 0 0 0 449.64000180363655 151.01999993622303 238.11000023782253 0 0 425.89999690651894 1354.5000024735928 2069.769998073578 2.0000001527369022 -6.4599999487400055 2.9000000096857548 1.7600001618266106 -6.789999958127737 3.390000034123659
264 0 0 0 0 1 0 0 0 1 0 0 0 0 0 0 0 0 0 0 0 0 0 0 0 0 0 0 0 0 0 0 0 0 0 0 0 0 0 0 0 0 64.54999935626984 0 0 0 64.54999935626984 0 0 0 0 0 0 0 0 0 0 0 0 0 0 0 0 0 0 0 0 0 0 0 0 0 0 0 0 29.519999623298645 8.25 64.54999935626984 1.1175870895385742e-8 -0.48999999836087227 0.09000000357627869 1.1175870895385742e-8 -0.48999999836087227 0.09000000357627869 264 2 2 2 0 2 0 0 0 1 0 3 0 0 1 2 0 0 0 0 0 0 0 0 0 0 1 0 0 0 0 0 0 2 0 0 0 0 271.4200010895729 210.62999987602234 210.62999987602234 0 227.15999978780746 0 0 0 64.54999935626984 0 373.24000030755997 0 0 108.81000065803528 210.62999987602234 0 0 0 0 0 0 0 0 0 0 162.61000043153763 0 0 0 0 0 0 210.62999987602234 0 0 0 0 117.52999931573868 335.9900013208389 546.6000003218651 2.9802322387695313e-8 -1.9599999859929085 0.26999998837709427 0.15000002458691597 -1.8999999947845936 0.35999999195337296 264 3 3 3 0 2 0 0 0 1 0 4 0 0 2 3 0 0 0 0 0 0 0 0 0 0 1 0 0 0 0 0 0 3 0 0 0 0 378.86999985575676 326.6800010204315 326.6800010204315 0 227.15999978780746 0 0 0 64.54999935626984 0 489.29000145196915 0 0 216.25999942421913 326.6800010204315 0 0 0 0 0 0 0 0 0 0 162.61000043153763 0 0 0 0 0 0 326.6800010204315 0 0 0 0 175.30999991297722 473.34000074863434 770.1000002324581 4.470348358154297e-8 -2.629999976605177 0.44999998435378075 0.08000003919005394 -2.6399999856948853 0.5399999879300594 264 5 5 4 0 4 1 1 0 1 2 5 0 0 2 4 0 0 0 0 0 0 0 0 0 1 1 0 0 0 0 0 0 3 1 2 0 0 616.9800000935793 632.5100007802248 477.70000095665455 0 465.27000002563 154.80999982357025 154.80999982357025 0 64.54999935626984 238.11000023782253 640.3100013881922 0 0 216.25999942421913 477.70000095665455 0 0 0 0 0 0 0 0 0 154.80999982357025 162.61000043153763 0 0 0 0 0 0 326.6800010204315 151.01999993622303 238.11000023782253 0 0 279.4699982404709 853.9300018846989 1314.040000230074 1.0000000707805157 -4.2299999706447124 1.4499999806284904 0.580000065267086 -4.379999980330467 1.57999999076128 264 5 7 5 0 5 2 2 0 2 2 6 0 1 2 5 0 0 0 0 0 0 0 0 0 1 1 1 0 0 0 0 0 4 1 2 0 0 616.9800000935793 953.1599998921156 600.6600017398596 0 536.8100007027388 352.499998152256 352.499998152256 0 136.0900000333786 238.11000023782253 763.2700021713972 0 197.68999832868576 216.25999942421913 600.6600017398596 0 0 0 0 0 0 0 0 0 154.80999982357025 162.61000043153763 197.68999832868576 0 0 0 0 0 449.64000180363655 151.01999993622303 238.11000023782253 0 0 366.9599978029728 1090.0100022256374 1706.2300000190735 2.0000001080334187 -5.5199999660253525 2.53999999538064 1.8700001165270805 -5.7399999760091305 3.0300000198185444 264 9 7 5 0 6 2 2 0 2 3 6 0 1 5 5 0 0 0 0 1 0 0 0 0 1 1 1 0 0 0 0 0 4 1 2 0 0 1099.379997804761 953.1599998921156 600.6600017398596 0 631.8599988073111 352.499998152256 352.499998152256 0 136.0900000333786 333.15999834239483 763.2700021713972 0 197.68999832868576 603.6099990308285 600.6600017398596 0 0 0 0 95.0499981045723 0 0 0 0 154.80999982357025 162.61000043153763 197.68999832868576 0 0 0 0 0 449.64000180363655 151.01999993622303 238.11000023782253 0 0 450.369996458292 1448.1700025498867 2188.629997730255 2.0000001713633537 -6.72999994084239 3.080000016838312 1.740000180900097 -7.079999949783087 3.5700000412762165
265 1 0 0 0 1 0 0 0 0 0 1 0 0 0 0 0 0 0 0 0 0 0 0 0 0 1 0 0 0 0 0 0 0 0 0 0 0 162.61000043153763 0 0 0 162.61000043153763 0 0 0 0 0 162.61000043153763 0 0 0 0 0 0 0 0 0 0 0 0 0 0 162.61000043153763 0 0 0 0 0 0 0 0 0 0 0 19.410000503063202 129.5900000333786 162.61000043153763 7.450580596923828e-9 -0.3999999985098839 0.0 0.02000001072883606 -0.4699999988079071 0.09000000357627869 265 3 1 1 0 2 0 0 0 1 0 2 0 0 2 1 0 0 0 0 0 0 0 0 0 0 1 0 0 0 0 0 0 1 0 0 0 0 378.86999985575676 115.4900004863739 115.4900004863739 0 227.15999978780746 0 0 0 64.54999935626984 0 278.10000091791153 0 0 216.25999942421913 115.4900004863739 0 0 0 0 0 0 0 0 0 0 162.61000043153763 0 0 0 0 0 0 115.4900004863739 0 0 0 0 114.68999955058098 365.18000042438507 558.9099996984005 5.21540641784668e-8 -1.8299999795854092 0.45000000670552254 0.22000004723668098 -1.699999988079071 0.5400000102818012 265 3 3 2 0 2 1 1 0 1 0 3 0 0 2 2 0 0 0 0 0 0 0 0 0 1 1 0 0 0 0 0 0 2 0 0 0 0 378.86999985575676 365.4399996995926 210.62999987602234 0 227.15999978780746 154.80999982357025 154.80999982357025 0 64.54999935626984 0 373.24000030755997 0 0 216.25999942421913 210.62999987602234 0 0 0 0 0 0 0 0 0 154.80999982357025 162.61000043153763 0 0 0 0 0 0 210.62999987602234 0 0 0 0 167.01999816298485 523.7200011014938 808.8599989116192 1.0000000670552254 -2.629999976605177 1.4500000067055225 1.0800000615417957 -2.6399999856948853 1.5400000102818012 265 5 5 3 0 4 2 2 0 1 2 4 0 1 2 3 0 0 0 0 0 0 0 0 0 1 1 1 0 0 0 0 0 3 0 2 0 0 616.9800000935793 679.1799991726875 326.6800010204315 0 465.27000002563 352.499998152256 352.499998152256 0 64.54999935626984 238.11000023782253 489.29000145196915 0 197.68999832868576 216.25999942421913 326.6800010204315 0 0 0 0 0 0 0 0 0 154.80999982357025 162.61000043153763 197.68999832868576 0 0 0 0 0 326.6800010204315 0 238.11000023782253 0 0 280.12999780476093 896.6100007891655 1360.7099986225367 2.0000001080334187 -4.2299999706447124 2.4500000178813934 2.08000011742115 -4.379999980330467 3.0800000429153442 265 6 6 4 0 6 2 2 0 2 3 5 0 1 2 4 0 0 0 0 1 0 0 0 0 1 1 1 0 0 0 0 0 3 1 2 0 0 712.0299981981516 830.1999991089106 477.70000095665455 0 631.8599988073111 352.499998152256 352.499998152256 0 136.0900000333786 333.15999834239483 640.3100013881922 0 197.68999832868576 216.25999942421913 477.70000095665455 0 0 0 0 95.0499981045723 0 0 0 0 154.80999982357025 162.61000043153763 197.68999832868576 0 0 0 0 0 326.6800010204315 151.01999993622303 238.11000023782253 0 0 359.3499980866909 1063.4799997210503 1678.3199973404408 2.0000001192092896 -5.5199999660253525 2.540000006556511 1.8700001277029514 -5.7399999760091305 3.0300000309944153 265 9 7 5 0 7 2 2 0 2 4 6 0 1 4 5 0 0 0 0 1 0 0 0 0 1 1 1 0 0 0 0 0 4 1 3 0 0 1112.2200000435114 953.1599998921156 600.6600017398596 0 771.2400020211935 352.499998152256 352.499998152256 0 136.0900000333786 472.5400015562773 763.2700021713972 0 197.68999832868576 477.0699980556965 600.6600017398596 0 0 0 0 95.0499981045723 0 0 0 0 154.80999982357025 162.61000043153763 197.68999832868576 0 0 0 0 0 449.64000180363655 151.01999993622303 377.490003451705 0 0 449.6699968278408 1448.1000038087368 2201.4699999690056 2.000000160187483 -6.859999947249889 2.9000000096857548 1.7800001725554466 -7.259999956935644 3.480000037699938
266 1 0 0 0 0 0 0 0 0 0 0 0 0 1 0 0 0 0 0 0 0 0 0 0 0 0 0 0 0 0 0 0 0 0 0 0 0 108.81000065803528 0 0 0 0 0 0 0 0 0 0 0 0 108.81000065803528 0 0 0 0 0 0 0 0 0 0 0 0 0 0 0 0 0 0 0 0 0 0 0 14.449999809265137 83.36000084877014 108.81000065803528 1.862645149230957e-8 -0.26999999210238457 0.18000000715255737 0.27000001072883606 0.0 0.18000000715255737 266 3 1 0 0 2 1 1 0 1 0 1 0 0 2 0 0 0 0 0 0 0 0 0 0 1 1 0 0 0 0 0 0 0 0 0 0 0 378.86999985575676 154.80999982357025 0 0 227.15999978780746 154.80999982357025 154.80999982357025 0 64.54999935626984 0 162.61000043153763 0 0 216.25999942421913 0 0 0 0 0 0 0 0 0 0 154.80999982357025 162.61000043153763 0 0 0 0 0 0 0 0 0 0 0 112.86999878287315 408.93000066280365 598.2299990355968 1.000000074505806 -1.8299999795854092 1.4500000290572643 1.2200000695884228 -1.699999988079071 1.540000032633543 266 4 4 2 0 3 2 2 0 1 1 3 0 1 2 2 0 0 0 0 0 0 0 0 0 1 1 1 0 0 0 0 0 2 0 1 0 0 472.4799999445677 563.1299980282784 210.62999987602234 0 320.7699998766184 352.499998152256 352.499998152256 0 64.54999935626984 93.61000008881092 373.24000030755997 0 197.68999832868576 216.25999942421913 210.62999987602234 0 0 0 0 0 0 0 0 0 154.80999982357025 162.61000043153763 197.68999832868576 0 0 0 0 0 210.62999987602234 0 93.61000008881092 0 0 218.39999766647816 731.6599995195866 1100.1599973291159 2.0000001043081284 -3.4299999736249447 2.4500000290572643 2.4400001130998135 -3.439999982714653 2.9900000505149364 266 6 5 3 0 5 2 2 0 1 3 4 0 1 2 3 0 0 0 0 1 0 0 0 0 1 1 1 0 0 0 0 0 3 0 2 0 0 712.0299981981516 679.1799991726875 326.6800010204315 0 560.3199981302023 352.499998152256 352.499998152256 0 64.54999935626984 333.15999834239483 489.29000145196915 0 197.68999832868576 216.25999942421913 326.6800010204315 0 0 0 0 95.0499981045723 0 0 0 0 154.80999982357025 162.61000043153763 197.68999832868576 0 0 0 0 0 326.6800010204315 0 238.11000023782253 0 0 299.7499975115061 948.58000010252 1455.759996727109 2.0000001154839993 -4.629999969154596 2.4500000178813934 2.0100001245737076 -4.849999979138374 3.0800000429153442 266 8 6 4 0 7 2 2 0 2 4 5 0 1 3 4 0 0 0 0 1 0 0 0 0 1 1 1 0 0 0 0 0 3 1 3 0 0 970.2700010687113 830.1999991089106 477.70000095665455 0 771.2400020211935 352.499998152256 352.499998152256 0 136.0900000333786 472.5400015562773 640.3100013881922 0 197.68999832868576 335.1199990808964 477.70000095665455 0 0 0 0 95.0499981045723 0 0 0 0 154.80999982357025 162.61000043153763 197.68999832868576 0 0 0 0 0 326.6800010204315 151.01999993622303 377.490003451705 0 0 403.88999804854393 1257.9300019145012 1936.5600002110004 2.0000001452863216 -6.189999956637621 2.7200000137090683 1.8700001575052738 -6.499999966472387 3.3000000417232513 266 9 8 6 0 7 2 2 0 2 4 7 0 1 4 6 0 0 0 0 1 0 0 0 0 1 1 1 0 0 0 0 0 5 1 3 0 0 1112.2200000435114 1073.5699974149466 721.0699992626905 0 771.2400020211935 352.499998152256 352.499998152256 0 136.0900000333786 472.5400015562773 883.6799996942282 0 197.68999832868576 477.0699980556965 721.0699992626905 0 0 0 0 95.0499981045723 0 0 0 0 154.80999982357025 162.61000043153763 197.68999832868576 0 0 0 0 0 570.0499993264675 151.01999993622303 377.490003451705 0 0 477.6599965393543 1525.750002115965 2321.8799974918365 2.0000001564621925 -7.259999945759773 2.899999998509884 1.710000168532133 -7.729999955743551 3.480000026524067
267 1 0 0 0 0 0 0 0 0 0 0 0 0 1 0 0 0 0 0 0 0 0 0 0 0 0 0 0 0 0 0 0 0 0 0 0 0 107.44999876618385 0 0 0 0 0 0 0 0 0 0 0 0 107.44999876618385 0 0 0 0 0 0 0 0 0 0 0 0 0 0 0 0 0 0 0 0 0 0 0 21.429999738931656 81.09999895095825 107.44999876618385 1.862645149230957e-8 -0.26999999210238457 0.18000000715255737 1.862645149230957e-8 -0.26999999210238457 0.18000000715255737 267 4 1 0 0 2 1 1 0 0 1 1 0 0 2 0 0 0 0 0 0 0 0 0 0 1 1 0 0 0 0 0 0 0 0 1 0 0 472.4799999445677 154.80999982357025 0 0 256.22000052034855 154.80999982357025 154.80999982357025 0 0 93.61000008881092 162.61000043153763 0 0 216.25999942421913 0 0 0 0 0 0 0 0 0 0 154.80999982357025 162.61000043153763 0 0 0 0 0 0 0 0 93.61000008881092 0 0 104.30999939143658 464.07000029087067 627.2899997681379 1.0000000707805157 -1.7399999797344208 1.3600000254809856 1.2200000658631325 -1.6099999882280827 1.540000032633543 267 4 2 0 0 3 2 2 0 1 1 1 0 1 2 0 0 0 0 0 0 0 0 0 0 1 1 1 0 0 0 0 0 0 0 1 0 0 472.4799999445677 352.499998152256 0 0 320.7699998766184 352.499998152256 352.499998152256 0 64.54999935626984 93.61000008881092 162.61000043153763 0 197.68999832868576 216.25999942421913 0 0 0 0 0 0 0 0 0 0 154.80999982357025 162.61000043153763 197.68999832868576 0 0 0 0 0 0 0 93.61000008881092 0 0 164.24999828636646 616.8699990808964 889.5299974530935 2.000000111758709 -2.629999976605177 2.450000051409006 2.5800001211464405 -2.499999985098839 2.9900000728666782 267 6 4 2 0 4 2 2 0 1 2 3 0 1 3 2 0 0 0 0 1 0 0 0 0 1 1 1 0 0 0 0 0 2 0 1 0 0 686.3899977058172 563.1299980282784 210.62999987602234 0 415.8199979811907 352.499998152256 352.499998152256 0 64.54999935626984 188.65999819338322 373.24000030755997 0 197.68999832868576 335.1199990808964 210.62999987602234 0 0 0 0 95.0499981045723 0 0 0 0 154.80999982357025 162.61000043153763 197.68999832868576 0 0 0 0 0 210.62999987602234 0 93.61000008881092 0 0 262.4899969249964 877.299998909235 1314.0699950903654 2.0000001303851604 -4.099999964237213 2.6300000362098217 2.350000139325857 -4.19999997317791 3.170000057667494 267 8 5 3 0 6 2 2 0 1 4 4 0 1 3 3 0 0 0 0 1 0 0 0 0 1 1 1 0 0 0 0 0 3 0 3 0 0 970.2700010687113 679.1799991726875 326.6800010204315 0 699.7000013440847 352.499998152256 352.499998152256 0 64.54999935626984 472.5400015562773 489.29000145196915 0 197.68999832868576 335.1199990808964 326.6800010204315 0 0 0 0 95.0499981045723 0 0 0 0 154.80999982357025 162.61000043153763 197.68999832868576 0 0 0 0 0 326.6800010204315 0 377.490003451705 0 0 344.2899974733591 1143.030002295971 1713.9999995976686 2.0000001415610313 -5.299999959766865 2.630000025033951 2.01000015437603 -5.609999969601631 3.3500000536441803 267 8 9 7 0 7 2 2 0 2 4 7 1 1 3 6 1 0 0 0 1 0 0 0 0 1 1 1 0 0 0 1 0 5 1 3 0 0 970.2700010687113 1241.6299963146448 889.1299981623888 0 771.2400020211935 352.499998152256 352.499998152256 0 136.0900000333786 472.5400015562773 883.6799996942282 168.05999889969826 197.68999832868576 335.1199990808964 721.0699992626905 168.05999889969826 0 0 0 95.0499981045723 0 0 0 0 154.80999982357025 162.61000043153763 197.68999832868576 0 0 0 168.05999889969826 0 570.0499993264675 151.01999993622303 377.490003451705 0 0 485.9899963438511 1545.8500019311905 2347.9899974167347 2.0000001452863216 -7.389999952167273 2.7199999913573265 2.1300001554191113 -7.4399999640882015 3.3000000193715096
268 0 1 0 0 0 1 1 0 0 0 0 0 0 0 0 0 0 0 0 0 0 0 0 0 1 0 0 0 0 0 0 0 0 0 0 0 0 0 154.80999982357025 0 0 0 154.80999982357025 154.80999982357025 0 0 0 0 0 0 0 0 0 0 0 0 0 0 0 0 0 154.80999982357025 0 0 0 0 0 0 0 0 0 0 0 0 28.059999108314514 106.63000082969666 154.80999982357025 1.0000000186264515 -0.3999999985098839 1.000000011175871 0.9300000183284283 -0.4699999988079071 1.000000011175871 268 3 2 0 0 1 2 2 0 0 1 0 0 1 2 0 0 0 0 0 0 0 0 0 0 1 0 1 0 0 0 0 0 0 0 1 0 0 309.86999951303005 352.499998152256 0 0 93.61000008881092 352.499998152256 352.499998152256 0 0 93.61000008881092 0 0 197.68999832868576 216.25999942421913 0 0 0 0 0 0 0 0 0 0 154.80999982357025 0 197.68999832868576 0 0 0 0 0 0 0 93.61000008881092 0 0 115.31999816000462 479.0299990475178 662.3699976652861 2.0000000931322575 -1.7399999797344208 2.3600000478327274 2.5600000992417336 -1.5399999879300594 2.810000065714121 268 5 2 0 0 3 2 2 0 0 2 1 0 1 2 0 0 0 0 0 1 0 0 0 0 1 1 1 0 0 0 0 0 0 0 1 0 0 567.52999804914 352.499998152256 0 0 351.26999862492085 352.499998152256 352.499998152256 0 0 188.65999819338322 162.61000043153763 0 197.68999832868576 216.25999942421913 0 0 0 0 0 95.0499981045723 0 0 0 0 154.80999982357025 162.61000043153763 197.68999832868576 0 0 0 0 0 0 0 93.61000008881092 0 0 154.34999836981297 660.5899983942509 920.029996201396 2.0000001080334187 -2.5399999767541885 2.3600000478327274 2.510000117123127 -2.4799999855458736 2.9000000692903996 268 7 3 1 0 5 2 2 0 1 3 2 0 1 3 1 0 0 0 0 1 0 0 0 0 1 1 1 0 0 0 0 0 1 0 2 0 0 825.7700009196997 467.9899986386299 115.4900004863739 0 555.2000011950731 352.499998152256 352.499998152256 0 64.54999935626984 328.04000140726566 278.10000091791153 0 197.68999832868576 335.1199990808964 115.4900004863739 0 0 0 0 95.0499981045723 0 0 0 0 154.80999982357025 162.61000043153763 197.68999832868576 0 0 0 0 0 115.4900004863739 0 232.99000330269337 0 0 258.289997830987 926.1700011789799 1358.3099989145994 2.0000001415610313 -4.099999964237213 2.6300000473856926 2.4400001540780067 -4.19999997317791 3.2600000724196434 268 7 6 4 0 5 2 2 0 1 3 5 0 1 3 4 0 0 0 0 1 0 0 0 0 1 1 1 0 0 0 0 0 4 0 2 0 0 825.7700009196997 799.5899966955185 447.0899985432625 0 555.2000011950731 352.499998152256 352.499998152256 0 64.54999935626984 328.04000140726566 609.6999989748001 0 197.68999832868576 335.1199990808964 447.0899985432625 0 0 0 0 95.0499981045723 0 0 0 0 154.80999982357025 162.61000043153763 197.68999832868576 0 0 0 0 0 447.0899985432625 0 232.99000330269337 0 0 346.89999790489674 1111.9799998104572 1689.909996971488 2.0000001303851604 -5.299999959766865 2.63000001385808 2.230000142008066 -5.609999969601631 3.2600000388920307 268 9 9 7 0 7 2 2 0 2 4 7 1 1 4 6 1 0 0 0 1 0 0 0 0 1 1 1 0 0 0 1 0 5 1 3 0 0 1100.2000018805265 1241.6299963146448 889.1299981623888 0 771.2400020211935 352.499998152256 352.499998152256 0 136.0900000333786 472.5400015562773 883.6799996942282 168.05999889969826 197.68999832868576 465.04999989271164 721.0699992626905 168.05999889969826 0 0 0 95.0499981045723 0 0 0 0 154.80999982357025 162.61000043153763 197.68999832868576 0 0 0 168.05999889969826 0 570.0499993264675 151.01999993622303 377.490003451705 0 0 509.88999646902084 1639.4300028085709 2477.91999822855 2.000000163912773 -7.659999944269657 2.899999998509884 2.1100001744925976 -7.729999955743551 3.480000026524067
269 1 0 0 0 1 0 0 0 0 1 0 0 0 0 0 0 0 0 0 0 0 0 0 0 0 0 0 0 0 0 0 0 0 0 1 0 0 93.61000008881092 0 0 0 93.61000008881092 0 0 0 0 93.61000008881092 0 0 0 0 0 0 0 0 0 0 0 0 0 0 0 0 0 0 0 0 0 0 0 0 93.61000008881092 0 0 20.960000231862068 63.38999962806702 93.61000008881092 7.450580596923828e-9 -0.3999999985098839 0.0 7.450580596923828e-9 -0.3999999985098839 0.09000000357627869 269 3 2 0 0 2 2 2 0 0 2 0 0 1 1 0 0 0 0 0 1 0 0 0 0 1 0 1 0 0 0 0 0 0 0 1 0 0 296.10999695956707 352.499998152256 0 0 188.65999819338322 352.499998152256 352.499998152256 0 0 188.65999819338322 0 0 197.68999832868576 107.44999876618385 0 0 0 0 0 95.0499981045723 0 0 0 0 154.80999982357025 0 197.68999832868576 0 0 0 0 0 0 0 93.61000008881092 0 0 120.48999805748463 447.6399975121021 648.6099951118231 2.0000000819563866 -1.86999998614192 2.18000004068017 2.220000095665455 -2.0099999867379665 2.6300000585615635 269 5 2 0 0 2 2 2 0 0 2 0 0 1 3 0 0 0 0 0 1 0 0 0 0 1 0 1 0 0 0 0 0 0 0 1 0 0 523.7799972742796 352.499998152256 0 0 188.65999819338322 352.499998152256 352.499998152256 0 0 188.65999819338322 0 0 197.68999832868576 335.1199990808964 0 0 0 0 0 95.0499981045723 0 0 0 0 154.80999982357025 0 197.68999832868576 0 0 0 0 0 0 0 93.61000008881092 0 0 159.40999741852283 624.6699984371662 876.2799954265356 2.0000001192092896 -2.4099999703466892 2.540000054985285 2.4700001254677773 -2.2999999783933163 2.9900000728666782 269 7 3 1 0 5 2 2 0 1 3 2 0 1 3 1 0 0 0 0 1 0 0 0 0 1 1 1 0 0 0 0 0 1 0 2 0 0 825.7700009196997 472.909995675087 120.40999752283096 0 555.2000011950731 352.499998152256 352.499998152256 0 64.54999935626984 328.04000140726566 283.0199979543686 0 197.68999832868576 335.1199990808964 120.40999752283096 0 0 0 0 95.0499981045723 0 0 0 0 154.80999982357025 162.61000043153763 197.68999832868576 0 0 0 0 0 120.40999752283096 0 232.99000330269337 0 0 256.39999766647816 940.9399988949299 1363.2299959510565 2.0000001415610313 -4.099999964237213 2.6300000473856926 2.4400001540780067 -4.19999997317791 3.2600000724196434 269 7 5 3 0 5 2 2 0 1 3 3 1 1 3 2 1 0 0 0 1 0 0 0 0 1 1 1 0 0 0 1 0 2 0 2 0 0 825.7700009196997 756.4599950611591 403.9599969089031 0 555.2000011950731 352.499998152256 352.499998152256 0 64.54999935626984 328.04000140726566 398.5099984407425 168.05999889969826 197.68999832868576 335.1199990808964 235.89999800920486 168.05999889969826 0 0 0 95.0499981045723 0 0 0 0 154.80999982357025 162.61000043153763 197.68999832868576 0 0 0 168.05999889969826 0 235.89999800920486 0 232.99000330269337 0 0 313.1599967032671 1135.5899993777275 1646.7799953371286 2.0000001452863216 -4.899999961256981 2.6300000362098217 2.7700001560151577 -4.669999971985817 3.2600000612437725 269 8 8 5 0 5 3 3 0 1 3 5 1 2 4 4 1 0 0 0 1 0 0 0 0 1 1 1 0 0 0 1 1 4 0 2 0 0 955.7000017315149 1211.3899971842766 615.1499974429607 0 555.2000011950731 596.2399997413158 596.2399997413158 0 64.54999935626984 328.04000140726566 609.6999989748001 168.05999889969826 441.4299999177456 465.04999989271164 447.0899985432625 168.05999889969826 0 0 0 95.0499981045723 0 0 0 0 154.80999982357025 162.61000043153763 197.68999832868576 0 0 0 168.05999889969826 243.74000158905983 447.0899985432625 0 232.99000330269337 0 0 424.899997651577 1541.540002003312 2231.6399982720613 3.0000001788139343 -6.369999948889017 3.8100000359117985 3.5400001890957355 -6.369999960064888 4.440000060945749
270 0 1 0 0 0 1 1 0 0 0 0 0 1 0 0 0 0 0 0 0 0 0 0 0 0 0 1 0 0 0 0 0 0 0 0 0 0 0 197.68999832868576 0 0 0 197.68999832868576 197.68999832868576 0 0 0 0 0 197.68999832868576 0 0 0 0 0 0 0 0 0 0 0 0 0 197.68999832868576 0 0 0 0 0 0 0 0 0 0 30.41999927163124 144.5499987900257 197.68999832868576 1.0000000298023224 -0.3999999985098839 1.0000000223517418 1.3600000441074371 -0.3999999985098839 1.3600000366568565 270 3 2 0 0 2 2 2 0 0 2 0 0 1 1 0 0 0 0 0 1 0 0 0 0 1 0 1 0 0 0 0 0 0 0 1 0 0 307.51999785006046 352.499998152256 0 0 188.65999819338322 352.499998152256 352.499998152256 0 0 188.65999819338322 0 0 197.68999832868576 118.85999965667725 0 0 0 0 0 95.0499981045723 0 0 0 0 154.80999982357025 0 197.68999832868576 0 0 0 0 0 0 0 93.61000008881092 0 0 123.52999787032604 460.2099986374378 660.0199960023165 2.0000000819563866 -1.86999998614192 2.18000004068017 2.2000000961124897 -2.0299999862909317 2.6300000585615635 270 6 2 0 0 3 2 2 0 0 3 0 0 1 3 0 0 0 0 0 1 0 0 0 0 1 0 1 0 0 0 0 0 0 0 2 0 0 663.160000488162 352.499998152256 0 0 328.04000140726566 352.499998152256 352.499998152256 0 0 328.04000140726566 0 0 197.68999832868576 335.1199990808964 0 0 0 0 0 95.0499981045723 0 0 0 0 154.80999982357025 0 197.68999832868576 0 0 0 0 0 0 0 232.99000330269337 0 0 179.4799978286028 725.4500005543232 1015.659998640418 2.00000012665987 -2.809999968856573 2.540000054985285 2.4900001361966133 -2.7699999772012234 3.080000076442957 270 7 4 2 0 4 2 2 0 0 3 2 1 1 3 1 1 0 0 0 1 0 0 0 0 1 1 1 0 0 0 1 0 1 0 2 0 0 825.7700009196997 640.9699945747852 288.4699964225292 0 490.6500018388033 352.499998152256 352.499998152256 0 0 328.04000140726566 283.0199979543686 168.05999889969826 197.68999832868576 335.1199990808964 120.40999752283096 168.05999889969826 0 0 0 95.0499981045723 0 0 0 0 154.80999982357025 162.61000043153763 197.68999832868576 0 0 0 168.05999889969826 0 120.40999752283096 0 232.99000330269337 0 0 253.7599972039461 1064.4599987864494 1466.739995494485 2.000000137835741 -4.009999964386225 2.540000043809414 2.8400001488626003 -3.7099999748170376 3.1700000688433647 270 8 5 2 0 5 3 3 0 1 3 2 1 2 4 1 1 0 0 0 1 0 0 0 0 1 1 1 0 0 0 1 1 1 0 2 0 0 955.7000017315149 884.7099961638451 288.4699964225292 0 555.2000011950731 596.2399997413158 596.2399997413158 0 64.54999935626984 328.04000140726566 283.0199979543686 168.05999889969826 441.4299999177456 465.04999989271164 120.40999752283096 168.05999889969826 0 0 0 95.0499981045723 0 0 0 0 154.80999982357025 162.61000043153763 197.68999832868576 0 0 0 168.05999889969826 243.74000158905983 120.40999752283096 0 232.99000330269337 0 0 334.3999974131584 1370.5000010877848 1904.9599972516298 3.000000189989805 -5.1699999533593655 3.810000069439411 3.750000201165676 -4.959999963641167 4.440000094473362 270 9 7 4 0 6 3 3 0 1 4 4 1 2 4 3 1 0 0 0 1 0 0 0 0 1 1 1 0 0 0 1 1 3 0 3 0 0 1090.540000423789 1095.3399960398674 499.09999629855156 0 690.0399998873472 596.2399997413158 596.2399997413158 0 64.54999935626984 462.88000009953976 493.64999783039093 168.05999889969826 441.4299999177456 465.04999989271164 331.0399973988533 168.05999889969826 0 0 0 95.0499981045723 0 0 0 0 154.80999982357025 162.61000043153763 197.68999832868576 0 0 0 168.05999889969826 243.74000158905983 331.0399973988533 0 367.83000199496746 0 0 395.3799966275692 1607.3600002676249 2250.4299958199263 3.000000189989805 -6.369999948889017 3.8100000470876694 4.100000202655792 -5.899999961256981 4.530000075697899
271 1 0 0 0 1 0 0 0 0 1 0 0 0 0 0 0 0 0 0 1 0 0 0 0 0 0 0 0 0 0 0 0 0 0 0 0 0 95.0499981045723 0 0 0 95.0499981045723 0 0 0 0 95.0499981045723 0 0 0 0 0 0 0 0 0 95.0499981045723 0 0 0 0 0 0 0 0 0 0 0 0 0 0 0 0 0 19.619999706745148 51.96999931335449 95.0499981045723 7.450580596923828e-9 -0.3999999985098839 0.0 -0.06999999284744263 -0.4699999988079071 0.0 271 4 1 0 0 3 1 1 0 0 3 0 0 1 1 0 0 0 0 0 1 0 0 0 0 0 0 1 0 0 0 0 0 0 0 2 0 0 446.9000010639429 197.68999832868576 0 0 328.04000140726566 197.68999832868576 197.68999832868576 0 0 328.04000140726566 0 0 197.68999832868576 118.85999965667725 0 0 0 0 0 95.0499981045723 0 0 0 0 0 0 197.68999832868576 0 0 0 0 0 0 0 232.99000330269337 0 0 115.53999917209148 454.35999992489815 644.5899993926287 1.0000000707805157 -1.86999998614192 1.1800000295042992 1.2900000885128975 -2.0299999862909317 1.7200000509619713 271 4 3 1 0 3 2 2 0 0 3 1 0 1 1 1 0 0 0 0 1 0 0 0 0 1 0 1 0 0 0 0 0 1 0 2 0 0 446.9000010639429 472.909995675087 120.40999752283096 0 328.04000140726566 352.499998152256 352.499998152256 0 0 328.04000140726566 120.40999752283096 0 197.68999832868576 118.85999965667725 120.40999752283096 0 0 0 0 95.0499981045723 0 0 0 0 154.80999982357025 0 197.68999832868576 0 0 0 0 0 120.40999752283096 0 232.99000330269337 0 0 171.58999799191952 638.6399990618229 919.8099967390299 2.000000085681677 -2.669999983161688 2.180000029504299 2.1500001028180122 -2.969999983906746 2.7200000509619713 271 7 4 2 0 3 2 2 0 0 3 1 1 1 4 1 1 0 0 0 1 0 0 0 0 1 0 1 0 0 0 1 0 1 0 2 0 0 793.0900012999773 640.9699945747852 288.4699964225292 0 328.04000140726566 352.499998152256 352.499998152256 0 0 328.04000140726566 120.40999752283096 168.05999889969826 197.68999832868576 465.04999989271164 120.40999752283096 168.05999889969826 0 0 0 95.0499981045723 0 0 0 0 154.80999982357025 0 197.68999832868576 0 0 0 168.05999889969826 0 120.40999752283096 0 232.99000330269337 0 0 258.24999682605267 1028.4499996304512 1434.0599958747625 2.000000149011612 -3.8799999579787254 2.7200000509619713 2.8000001572072506 -3.52999996766448 3.2600000724196434 271 9 5 2 0 5 3 3 0 0 4 2 1 2 4 1 1 0 0 0 1 0 0 0 0 1 1 1 0 0 0 1 1 1 0 3 0 0 1090.540000423789 884.7099961638451 288.4699964225292 0 625.4900005310774 596.2399997413158 596.2399997413158 0 0 462.88000009953976 283.0199979543686 168.05999889969826 441.4299999177456 465.04999989271164 120.40999752283096 168.05999889969826 0 0 0 95.0499981045723 0 0 0 0 154.80999982357025 162.61000043153763 197.68999832868576 0 0 0 168.05999889969826 243.74000158905983 120.40999752283096 0 367.83000199496746 0 0 311.70999762415886 1484.3199998289347 1975.249996587634 3.000000186264515 -5.079999953508377 3.7200000658631325 4.240000199526548 -4.469999965280294 4.440000094473362 271 9 10 5 0 6 5 4 1 1 4 5 2 3 4 4 1 1 0 0 1 0 1 0 0 1 1 1 0 0 0 1 2 4 0 3 0 0 1090.540000423789 1578.0499958246946 617.4999957978725 0 690.0399998873472 960.5500000268221 821.1099992543459 139.4400007724762 64.54999935626984 462.88000009953976 612.0499973297119 307.49999967217445 666.2999994307756 465.04999989271164 449.4399968981743 168.05999889969826 139.4400007724762 0 0 95.0499981045723 0 139.4400007724762 0 0 154.80999982357025 162.61000043153763 197.68999832868576 0 0 0 168.05999889969826 468.6100011020899 449.4399968981743 0 367.83000199496746 0 0 461.21999637782574 1984.8600004166365 2733.1399956047535 3.0000002458691597 -7.569999944418669 3.810000080615282 3.740000281482935 -7.819999948143959 4.890000123530626
272 1 0 0 0 0 0 0 0 0 0 0 0 0 1 0 0 0 0 0 0 0 0 0 0 0 0 0 0 0 0 0 0 0 0 0 0 0 118.85999965667725 0 0 0 0 0 0 0 0 0 0 0 0 118.85999965667725 0 0 0 0 0 0 0 0 0 0 0 0 0 0 0 0 0 0 0 0 0 0 0 24.46999955177307 93.67000007629395 118.85999965667725 1.862645149230957e-8 -0.26999999210238457 0.18000000715255737 -0.019999980926513672 -0.28999999165534973 0.18000000715255737 272 3 2 1 0 2 1 1 0 0 2 1 0 1 1 1 0 0 0 0 1 0 0 0 0 0 0 1 0 0 0 0 0 1 0 1 0 0 353.290000975132 318.0999958515167 120.40999752283096 0 234.43000131845474 197.68999832868576 197.68999832868576 0 0 234.43000131845474 120.40999752283096 0 197.68999832868576 118.85999965667725 120.40999752283096 0 0 0 0 95.0499981045723 0 0 0 0 0 0 197.68999832868576 0 0 0 0 0 120.40999752283096 0 139.38000321388245 0 0 122.56999865174294 468.6199986040592 671.3899968266487 1.0000000596046448 -1.86999998614192 1.1800000183284283 1.2200000770390034 -2.099999986588955 1.6300000362098217 272 4 3 2 0 3 1 1 0 0 3 1 1 1 1 1 1 0 0 0 1 0 0 0 0 0 0 1 0 0 0 1 0 1 0 2 0 0 446.9000010639429 486.159994751215 288.4699964225292 0 328.04000140726566 197.68999832868576 197.68999832868576 0 0 328.04000140726566 120.40999752283096 168.05999889969826 197.68999832868576 118.85999965667725 120.40999752283096 168.05999889969826 0 0 0 95.0499981045723 0 0 0 0 0 0 197.68999832868576 0 0 0 168.05999889969826 0 120.40999752283096 0 232.99000330269337 0 0 170.4099980443716 663.7799981236458 933.0599958151579 1.000000074505806 -2.669999983161688 1.1800000183284283 1.6200000904500484 -2.499999985098839 1.7200000397861004 272 6 5 2 0 3 3 3 0 0 3 1 1 2 3 1 1 0 0 0 1 0 0 0 0 1 0 1 0 0 0 1 1 1 0 2 0 0 684.280000641942 884.7099961638451 288.4699964225292 0 328.04000140726566 596.2399997413158 596.2399997413158 0 0 328.04000140726566 120.40999752283096 168.05999889969826 441.4299999177456 356.23999923467636 120.40999752283096 168.05999889969826 0 0 0 95.0499981045723 0 0 0 0 154.80999982357025 0 197.68999832868576 0 0 0 168.05999889969826 243.74000158905983 120.40999752283096 0 232.99000330269337 0 0 271.01999747753143 1149.300000205636 1568.989996805787 3.0000001527369022 -4.009999964386225 3.540000058710575 3.460000168532133 -3.9999999664723873 4.080000080168247 272 8 5 2 0 4 3 3 0 0 4 1 1 2 4 1 1 0 0 0 1 0 0 0 0 1 0 1 0 0 0 1 1 1 0 3 0 0 927.9299999922514 884.7099961638451 288.4699964225292 0 462.88000009953976 596.2399997413158 596.2399997413158 0 0 462.88000009953976 120.40999752283096 168.05999889969826 441.4299999177456 465.04999989271164 120.40999752283096 168.05999889969826 0 0 0 95.0499981045723 0 0 0 0 154.80999982357025 0 197.68999832868576 0 0 0 168.05999889969826 243.74000158905983 120.40999752283096 0 367.83000199496746 0 0 292.29999712109566 1354.729999795556 1812.6399961560965 3.0000001788139343 -4.679999954998493 3.7200000658631325 4.220000188797712 -3.9999999664723873 4.350000090897083 272 10 6 2 0 7 4 3 1 1 5 2 2 2 4 1 1 1 0 0 2 0 1 0 0 1 1 1 0 0 0 1 1 1 0 3 0 0 1194.9199987500906 1024.1499969363213 288.4699964225292 0 794.4199982136488 735.680000513792 596.2399997413158 139.4400007724762 64.54999935626984 567.2599984258413 283.0199979543686 307.49999967217445 441.4299999177456 465.04999989271164 120.40999752283096 168.05999889969826 139.4400007724762 0 0 199.42999643087387 0 139.4400007724762 0 0 154.80999982357025 162.61000043153763 197.68999832868576 0 0 0 168.05999889969826 243.74000158905983 120.40999752283096 0 367.83000199496746 0 0 399.97999688982964 1647.2299999147654 2283.6199950426817 2.0000002421438694 -6.369999948889017 2.8100000992417336 3.1000002548098564 -5.899999961256981 3.530000127851963
273 1 0 0 0 1 0 0 0 0 1 0 0 0 0 0 0 0 0 0 0 0 0 0 0 0 0 0 0 0 0 0 0 0 0 1 0 0 139.38000321388245 0 0 0 139.38000321388245 0 0 0 0 139.38000321388245 0 0 0 0 0 0 0 0 0 0 0 0 0 0 0 0 0 0 0 0 0 0 0 0 139.38000321388245 0 0 20.070000410079956 100.78000211715698 139.38000321388245 7.450580596923828e-9 -0.3999999985098839 0.0 0.02000001072883606 -0.4699999988079071 0.09000000357627869 273 3 2 2 0 2 0 0 0 0 2 1 1 0 1 1 1 0 0 0 1 0 0 0 0 0 0 0 0 0 0 1 0 1 0 1 0 0 353.290000975132 288.4699964225292 288.4699964225292 0 234.43000131845474 0 0 0 0 234.43000131845474 120.40999752283096 168.05999889969826 0 118.85999965667725 120.40999752283096 168.05999889969826 0 0 0 95.0499981045723 0 0 0 0 0 0 0 0 0 0 168.05999889969826 0 120.40999752283096 0 139.38000321388245 0 0 119.0299985408783 455.83999970555305 641.7599973976612 3.725290298461914e-8 -1.86999998614192 0.17999999597668648 0.2600000388920307 -1.699999988079071 0.26999999955296516 273 4 3 2 0 2 1 1 0 0 2 1 1 1 2 1 1 0 0 0 1 0 0 0 0 0 0 1 0 0 0 1 0 1 0 1 0 0 483.22000178694725 486.159994751215 288.4699964225292 0 234.43000131845474 197.68999832868576 197.68999832868576 0 0 234.43000131845474 120.40999752283096 168.05999889969826 197.68999832868576 248.7900004684925 120.40999752283096 168.05999889969826 0 0 0 95.0499981045723 0 0 0 0 0 0 197.68999832868576 0 0 0 168.05999889969826 0 120.40999752283096 0 139.38000321388245 0 0 173.3499979376793 693.9699993729591 969.3799965381622 1.0000000856816769 -2.5399999767541885 1.3600000254809856 1.6000001020729542 -2.3899999782443047 1.810000043362379 273 6 5 2 0 4 3 3 0 0 4 1 1 2 2 1 1 0 0 0 1 0 0 0 0 1 0 1 0 0 0 1 1 1 0 3 0 0 711.6700005680323 884.7099961638451 288.4699964225292 0 462.88000009953976 596.2399997413158 596.2399997413158 0 0 462.88000009953976 120.40999752283096 168.05999889969826 441.4299999177456 248.7900004684925 120.40999752283096 168.05999889969826 0 0 0 95.0499981045723 0 0 0 0 154.80999982357025 0 197.68999832868576 0 0 0 168.05999889969826 243.74000158905983 120.40999752283096 0 367.83000199496746 0 0 256.41999757289886 1190.2699999958277 1596.3799967318773 3.0000001415610313 -4.139999970793724 3.3600000515580177 3.9500001594424248 -3.7299999743700027 3.9900000765919685 273 8 6 2 0 4 4 3 1 0 4 1 2 2 4 1 1 1 0 0 1 0 1 0 0 1 0 1 0 0 0 1 1 1 0 3 0 0 927.9299999922514 1024.1499969363213 288.4699964225292 0 462.88000009953976 735.680000513792 596.2399997413158 139.4400007724762 0 462.88000009953976 120.40999752283096 307.49999967217445 441.4299999177456 465.04999989271164 120.40999752283096 168.05999889969826 139.4400007724762 0 0 95.0499981045723 0 139.4400007724762 0 0 154.80999982357025 0 197.68999832868576 0 0 0 168.05999889969826 243.74000158905983 120.40999752283096 0 367.83000199496746 0 0 323.35999754071236 1449.5000004917383 1952.0799969285727 2.0000002160668373 -5.079999953508377 2.720000095665455 3.150000225752592 -4.469999965280294 3.3500001206994057 273 10 9 3 0 7 6 5 1 1 5 3 2 4 4 2 1 1 0 0 2 0 1 0 0 1 1 2 0 0 0 1 2 2 0 3 0 0 1194.9199987500906 1550.6999946683645 406.8699959218502 0 805.2299993485212 1143.8299987465143 1004.3899979740381 139.4400007724762 75.36000049114227 567.2599984258413 401.4199974536896 307.49999967217445 849.5799981504679 465.04999989271164 238.80999702215195 168.05999889969826 139.4400007724762 0 0 199.42999643087387 0 139.4400007724762 0 0 154.80999982357025 162.61000043153763 380.969997048378 0 0 0 168.05999889969826 468.6100011020899 238.80999702215195 0 367.83000199496746 0 0 458.68999569118023 2079.40999828279 2820.9799939095974 4.000000290572643 -7.569999944418669 4.810000125318766 4.6600003503263 -8.259999938309193 6.250000182539225
274 0 1 1 0 0 0 0 0 0 0 1 0 0 0 1 0 0 0 0 0 0 0 0 0 0 0 0 0 0 0 0 0 1 0 0 0 0 0 120.40999752283096 120.40999752283096 0 0 0 0 0 0 0 120.40999752283096 0 0 0 120.40999752283096 0 0 0 0 0 0 0 0 0 0 0 0 0 0 0 0 0 120.40999752283096 0 0 0 0 27.98999971151352 77.64999830722809 120.40999752283096 -3.725290298461914e-9 -0.3999999985098839 -1.1175870895385742e-8 -0.07000000402331352 -0.4699999988079071 -1.1175870895385742e-8 274 3 2 2 0 1 0 0 0 0 1 1 1 0 2 1 1 0 0 0 0 0 0 0 0 0 0 0 0 0 0 1 0 1 0 1 0 0 388.17000368237495 288.4699964225292 288.4699964225292 0 139.38000321388245 0 0 0 0 139.38000321388245 120.40999752283096 168.05999889969826 0 248.7900004684925 120.40999752283096 168.05999889969826 0 0 0 0 0 0 0 0 0 0 0 0 0 0 168.05999889969826 0 120.40999752283096 0 139.38000321388245 0 0 123.3099989593029 497.45000126957893 676.6400001049042 4.842877388000488e-8 -1.7399999797344208 0.36000000312924385 0.31000005081295967 -1.5199999809265137 0.45000000670552254 274 4 3 2 0 2 1 1 0 0 2 1 1 1 2 1 1 0 0 0 1 0 0 0 0 0 0 0 0 0 0 1 1 1 0 1 0 0 483.22000178694725 532.209998011589 288.4699964225292 0 234.43000131845474 243.74000158905983 243.74000158905983 0 0 234.43000131845474 120.40999752283096 168.05999889969826 243.74000158905983 248.7900004684925 120.40999752283096 168.05999889969826 0 0 0 95.0499981045723 0 0 0 0 0 0 0 0 0 0 168.05999889969826 243.74000158905983 120.40999752283096 0 139.38000321388245 0 0 170.14999912679195 753.6300020068884 1015.4299997985363 1.0000000782310963 -2.5399999767541885 1.360000018030405 1.1700000800192356 -2.459999978542328 1.4500000216066837 274 6 5 2 0 4 3 2 1 0 4 1 2 2 2 1 1 1 0 0 1 0 1 0 0 0 0 1 0 0 0 1 1 1 0 3 0 0 711.6700005680323 869.339997112751 288.4699964225292 0 462.88000009953976 580.8700006902218 441.4299999177456 139.4400007724762 0 462.88000009953976 120.40999752283096 307.49999967217445 441.4299999177456 248.7900004684925 120.40999752283096 168.05999889969826 139.4400007724762 0 0 95.0499981045723 0 139.4400007724762 0 0 0 0 197.68999832868576 0 0 0 168.05999889969826 243.74000158905983 120.40999752283096 0 367.83000199496746 0 0 259.41999888420105 1178.4099998623133 1581.0099976807833 1.0000001601874828 -4.139999970793724 1.3600000701844692 1.9500001780688763 -3.7299999743700027 1.99000009521842 274 7 6 2 0 5 4 3 1 0 5 1 2 2 2 1 1 1 0 0 2 0 1 0 0 1 0 1 0 0 0 1 1 1 0 3 0 0 816.0499988943338 1024.1499969363213 288.4699964225292 0 567.2599984258413 735.680000513792 596.2399997413158 139.4400007724762 0 567.2599984258413 120.40999752283096 307.49999967217445 441.4299999177456 248.7900004684925 120.40999752283096 168.05999889969826 139.4400007724762 0 0 199.42999643087387 0 139.4400007724762 0 0 154.80999982357025 0 197.68999832868576 0 0 0 168.05999889969826 243.74000158905983 120.40999752283096 0 367.83000199496746 0 0 315.169997215271 1344.9300000816584 1840.199995830655 2.000000186264515 -4.939999967813492 2.36000008136034 2.810000203549862 -4.669999971985817 2.990000106394291 274 10 9 3 0 5 6 5 1 0 5 2 2 4 5 2 1 1 0 0 2 0 1 0 0 1 0 2 0 0 0 1 2 2 0 3 0 0 1150.6799987703562 1618.1899923831224 406.8699959218502 0 567.2599984258413 1211.3199964612722 1071.879995688796 139.4400007724762 0 567.2599984258413 238.80999702215195 307.49999967217445 917.0699958652258 583.4200003445148 238.80999702215195 168.05999889969826 139.4400007724762 0 0 199.42999643087387 0 139.4400007724762 0 0 154.80999982357025 0 380.969997048378 0 0 0 168.05999889969826 536.0999988168478 238.80999702215195 0 367.83000199496746 0 0 483.78999531269073 2032.879997164011 2768.8699911534786 3.000000260770321 -7.9499999694526196 4.900000128895044 3.950000301003456 -8.079999972134829 6.070000175386667
275 0 1 1 0 0 0 0 0 0 0 0 1 0 0 0 1 0 0 0 0 0 0 0 0 0 0 0 0 0 0 1 0 0 0 0 0 0 0 168.05999889969826 168.05999889969826 0 0 0 0 0 0 0 0 168.05999889969826 0 0 0 168.05999889969826 0 0 0 0 0 0 0 0 0 0 0 0 0 0 168.05999889969826 0 0 0 0 0 0 26.8799991607666 131.76999989151955 168.05999889969826 7.450580596923828e-9 -0.3999999985098839 0.0 0.4000000059604645 0.0 0.0 275 2 3 2 0 1 1 1 0 0 1 1 1 1 1 1 1 0 0 0 0 0 0 0 0 0 0 0 0 0 0 1 1 1 0 1 0 0 269.3100040256977 532.209998011589 288.4699964225292 0 139.38000321388245 243.74000158905983 243.74000158905983 0 0 139.38000321388245 120.40999752283096 168.05999889969826 243.74000158905983 129.93000081181526 120.40999752283096 168.05999889969826 0 0 0 0 0 0 0 0 0 0 0 0 0 0 168.05999889969826 243.74000158905983 120.40999752283096 0 139.38000321388245 0 0 126.05999986827374 607.99000261724 801.5200020372868 1.0000000521540642 -1.86999998614192 1.1800000108778477 1.260000053793192 -1.699999988079071 1.2700000144541264 275 4 3 2 0 2 1 1 0 0 2 1 1 1 2 1 1 0 0 0 0 0 0 0 0 0 0 0 0 0 0 1 1 1 0 2 0 0 523.010002374649 532.209998011589 288.4699964225292 0 274.22000190615654 243.74000158905983 243.74000158905983 0 0 274.22000190615654 120.40999752283096 168.05999889969826 243.74000158905983 248.7900004684925 120.40999752283096 168.05999889969826 0 0 0 0 0 0 0 0 0 0 0 0 0 0 168.05999889969826 243.74000158905983 120.40999752283096 0 274.22000190615654 0 0 157.3599992543459 823.7300014346838 1055.220000386238 1.0000000782310963 -2.5399999767541885 1.360000018030405 1.7300000824034214 -1.9899999797344208 1.5400000251829624 275 6 5 2 0 4 3 2 1 0 4 1 2 2 2 1 1 1 0 0 2 0 1 0 0 0 0 1 0 0 0 1 1 1 0 2 0 0 722.4399988055229 869.339997112751 288.4699964225292 0 473.6499983370304 580.8700006902218 441.4299999177456 139.4400007724762 0 473.6499983370304 120.40999752283096 307.49999967217445 441.4299999177456 248.7900004684925 120.40999752283096 168.05999889969826 139.4400007724762 0 0 199.42999643087387 0 139.4400007724762 0 0 0 0 197.68999832868576 0 0 0 168.05999889969826 243.74000158905983 120.40999752283096 0 274.22000190615654 0 0 266.1499978750944 1174.9099996238947 1591.779995918274 1.0000001601874828 -4.139999970793724 1.3600000701844692 1.880000177770853 -3.799999974668026 1.9000000916421413 275 7 6 2 0 5 4 3 1 0 5 1 2 3 2 1 1 1 0 0 2 0 1 0 0 0 0 2 0 0 0 1 1 1 0 3 0 0 816.0499988943338 1052.6199958324432 288.4699964225292 0 567.2599984258413 764.149999409914 624.7099986374378 139.4400007724762 0 567.2599984258413 120.40999752283096 307.49999967217445 624.7099986374378 248.7900004684925 120.40999752283096 168.05999889969826 139.4400007724762 0 0 199.42999643087387 0 139.4400007724762 0 0 0 0 380.969997048378 0 0 0 168.05999889969826 243.74000158905983 120.40999752283096 0 367.83000199496746 0 0 309.3499972820282 1381.9599982053041 1868.669994726777 2.000000197440386 -4.939999967813492 2.360000092536211 2.730000238865614 -5.109999962151051 3.3500001318752766 275 9 10 3 0 6 7 5 2 1 5 2 3 4 4 2 1 2 0 0 2 0 1 1 0 1 0 2 0 0 0 1 2 2 0 3 0 0 1041.869998112321 1752.6999934017658 406.8699959218502 0 642.6199989169836 1345.8299974799156 1071.879995688796 273.9500017911196 75.36000049114227 567.2599984258413 238.80999702215195 442.01000069081783 917.0699958652258 474.60999968647957 238.80999702215195 168.05999889969826 273.9500017911196 0 0 199.42999643087387 0 139.4400007724762 134.51000101864338 0 154.80999982357025 0 380.969997048378 0 0 0 168.05999889969826 536.0999988168478 238.80999702215195 0 367.83000199496746 0 0 513.4699953794479 2063.429997071624 2869.929992005229 2.0000002905726433 -8.569999974220991 3.810000155121088 2.1900003515183926 -9.549999959766865 5.07000020518899
276 1 0 0 0 0 0 0 0 0 0 0 0 0 1 0 0 0 0 0 0 0 0 0 0 0 0 0 0 0 0 0 0 0 0 0 0 0 129.93000081181526 0 0 0 0 0 0 0 0 0 0 0 0 129.93000081181526 0 0 0 0 0 0 0 0 0 0 0 0 0 0 0 0 0 0 0 0 0 0 0 23.900000125169754 93.58000087738037 129.93000081181526 1.862645149230957e-8 -0.26999999210238457 0.18000000715255737 -0.019999980926513672 -0.28999999165534973 0.18000000715255737 276 2 3 2 0 1 1 1 0 0 1 1 1 1 1 1 1 0 0 0 0 0 0 0 0 0 0 0 0 0 0 1 1 1 0 1 0 0 264.76999950408936 532.209998011589 288.4699964225292 0 134.8399986922741 243.74000158905983 243.74000158905983 0 0 134.8399986922741 120.40999752283096 168.05999889969826 243.74000158905983 129.93000081181526 120.40999752283096 168.05999889969826 0 0 0 0 0 0 0 0 0 0 0 0 0 0 168.05999889969826 243.74000158905983 120.40999752283096 0 134.8399986922741 0 0 112.81999929249287 629.2799992412329 796.9799975156784 1.0000000521540642 -1.86999998614192 1.1800000108778477 1.730000052601099 -1.229999989271164 1.2700000144541264 276 3 4 2 0 2 2 1 1 0 2 1 2 1 1 1 1 1 0 0 0 0 1 0 0 0 0 0 0 0 0 1 1 1 0 2 0 0 404.1500027179718 671.6499987840652 288.4699964225292 0 274.22000190615654 383.180002361536 243.74000158905983 139.4400007724762 0 274.22000190615654 120.40999752283096 307.49999967217445 243.74000158905983 129.93000081181526 120.40999752283096 168.05999889969826 139.4400007724762 0 0 0 0 139.4400007724762 0 0 0 0 0 0 0 0 168.05999889969826 243.74000158905983 120.40999752283096 0 274.22000190615654 0 0 163.95000012218952 824.8300020545721 1075.800001502037 9.685754776000977e-8 -2.669999983161688 0.18000004068017006 0.6800001002848148 -2.169999986886978 0.36000004783272743 276 6 5 2 0 4 3 2 1 0 4 1 2 2 2 1 1 1 0 0 2 0 1 0 0 0 0 1 0 0 0 1 1 1 0 2 0 0 722.4399988055229 854.9299975037575 288.4699964225292 0 473.6499983370304 566.4600010812283 427.02000030875206 139.4400007724762 0 473.6499983370304 120.40999752283096 307.49999967217445 427.02000030875206 248.7900004684925 120.40999752283096 168.05999889969826 139.4400007724762 0 0 199.42999643087387 0 139.4400007724762 0 0 0 0 183.27999871969223 0 0 0 168.05999889969826 243.74000158905983 120.40999752283096 0 274.22000190615654 0 0 257.9699977785349 1174.0199997872114 1577.3699963092804 1.0000001601874828 -4.139999970793724 1.3600000701844692 1.3700001873075962 -4.309999965131283 1.9000000916421413 276 7 8 3 0 4 5 3 2 0 4 2 3 3 3 2 1 2 0 0 2 0 1 1 0 0 0 2 0 0 0 1 1 2 0 2 0 0 840.8099992573261 1305.5299963504076 406.8699959218502 0 473.6499983370304 898.6600004285574 624.7099986374378 273.9500017911196 0 473.6499983370304 238.80999702215195 442.01000069081783 624.7099986374378 367.1600009202957 238.80999702215195 168.05999889969826 273.9500017911196 0 0 199.42999643087387 0 139.4400007724762 134.51000101864338 0 0 0 380.969997048378 0 0 0 168.05999889969826 243.74000158905983 238.80999702215195 0 274.22000190615654 0 0 346.6099963337183 1591.5299998819828 2146.3399956077337 1.0000002421438694 -5.60999995842576 1.5400001183152199 1.1500002965331078 -6.4499999433755875 2.5300001576542854 276 12 13 4 0 9 9 6 3 2 7 2 5 5 5 2 2 3 0 0 2 0 1 2 0 1 0 2 0 0 0 2 3 2 0 5 0 0 1313.4699946194887 2190.719995945692 556.8399984538555 0 933.3499982208014 1633.8799974918365 1294.6199956387281 339.2600018531084 150.6800019145012 782.6699963063002 238.80999702215195 657.290003284812 1139.809995815158 530.7999983131886 238.80999702215195 318.03000143170357 339.2600018531084 0 0 199.42999643087387 0 139.4400007724762 199.8200010806322 0 154.80999982357025 0 380.969997048378 0 0 0 318.03000143170357 758.8399987667799 238.80999702215195 0 583.2399998754263 0 0 637.6499986499548 2644.859995290637 3654.869992479682 2.0000004023313522 -11.329999957233667 4.080000210553408 1.750000488013029 -12.889999933540821 5.880000282078981
277 0 1 0 0 0 1 1 0 0 0 0 0 1 0 0 0 0 0 0 0 0 0 0 0 0 0 0 0 0 0 0 1 0 0 0 0 0 0 243.74000158905983 0 0 0 243.74000158905983 243.74000158905983 0 0 0 0 0 243.74000158905983 0 0 0 0 0 0 0 0 0 0 0 0 0 0 0 0 0 0 243.74000158905983 0 0 0 0 0 27.220000460743904 204.21000142395496 243.74000158905983 1.0000000223517418 -0.3999999985098839 1.0000000149011612 0.9300000220537186 -0.4699999988079071 1.0000000149011612 277 2 3 1 0 1 2 1 1 0 1 0 2 1 1 0 1 1 0 0 0 0 1 0 0 0 0 0 0 0 0 1 1 0 0 1 0 0 264.76999950408936 551.2400012612343 168.05999889969826 0 134.8399986922741 383.180002361536 243.74000158905983 139.4400007724762 0 134.8399986922741 0 307.49999967217445 243.74000158905983 129.93000081181526 0 168.05999889969826 139.4400007724762 0 0 0 0 139.4400007724762 0 0 0 0 0 0 0 0 168.05999889969826 243.74000158905983 0 0 134.8399986922741 0 0 115.89000000059605 646.400001630187 816.0100007653236 9.313225746154785e-8 -1.86999998614192 0.18000005185604095 0.7300000935792923 -1.229999989271164 0.27000005543231964 277 3 4 2 0 2 2 1 1 0 2 1 2 1 1 1 1 1 0 0 1 0 1 0 0 0 0 0 0 0 0 1 1 1 0 1 0 0 369.14999783039093 671.6499987840652 288.4699964225292 0 239.21999701857567 383.180002361536 243.74000158905983 139.4400007724762 0 239.21999701857567 120.40999752283096 307.49999967217445 243.74000158905983 129.93000081181526 120.40999752283096 168.05999889969826 139.4400007724762 0 0 104.37999832630157 0 139.4400007724762 0 0 0 0 0 0 0 0 168.05999889969826 243.74000158905983 120.40999752283096 0 134.8399986922741 0 0 171.569998934865 783.9399993270636 1040.7999966144562 9.685754776000977e-8 -2.669999983161688 0.18000004068017006 0.5900000967085361 -2.169999986886978 0.27000004425644875 277 6 6 2 0 3 4 3 1 0 3 1 2 3 3 1 1 1 0 0 1 0 1 0 0 0 0 1 0 0 0 1 2 1 0 2 0 0 745.7600011527538 1147.2899947315454 288.4699964225292 0 378.6000002324581 858.8199983090162 719.37999753654 139.4400007724762 0 378.6000002324581 120.40999752283096 307.49999967217445 719.37999753654 367.1600009202957 120.40999752283096 168.05999889969826 139.4400007724762 0 0 104.37999832630157 0 139.4400007724762 0 0 0 0 183.27999871969223 0 0 0 168.05999889969826 536.0999988168478 120.40999752283096 0 274.22000190615654 0 0 328.5599980801344 1419.9799987077713 1893.0499958842993 1.0000001639127731 -5.409999992698431 2.540000092238188 1.5300001986324787 -5.599999986588955 3.2600001208484173 277 8 11 4 1 5 7 5 2 1 4 2 4 5 3 2 2 2 0 1 2 0 1 1 1 0 0 2 0 0 0 2 3 1 1 2 0 0 1019.219999358058 1982.4199951589108 568.6599975526333 178.41000010073185 548.9699997603893 1413.7599976062775 1139.809995815158 273.9500017911196 75.32000142335892 473.6499983370304 250.62999612092972 591.9800032228231 1139.809995815158 367.1600009202957 250.62999612092972 318.03000143170357 273.9500017911196 0 178.41000010073185 199.42999643087387 0 139.4400007724762 134.51000101864338 178.41000010073185 0 0 380.969997048378 0 0 0 318.03000143170357 758.8399987667799 120.40999752283096 130.21999859809875 274.22000190615654 0 0 539.9300004541874 2241.6799978911877 3076.9599959403276 2.0000002793967724 -8.69999998062849 3.6300001479685307 2.520000360906124 -9.749999966472387 5.200000215321779 277 11 14 6 1 9 8 6 2 3 6 3 5 6 4 3 3 2 0 1 2 0 1 1 1 0 0 2 0 0 0 3 4 2 1 4 0 0 1358.0299967676401 2476.459994778037 852.2099970281124 178.41000010073185 914.6599980443716 1624.2499977499247 1350.299995958805 273.9500017911196 216.71000081300735 697.9499972313643 369.0299956202507 757.1300031989813 1350.299995958805 481.669999435544 369.0299956202507 483.1800014078617 273.9500017911196 0 178.41000010073185 199.42999643087387 0 139.4400007724762 134.51000101864338 178.41000010073185 0 0 380.969997048378 0 0 0 483.1800014078617 969.3299989104271 238.80999702215195 130.21999859809875 498.5200008004904 0 0 732.2099985480309 2874.8299950808287 4051.1999923586845 3.000000361353159 -11.949999962002039 4.990000165998936 3.0500004701316357 -13.80999993905425 6.990000255405903
278 1 0 0 0 1 0 0 0 0 1 0 0 0 0 0 0 0 0 0 0 0 0 0 0 0 0 0 0 0 0 0 0 0 0 1 0 0 134.8399986922741 0 0 0 134.8399986922741 0 0 0 0 134.8399986922741 0 0 0 0 0 0 0 0 0 0 0 0 0 0 0 0 0 0 0 0 0 0 0 0 134.8399986922741 0 0 6.8299998342990875 122.0699987411499 134.8399986922741 7.450580596923828e-9 -0.3999999985098839 0.0 0.49000000953674316 0.0 0.09000000357627869 278 3 2 0 0 2 2 1 1 0 2 0 1 1 1 0 0 1 0 0 1 0 1 0 0 0 0 0 0 0 0 0 1 0 0 1 0 0 369.14999783039093 383.180002361536 0 0 239.21999701857567 383.180002361536 243.74000158905983 139.4400007724762 0 239.21999701857567 0 139.4400007724762 243.74000158905983 129.93000081181526 0 0 139.4400007724762 0 0 104.37999832630157 0 139.4400007724762 0 0 0 0 0 0 0 0 0 243.74000158905983 0 0 134.8399986922741 0 0 116.70000006258488 574.5200011283159 752.330000191927 9.313225746154785e-8 -1.86999998614192 0.18000005185604095 0.2600000947713852 -1.699999988079071 0.27000005543231964 278 3 4 1 0 2 3 2 1 0 2 0 2 2 1 0 1 1 0 0 1 0 1 0 0 0 0 1 0 0 0 1 1 0 0 1 0 0 369.14999783039093 734.5199999809265 168.05999889969826 0 239.21999701857567 566.4600010812283 427.02000030875206 139.4400007724762 0 239.21999701857567 0 307.49999967217445 427.02000030875206 129.93000081181526 0 168.05999889969826 139.4400007724762 0 0 104.37999832630157 0 139.4400007724762 0 0 0 0 183.27999871969223 0 0 0 168.05999889969826 243.74000158905983 0 0 134.8399986922741 0 0 165.8199983984232 849.9499999731779 1103.6699978113174 1.0000001303851604 -2.669999983161688 1.1800000742077827 1.51000015437603 -2.6099999770522118 1.6300000920891762 278 5 6 2 0 3 4 2 2 0 3 1 3 2 2 1 1 2 0 0 1 0 1 1 0 0 0 1 0 0 0 1 1 1 0 2 0 0 626.9000014960766 989.4399985224009 288.4699964225292 0 378.6000002324581 700.9700020998716 427.02000030875206 273.9500017911196 0 378.6000002324581 120.40999752283096 442.01000069081783 427.02000030875206 248.30000126361847 120.40999752283096 168.05999889969826 273.9500017911196 0 0 104.37999832630157 0 139.4400007724762 134.51000101864338 0 0 0 183.27999871969223 0 0 0 168.05999889969826 243.74000158905983 120.40999752283096 0 274.22000190615654 0 0 251.80999843776226 1219.4400016069412 1616.3400000184774 1.8998980522155762e-7 -4.139999970793724 0.3600000999867916 -0.049999769777059555 -4.81999995559454 0.9900001250207424 278 8 11 5 0 6 6 4 2 1 5 2 5 4 3 2 3 2 0 0 2 0 1 1 0 0 0 1 0 0 0 3 3 2 0 3 0 0 971.499998062849 1938.0599977076054 721.9899984300137 0 679.6599985659122 1216.0699992775917 942.1199974864721 273.9500017911196 75.32000142335892 604.3399971425533 238.80999702215195 757.1300031989813 942.1199974864721 367.1600009202957 238.80999702215195 483.1800014078617 273.9500017911196 0 0 199.42999643087387 0 139.4400007724762 134.51000101864338 0 0 0 183.27999871969223 0 0 0 483.1800014078617 758.8399987667799 238.80999702215195 0 404.91000071167946 0 0 522.1199997067451 2172.3200001120567 2984.8799971938133 1.000000260770321 -8.69999998062849 2.630000129342079 1.6800003461539745 -9.81999996677041 4.430000200867653 278 12 16 7 1 9 9 6 3 2 7 4 6 6 4 4 3 3 0 1 2 0 2 1 1 0 0 2 0 0 0 3 4 3 1 5 0 0 1499.6199958920479 2681.959994763136 970.0199985951185 178.41000010073185 990.2199982702732 1711.9399961680174 1350.299995958805 361.6400002092123 150.6800019145012 839.539996355772 486.8399971872568 844.820001617074 1350.299995958805 481.669999435544 486.8399971872568 483.1800014078617 361.6400002092123 0 178.41000010073185 199.42999643087387 0 227.12999919056892 134.51000101864338 178.41000010073185 0 0 380.969997048378 0 0 0 483.1800014078617 969.3299989104271 356.61999858915806 130.21999859809875 640.1099999248981 0 0 713.8700000941753 3156.2699939459562 4332.259992569685 2.0000003911554813 -12.659999959170818 3.9000001810491085 1.5100005082786083 -14.839999929070473 5.900000270456076
279 0 1 0 0 0 1 0 1 0 0 0 1 0 0 0 0 1 0 0 0 0 1 0 0 0 0 0 0 0 0 0 0 0 0 0 0 0 0 139.4400007724762 0 0 0 139.4400007724762 0 139.4400007724762 0 0 0 139.4400007724762 0 0 0 0 139.4400007724762 0 0 0 0 139.4400007724762 0 0 0 0 0 0 0 0 0 0 0 0 0 0 0 31.0600004196167 94.77000069618225 139.4400007724762 -0.999999962747097 -0.3999999985098839 -0.9999999701976776 -1.0699999630451202 -0.4699999988079071 -0.9999999701976776 279 2 3 0 0 2 3 2 1 0 2 0 1 2 0 0 0 1 0 0 1 0 1 0 0 0 0 1 0 0 0 0 1 0 0 1 0 0 239.21999701857567 566.4600010812283 0 0 239.21999701857567 566.4600010812283 427.02000030875206 139.4400007724762 0 239.21999701857567 0 139.4400007724762 427.02000030875206 0 0 0 139.4400007724762 0 0 104.37999832630157 0 139.4400007724762 0 0 0 0 183.27999871969223 0 0 0 0 243.74000158905983 0 0 134.8399986922741 0 0 115.03999911248684 624.599999204278 805.6799980998039 1.0000001043081284 -1.9999999925494194 1.0000000670552254 1.1300001293420792 -2.319999985396862 1.4500000849366188 279 4 3 0 0 2 3 2 1 0 2 0 1 2 2 0 0 1 0 0 1 0 1 0 0 0 0 1 0 0 0 0 1 0 0 1 0 0 487.51999828219414 566.4600010812283 0 0 239.21999701857567 566.4600010812283 427.02000030875206 139.4400007724762 0 239.21999701857567 0 139.4400007724762 427.02000030875206 248.30000126361847 0 0 139.4400007724762 0 0 104.37999832630157 0 139.4400007724762 0 0 0 0 183.27999871969223 0 0 0 0 243.74000158905983 0 0 134.8399986922741 0 0 163.94999919831753 809.3700004965067 1053.9799993634224 1.0000001415610313 -2.5399999767541885 1.3600000813603401 1.0900001674890518 -2.8999999687075615 1.8100000992417336 279 5 8 2 0 3 6 4 2 0 3 1 3 4 2 1 1 2 0 0 1 0 1 1 0 0 0 1 0 0 0 1 3 1 0 2 0 0 618.209997087717 1504.539995700121 288.4699964225292 0 369.9099958240986 1216.0699992775917 942.1199974864721 273.9500017911196 0 369.9099958240986 120.40999752283096 442.01000069081783 942.1199974864721 248.30000126361847 120.40999752283096 168.05999889969826 273.9500017911196 0 0 104.37999832630157 0 139.4400007724762 134.51000101864338 0 0 0 183.27999871969223 0 0 0 168.05999889969826 758.8399987667799 120.40999752283096 0 265.529997497797 0 0 344.959998190403 1601.1299964785576 2122.749992787838 1.0000002048909664 -5.939999997615814 2.360000129789114 1.2400002591311932 -6.689999982714653 3.3500001691281796 279 7 11 5 1 5 6 4 2 1 4 2 5 4 2 2 3 2 0 1 1 0 1 1 1 0 0 1 0 0 0 3 3 1 1 3 0 0 936.0000004023314 1949.8799968063831 733.8099975287914 178.41000010073185 584.61000046134 1216.0699992775917 942.1199974864721 273.9500017911196 75.32000142335892 509.28999903798103 250.62999612092972 757.1300031989813 942.1199974864721 248.30000126361847 250.62999612092972 483.1800014078617 273.9500017911196 0 178.41000010073185 104.37999832630157 0 139.4400007724762 134.51000101864338 178.41000010073185 0 0 183.27999871969223 0 0 0 483.1800014078617 758.8399987667799 120.40999752283096 130.21999859809875 404.91000071167946 0 0 513.7400014400482 2167.1599993109703 2961.1999986320734 1.000000238418579 -8.429999988526106 2.4500001184642315 1.5600003227591515 -9.52999997511506 4.110000189393759 279 12 15 8 1 10 7 5 2 3 7 4 6 5 4 4 4 2 0 1 2 0 1 1 1 0 0 1 0 0 0 4 4 3 1 5 0 0 1499.6199958920479 2580.7099964022636 1154.1499969810247 178.41000010073185 1056.2499971687794 1426.559999421239 1152.6099976301193 273.9500017911196 216.71000081300735 839.539996355772 486.8399971872568 941.2600015848875 1152.6099976301193 481.669999435544 486.8399971872568 667.3099997937679 273.9500017911196 0 178.41000010073185 199.42999643087387 0 139.4400007724762 134.51000101864338 178.41000010073185 0 0 183.27999871969223 0 0 0 667.3099997937679 969.3299989104271 356.61999858915806 130.21999859809875 640.1099999248981 0 0 748.9699993431568 3086.8199951201677 4297.039993107319 2.0000003427267075 -12.749999959021807 3.990000132471323 1.1500004455447197 -14.929999928921461 5.630000207573175
280 1 0 0 0 1 0 0 0 0 1 0 0 0 0 0 0 0 0 0 1 0 0 0 0 0 0 0 0 0 0 0 0 0 0 0 0 0 104.37999832630157 0 0 0 104.37999832630157 0 0 0 0 104.37999832630157 0 0 0 0 0 0 0 0 0 104.37999832630157 0 0 0 0 0 0 0 0 0 0 0 0 0 0 0 0 0 27.689999222755432 59.88999938964844 104.37999832630157 7.450580596923828e-9 -0.3999999985098839 0.0 -0.06999999284744263 -0.4699999988079071 0.0 280 3 2 0 0 2 2 1 1 0 2 0 1 1 1 0 0 1 0 0 1 0 1 0 0 0 0 1 0 0 0 0 0 0 0 1 0 0 357.5899974703789 322.7199994921684 0 0 239.21999701857567 322.7199994921684 183.27999871969223 139.4400007724762 0 239.21999701857567 0 139.4400007724762 183.27999871969223 118.37000045180321 0 0 139.4400007724762 0 0 104.37999832630157 0 139.4400007724762 0 0 0 0 183.27999871969223 0 0 0 0 0 0 0 134.8399986922741 0 0 112.82999861240387 511.57999819517136 680.3099969625473 1.0058283805847168e-7 -1.86999998614192 0.18000005930662155 0.18000012636184692 -2.1399999782443047 0.630000077188015 280 4 4 0 0 3 4 2 2 0 3 0 2 2 1 0 0 2 0 0 1 0 1 1 0 0 0 1 0 0 0 0 1 0 0 2 0 0 488.2799962759018 700.9700020998716 0 0 369.9099958240986 700.9700020998716 427.02000030875206 273.9500017911196 0 369.9099958240986 0 273.9500017911196 427.02000030875206 118.37000045180321 0 0 273.9500017911196 0 0 104.37999832630157 0 139.4400007724762 134.51000101864338 0 0 0 183.27999871969223 0 0 0 0 243.74000158905983 0 0 265.529997497797 0 0 175.67999877035618 908.5799997746944 1189.2499983757734 1.6763806343078613e-7 -3.0699999816715717 0.18000010401010513 -0.35999979078769684 -4.059999965131283 0.8100001290440559 280 5 7 2 0 3 5 3 2 0 3 0 4 3 2 0 2 2 0 0 1 0 1 1 0 0 0 1 0 0 0 2 2 0 0 2 0 0 618.209997087717 1326.539998203516 333.2099988758564 0 369.9099958240986 993.3299993276596 719.37999753654 273.9500017911196 0 369.9099958240986 0 607.160000666976 719.37999753654 248.30000126361847 0 333.2099988758564 273.9500017911196 0 0 104.37999832630157 0 139.4400007724762 134.51000101864338 0 0 0 183.27999871969223 0 0 0 333.2099988758564 536.0999988168478 0 0 265.529997497797 0 0 317.2699978798628 1463.419998601079 1944.749995291233 1.9371509552001953e-7 -5.53999999910593 1.3600001260638237 0.42000025510787964 -6.289999984204769 2.5300001725554466 280 6 12 6 1 4 6 4 2 1 3 3 5 4 2 3 3 2 0 1 1 0 1 1 1 0 0 1 0 0 0 3 3 2 1 2 0 0 796.6199971884489 2067.6899983733892 851.6199990957975 178.41000010073185 445.2299972474575 1216.0699992775917 942.1199974864721 273.9500017911196 75.32000142335892 369.9099958240986 368.43999768793583 757.1300031989813 942.1199974864721 248.30000126361847 368.43999768793583 483.1800014078617 273.9500017911196 0 178.41000010073185 104.37999832630157 0 139.4400007724762 134.51000101864338 178.41000010073185 0 0 183.27999871969223 0 0 0 483.1800014078617 758.8399987667799 238.21999908983707 130.21999859809875 265.529997497797 0 0 509.6100015193224 2148.7099983096123 2939.629996985197 1.0000002272427082 -8.429999988526106 2.4500001072883606 1.4700003080070019 -9.52999997511506 4.020000174641609 280 11 16 8 1 7 8 5 3 2 5 4 7 5 5 4 4 3 0 1 1 0 1 2 1 0 0 1 0 0 0 4 4 3 1 4 0 0 1431.0599985718727 2716.4499969631433 1154.1499969810247 178.41000010073185 801.1199994981289 1562.2999999821186 1152.6099976301193 409.6900023519993 141.35000032186508 659.7699991762638 486.8399971872568 1077.0000021457672 1152.6099976301193 592.879999294877 486.8399971872568 667.3099997937679 409.6900023519993 0 178.41000010073185 104.37999832630157 0 139.4400007724762 270.2500015795231 178.41000010073185 0 0 183.27999871969223 0 0 0 667.3099997937679 969.3299989104271 356.61999858915806 130.21999859809875 555.3900008499622 0 0 742.9699991047382 3117.6599978506565 4288.859995856881 1.0000003725290298 -12.129999954253435 3.080000165849924 0.11000047996640205 -14.659999921917915 4.7200002409517765
281 0 1 0 0 0 1 1 0 0 0 0 0 1 0 0 0 0 0 0 0 0 0 0 0 0 0 1 0 0 0 0 0 0 0 0 0 0 0 183.27999871969223 0 0 0 183.27999871969223 183.27999871969223 0 0 0 0 0 183.27999871969223 0 0 0 0 0 0 0 0 0 0 0 0 0 183.27999871969223 0 0 0 0 0 0 0 0 0 0 22.239999175071716 143.65999895334244 183.27999871969223 1.0000000298023224 -0.3999999985098839 1.0000000223517418 0.8500000536441803 -0.9099999889731407 1.3600000366568565 281 2 3 0 0 1 3 1 2 0 1 0 2 1 1 0 0 2 0 0 1 0 1 1 0 0 0 1 0 0 0 0 0 0 0 0 0 0 222.74999877810478 457.2300005108118 0 0 104.37999832630157 457.2300005108118 183.27999871969223 273.9500017911196 0 104.37999832630157 0 273.9500017911196 183.27999871969223 118.37000045180321 0 0 273.9500017911196 0 0 104.37999832630157 0 139.4400007724762 134.51000101864338 0 0 0 183.27999871969223 0 0 0 0 0 0 0 0 0 0 118.91999873518944 489.38000024855137 679.9799992889166 -0.9999998696148396 -1.86999998614192 -0.8199999108910561 -1.7999998331069946 -3.1199999675154686 -0.36999989300966263 281 4 5 2 0 3 3 1 2 0 3 1 3 1 1 1 1 2 0 0 1 0 1 1 0 0 0 1 0 0 0 1 0 1 0 2 0 0 488.2799962759018 740.1900020539761 282.96000154316425 0 369.9099958240986 457.2300005108118 183.27999871969223 273.9500017911196 0 369.9099958240986 117.81000156700611 439.1000017672777 183.27999871969223 118.37000045180321 117.81000156700611 165.14999997615814 273.9500017911196 0 0 104.37999832630157 0 139.4400007724762 134.51000101864338 0 0 0 183.27999871969223 0 0 0 165.14999997615814 0 117.81000156700611 0 265.529997497797 0 0 190.00999857485294 909.449999704957 1228.4699983298779 -0.9999998509883881 -3.4699999801814556 -0.819999922066927 -1.0699997954070568 -4.52999996393919 0.1700001172721386 281 5 8 3 0 3 5 3 2 0 3 1 4 3 2 1 2 2 0 0 1 0 1 1 0 0 0 1 0 0 0 2 2 1 0 2 0 0 618.209997087717 1460.41999925673 467.0899999290705 0 369.9099958240986 993.3299993276596 719.37999753654 273.9500017911196 0 369.9099958240986 117.81000156700611 623.2300001531839 719.37999753654 248.30000126361847 117.81000156700611 349.27999836206436 273.9500017911196 0 0 104.37999832630157 0 139.4400007724762 134.51000101864338 0 0 0 183.27999871969223 0 0 0 349.27999836206436 536.0999988168478 117.81000156700611 0 265.529997497797 0 0 334.51999866962433 1556.0299984067678 2078.629996344447 1.8998980522155762e-7 -5.939999997615814 1.3600001148879528 -0.11999974772334099 -7.229999981820583 2.5300001613795757 281 10 15 7 0 5 8 5 3 1 4 3 8 5 5 3 4 3 1 0 1 0 1 2 0 0 0 2 0 1 0 4 3 2 1 3 0 0 1291.3899944722652 2556.649997919798 1033.7399994581938 0 595.7099973857403 1522.9099984616041 1090.5899980664253 432.3200003951788 75.32000142335892 520.3899959623814 366.42999966442585 1257.010000050068 1090.5899980664253 613.6199986487627 366.42999966442585 667.3099997937679 432.3200003951788 157.37999986112118 0 104.37999832630157 0 139.4400007724762 292.8799996227026 0 0 0 331.7499992996454 0 157.37999986112118 0 667.3099997937679 758.8399987667799 236.2100010663271 130.21999859809875 416.0099976360798 0 0 592.2500014305115 2959.929993927479 3923.359993815422 1.0000003799796104 -10.839999958872795 2.990000195801258 -0.01999945566058159 -14.359999898821115 5.4900003001093864 281 17 23 10 1 10 13 8 5 3 7 5 12 8 7 5 5 5 2 1 1 0 2 3 1 0 0 3 0 2 1 4 5 4 1 6 0 0 2169.7799957990646 3648.5199951976538 1350.7699964046478 178.41000010073185 1112.5199997127056 2297.749998793006 1641.9999994188547 655.7499993741512 216.71000081300735 895.8099988996983 597.7499967962503 1799.1699982136488 1641.9999994188547 705.1599975675344 597.7499967962503 753.0199996083975 655.7499993741512 390.3999992311001 178.41000010073185 104.37999832630157 0 227.12999919056892 428.6200001835823 178.41000010073185 0 0 439.17000064253807 0 390.3999992311001 85.70999981462955 667.3099997937679 1202.8299987763166 467.5299981981516 130.21999859809875 791.4300005733967 0 0 918.349999114871 4457.669994160533 6035.009991809726 3.0000006556510925 -17.249999940395355 4.530000321567059 0.22000082954764366 -21.36999985948205 6.580000422894955
282 1 0 0 0 0 0 0 0 0 0 0 0 0 1 0 0 0 0 0 0 0 0 0 0 0 0 0 0 0 0 0 0 0 0 0 0 0 118.37000045180321 0 0 0 0 0 0 0 0 0 0 0 0 118.37000045180321 0 0 0 0 0 0 0 0 0 0 0 0 0 0 0 0 0 0 0 0 0 0 0 25.009999960660934 91.19000041484833 118.37000045180321 1.862645149230957e-8 -0.26999999210238457 0.18000000715255737 -0.019999980926513672 -0.28999999165534973 0.18000000715255737 282 3 2 0 0 2 2 1 1 0 2 0 1 1 1 0 0 1 0 0 1 0 0 1 0 0 0 1 0 0 0 0 0 0 0 1 0 0 353.4399975836277 317.7899997383356 0 0 235.0699971318245 317.7899997383356 183.27999871969223 134.51000101864338 0 235.0699971318245 0 134.51000101864338 183.27999871969223 118.37000045180321 0 0 134.51000101864338 0 0 104.37999832630157 0 0 134.51000101864338 0 0 0 183.27999871969223 0 0 0 0 0 0 0 130.68999880552292 0 0 110.56999805569649 487.5299989134073 671.2299973219633 1.0058283805847168e-7 -1.86999998614192 0.18000005930662155 -0.7099998593330383 -3.1199999675154686 0.7200000807642937 282 3 4 1 0 2 3 1 2 0 2 0 3 1 1 0 1 2 0 0 1 0 1 1 0 0 0 1 0 0 0 1 0 0 0 1 0 0 353.4399975836277 622.38000048697 165.14999997615814 0 235.0699971318245 457.2300005108118 183.27999871969223 273.9500017911196 0 235.0699971318245 0 439.1000017672777 183.27999871969223 118.37000045180321 0 165.14999997615814 273.9500017911196 0 0 104.37999832630157 0 139.4400007724762 134.51000101864338 0 0 0 183.27999871969223 0 0 0 165.14999997615814 0 0 0 130.68999880552292 0 0 167.23999825119972 705.0499998480082 975.8199980705976 -0.9999998547136784 -2.669999983161688 -0.8199999108910561 -1.4899998009204865 -4.059999965131283 0.0800001248717308 282 4 9 3 0 3 6 4 2 0 3 1 4 4 1 1 2 2 0 0 1 0 1 1 0 0 0 1 0 0 0 2 3 1 0 2 0 0 488.2799962759018 1683.1599992066622 467.0899999290705 0 369.9099958240986 1216.0699992775917 942.1199974864721 273.9500017911196 0 369.9099958240986 117.81000156700611 623.2300001531839 942.1199974864721 118.37000045180321 117.81000156700611 349.27999836206436 273.9500017911196 0 0 104.37999832630157 0 139.4400007724762 134.51000101864338 0 0 0 183.27999871969223 0 0 0 349.27999836206436 758.8399987667799 117.81000156700611 0 265.529997497797 0 0 335.9299989193678 1645.2599973380566 2171.439995482564 1.0000001937150955 -6.0700000040233135 2.1800001226365566 1.0800002627074718 -7.3399999886751175 3.530000176280737 282 9 11 5 1 5 6 4 2 1 4 2 5 4 4 2 3 2 0 1 1 0 1 1 1 0 0 1 0 0 0 3 3 1 1 3 0 0 1197.9099961966276 1963.3500003367662 747.2800010591745 178.41000010073185 595.7099973857403 1216.0699992775917 942.1199974864721 273.9500017911196 75.32000142335892 520.3899959623814 248.03000016510487 773.2000026851892 942.1199974864721 499.1100001335144 248.03000016510487 499.2500008940697 273.9500017911196 0 178.41000010073185 104.37999832630157 0 139.4400007724762 134.51000101864338 178.41000010073185 0 0 183.27999871969223 0 0 0 499.2500008940697 758.8399987667799 117.81000156700611 130.21999859809875 416.0099976360798 0 0 526.3100022226572 2404.7999972999096 3236.579997956753 1.000000275671482 -8.969999972730875 2.8100001327693462 0.03000038117170334 -11.599999938160181 4.4700002036988735 282 13 18 8 1 6 10 6 4 2 4 4 11 6 5 4 4 4 3 1 1 0 1 3 1 0 0 1 0 3 0 4 5 3 1 3 0 0 1869.8699935227633 3108.319995433092 1154.1499969810247 178.41000010073185 661.7399962842464 1954.1699984520674 1386.1099974960089 568.0600009560585 141.35000032186508 520.3899959623814 486.8399971872568 1792.8199995607138 1386.1099974960089 613.6199986487627 486.8399971872568 667.3099997937679 568.0600009560585 557.4499988108873 178.41000010073185 104.37999832630157 0 139.4400007724762 428.6200001835823 178.41000010073185 0 0 183.27999871969223 0 557.4499988108873 0 667.3099997937679 1202.8299987763166 356.61999858915806 130.21999859809875 416.0099976360798 0 0 807.9199980050325 3776.5499947220087 5119.53998927772 2.0000005066394806 -13.419999968260527 3.0800002552568913 1.0900006480515003 -16.379999913275242 5.130000341683626
283 0 1 0 0 0 1 0 1 0 0 0 1 0 0 0 0 1 0 0 0 0 0 1 0 0 0 0 0 0 0 0 0 0 0 0 0 0 0 134.51000101864338 0 0 0 134.51000101864338 0 134.51000101864338 0 0 0 134.51000101864338 0 0 0 0 134.51000101864338 0 0 0 0 0 134.51000101864338 0 0 0 0 0 0 0 0 0 0 0 0 0 0 12.919999957084656 99.87000079452991 134.51000101864338 -0.999999962747097 -0.3999999985098839 -0.9999999701976776 -1.4899999499320984 -0.9799999892711639 -0.9099999666213989 283 2 3 1 0 1 2 1 1 0 1 0 2 1 1 0 1 1 0 0 0 0 0 1 0 0 0 1 0 0 0 1 0 0 0 1 0 0 249.05999925732613 482.93999971449375 165.14999997615814 0 130.68999880552292 317.7899997383356 183.27999871969223 134.51000101864338 0 130.68999880552292 0 299.6600009948015 183.27999871969223 118.37000045180321 0 165.14999997615814 134.51000101864338 0 0 0 0 0 134.51000101864338 0 0 0 183.27999871969223 0 0 0 165.14999997615814 0 0 0 130.68999880552292 0 0 108.48999860882759 550.3899997621775 731.9999989718199 1.0058283805847168e-7 -1.86999998614192 0.18000005930662155 -0.3499998450279236 -3.1199999675154686 1.0800000950694084 283 3 4 2 0 2 2 1 1 0 2 1 2 1 1 1 1 1 0 0 1 0 0 1 0 0 0 1 0 0 0 1 0 1 0 1 0 0 353.4399975836277 600.7500012814999 282.96000154316425 0 235.0699971318245 317.7899997383356 183.27999871969223 134.51000101864338 0 235.0699971318245 117.81000156700611 299.6600009948015 183.27999871969223 118.37000045180321 117.81000156700611 165.14999997615814 134.51000101864338 0 0 104.37999832630157 0 0 134.51000101864338 0 0 0 183.27999871969223 0 0 0 165.14999997615814 0 117.81000156700611 0 130.68999880552292 0 0 152.11999832093716 692.6100002676249 954.1899988651276 1.043081283569336e-7 -2.669999983161688 0.18000004813075066 -0.48999984189867973 -4.059999965131283 1.0800000838935375 283 5 6 3 0 3 3 1 2 0 3 1 4 1 2 1 2 2 0 0 1 0 1 1 0 0 0 1 0 0 0 2 0 1 0 2 0 0 599.4899961352348 924.3200004398823 467.0899999290705 0 369.9099958240986 457.2300005108118 183.27999871969223 273.9500017911196 0 369.9099958240986 117.81000156700611 623.2300001531839 183.27999871969223 229.58000031113625 117.81000156700611 349.27999836206436 273.9500017911196 0 0 104.37999832630157 0 139.4400007724762 134.51000101864338 0 0 0 183.27999871969223 0 0 0 349.27999836206436 0 117.81000156700611 0 265.529997497797 0 0 234.9299978762865 1138.309998229146 1523.809996575117 -0.999999824911356 -4.139999970793724 -0.6399999149143696 -1.159999769181013 -5.289999954402447 0.35000012442469597 283 8 11 4 0 4 7 5 2 0 4 1 5 5 4 1 3 2 0 0 1 0 1 1 0 0 0 1 0 0 0 3 4 1 0 3 0 0 1019.4999960958958 2066.630001604557 617.0600024610758 0 520.3899959623814 1449.5699991434813 1175.6199973523617 273.9500017911196 0 520.3899959623814 117.81000156700611 773.2000026851892 1175.6199973523617 499.1100001335144 117.81000156700611 499.2500008940697 273.9500017911196 0 0 104.37999832630157 0 139.4400007724762 134.51000101864338 0 0 0 183.27999871969223 0 0 0 499.2500008940697 992.3399986326694 117.81000156700611 0 416.0099976360798 0 0 445.9699993878603 2367.8299994021654 3086.129997700453 2.000000286847353 -8.079999975860119 3.72000015899539 1.710000392049551 -10.169999942183495 5.520000230520964 283 13 20 8 1 7 12 8 4 2 5 3 11 8 5 3 5 4 2 1 1 0 2 2 1 0 0 2 0 2 1 4 6 2 1 4 0 0 1854.1399945914745 3383.359995916486 1119.4499992728233 178.41000010073185 813.059996932745 2263.9099966436625 1743.899997830391 520.0099988132715 141.35000032186508 671.7099966108799 366.42999966442585 1663.429997652769 1743.899997830391 613.6199986487627 366.42999966442585 753.0199996083975 520.0099988132715 390.3999992311001 178.41000010073185 104.37999832630157 0 227.12999919056892 292.8799996227026 178.41000010073185 0 0 331.7499992996454 0 390.3999992311001 85.70999981462955 667.3099997937679 1412.1499985307455 236.2100010663271 130.21999859809875 567.3299982845783 0 0 806.4999987781048 4027.889994561672 5378.849990829825 4.0000005550682545 -14.219999965280294 5.080000288784504 1.7000007256865501 -18.00999989360571 6.570000387728214
284 1 0 0 0 1 0 0 0 0 1 0 0 0 0 0 0 0 0 0 0 0 0 0 0 0 0 0 0 0 0 0 0 0 0 1 0 0 130.68999880552292 0 0 0 130.68999880552292 0 0 0 0 130.68999880552292 0 0 0 0 0 0 0 0 0 0 0 0 0 0 0 0 0 0 0 0 0 0 0 0 130.68999880552292 0 0 22.70999974012375 92.91999936103821 130.68999880552292 7.450580596923828e-9 -0.3999999985098839 0.0 0.02000001072883606 -0.4699999988079071 0.09000000357627869 284 2 3 2 0 1 1 0 1 0 1 1 2 0 1 1 1 1 0 0 0 0 0 1 0 0 0 0 0 0 0 1 0 1 0 1 0 0 249.05999925732613 417.47000256180763 282.96000154316425 0 130.68999880552292 134.51000101864338 0 134.51000101864338 0 130.68999880552292 117.81000156700611 299.6600009948015 0 118.37000045180321 117.81000156700611 165.14999997615814 134.51000101864338 0 0 0 0 0 134.51000101864338 0 0 0 0 0 0 0 165.14999997615814 0 117.81000156700611 0 130.68999880552292 0 0 102.18999992311001 489.060001924634 666.5300018191338 -0.9999999329447746 -1.86999998614192 -0.8199999742209911 -1.2699999026954174 -2.679999977350235 -0.279999952763319 284 3 5 3 0 2 2 1 1 0 2 1 3 1 1 1 2 1 0 0 1 0 0 1 0 0 0 1 0 0 0 2 0 1 0 1 0 0 353.4399975836277 784.8799996674061 467.0899999290705 0 235.0699971318245 317.7899997383356 183.27999871969223 134.51000101864338 0 235.0699971318245 117.81000156700611 483.78999938070774 183.27999871969223 118.37000045180321 117.81000156700611 349.27999836206436 134.51000101864338 0 0 104.37999832630157 0 0 134.51000101864338 0 0 0 183.27999871969223 0 0 0 349.27999836206436 0 117.81000156700611 0 130.68999880552292 0 0 180.30999778211117 834.6599988490343 1138.3199972510338 1.1175870895385742e-7 -3.0699999816715717 0.18000004813075066 -0.5599998347461224 -4.52999996393919 1.0800000838935375 284 5 7 3 0 2 4 2 2 0 2 1 4 2 3 1 2 2 0 0 1 0 1 1 0 0 0 1 0 0 0 2 1 1 0 1 0 0 604.2499964535236 1216.6799976676702 467.0899999290705 0 235.0699971318245 749.5899977385998 475.6399959474802 273.9500017911196 0 235.0699971318245 117.81000156700611 623.2300001531839 475.6399959474802 369.17999932169914 117.81000156700611 349.27999836206436 273.9500017911196 0 0 104.37999832630157 0 139.4400007724762 134.51000101864338 0 0 0 183.27999871969223 0 0 0 349.27999836206436 292.35999722778797 117.81000156700611 0 130.68999880552292 0 0 306.5499981492758 1335.8699962198734 1820.9299941211939 -0.9999998211860657 -5.409999992698431 0.540000107139349 -2.0699997507035732 -7.559999965131283 1.6200001500546932 284 8 10 4 0 6 6 4 2 1 5 1 5 4 3 1 3 2 0 0 1 0 1 1 0 0 0 1 0 0 0 3 3 1 0 4 0 0 1040.889995932579 1822.8900000154972 617.0600024610758 0 747.0299980342388 1205.8299975544214 931.8799957633018 273.9500017911196 75.32000142335892 671.7099966108799 117.81000156700611 773.2000026851892 931.8799957633018 369.17999932169914 117.81000156700611 499.2500008940697 273.9500017911196 0 0 104.37999832630157 0 139.4400007724762 134.51000101864338 0 0 0 183.27999871969223 0 0 0 499.2500008940697 748.5999970436096 117.81000156700611 0 567.3299982845783 0 0 454.1200002729893 2210.4899978637695 2939.099997371435 1.0000002644956112 -8.299999982118607 2.63000014051795 0.7800003811717033 -10.409999940544367 4.5200002156198025 284 13 16 5 1 7 11 8 3 2 5 2 8 8 5 2 3 3 2 1 1 0 1 2 1 0 0 2 0 2 0 3 6 1 1 4 0 0 1854.1399945914745 2923.4999992847443 747.2800010591745 178.41000010073185 813.059996932745 2176.2199982255697 1743.899997830391 432.3200003951788 141.35000032186508 671.7099966108799 248.03000016510487 1321.9700005203485 1743.899997830391 613.6199986487627 248.03000016510487 499.2500008940697 432.3200003951788 390.3999992311001 178.41000010073185 104.37999832630157 0 139.4400007724762 292.8799996227026 178.41000010073185 0 0 331.7499992996454 0 390.3999992311001 0 499.2500008940697 1412.1499985307455 117.81000156700611 130.21999859809875 567.3299982845783 0 0 735.1699998378754 3695.6699963361025 4918.989994198084 5.000000506639481 -12.619999971240759 6.0800002701580524 3.060000691562891 -16.599999897181988 8.120000381022692
285 0 1 1 0 0 0 0 0 0 0 0 1 0 0 0 1 0 0 0 0 0 0 0 0 0 0 0 0 0 0 1 0 0 0 0 0 0 0 165.14999997615814 165.14999997615814 0 0 0 0 0 0 0 0 165.14999997615814 0 0 0 165.14999997615814 0 0 0 0 0 0 0 0 0 0 0 0 0 0 165.14999997615814 0 0 0 0 0 0 25.609999775886536 122.75000023841858 165.14999997615814 7.450580596923828e-9 -0.3999999985098839 0.0 0.2900000214576721 -0.4699999988079071 0.36000001430511475 285 1 4 3 0 1 1 0 1 0 1 1 3 0 0 1 2 1 0 0 0 0 0 1 0 0 0 0 0 0 0 2 0 1 0 1 0 0 130.68999880552292 601.6000009477139 467.0899999290705 0 130.68999880552292 134.51000101864338 0 134.51000101864338 0 130.68999880552292 117.81000156700611 483.78999938070774 0 0 117.81000156700611 349.27999836206436 134.51000101864338 0 0 0 0 0 134.51000101864338 0 0 0 0 0 0 0 349.27999836206436 0 117.81000156700611 0 130.68999880552292 0 0 105.36999942362309 539.9200000911951 732.2899997532368 -0.9999999441206455 -1.9999999925494194 -0.9999999813735485 -1.3199999146163464 -2.8599999845027924 -0.4599999599158764 285 3 5 3 0 1 2 1 1 0 1 1 3 1 2 1 2 1 0 0 0 0 0 1 0 0 0 1 0 0 0 2 0 1 0 1 0 0 360.26999911665916 784.8799996674061 467.0899999290705 0 130.68999880552292 317.7899997383356 183.27999871969223 134.51000101864338 0 130.68999880552292 117.81000156700611 483.78999938070774 183.27999871969223 229.58000031113625 117.81000156700611 349.27999836206436 134.51000101864338 0 0 0 0 0 134.51000101864338 0 0 0 183.27999871969223 0 0 0 349.27999836206436 0 117.81000156700611 0 130.68999880552292 0 0 169.3499983996153 861.5799994021654 1145.1499987840652 1.2293457984924316e-7 -2.9399999752640724 0.36000005528330803 -0.5099998228251934 -4.3499999567866325 1.260000091046095 285 5 6 3 0 2 3 2 1 0 2 1 3 2 3 1 2 1 0 0 1 0 0 1 0 0 0 1 0 0 0 2 1 1 0 1 0 0 604.2499964535236 1018.3799995332956 467.0899999290705 0 235.0699971318245 551.2899996042252 416.7799985855818 134.51000101864338 0 235.0699971318245 117.81000156700611 483.78999938070774 416.7799985855818 369.17999932169914 117.81000156700611 349.27999836206436 134.51000101864338 0 0 104.37999832630157 0 0 134.51000101864338 0 0 0 183.27999871969223 0 0 0 349.27999836206436 233.49999986588955 117.81000156700611 0 130.68999880552292 0 0 232.02999709546566 1233.0899981856346 1622.6299959868193 1.0000001713633537 -4.009999964386225 1.5400000773370266 0.29000023379921913 -5.619999937713146 2.4400001130998135 285 8 9 3 0 5 6 4 2 0 5 1 4 4 3 1 2 2 0 0 1 0 1 1 0 0 0 1 0 0 0 2 3 1 0 4 0 0 1040.889995932579 1659.4999972879887 467.0899999290705 0 671.7099966108799 1192.4099973589182 918.4599955677986 273.9500017911196 0 671.7099966108799 117.81000156700611 623.2300001531839 918.4599955677986 369.17999932169914 117.81000156700611 349.27999836206436 273.9500017911196 0 0 104.37999832630157 0 139.4400007724762 134.51000101864338 0 0 0 183.27999871969223 0 0 0 349.27999836206436 735.1799968481064 117.81000156700611 0 567.3299982845783 0 0 400.229996278882 2073.43999697268 2700.3899932205677 1.0000002458691597 -7.40999998524785 2.5400001369416714 -0.19999965652823448 -9.51999994367361 3.4500001929700375 285 12 22 8 1 10 14 9 5 5 5 4 12 9 3 4 4 5 3 1 1 0 1 4 1 0 0 2 0 3 0 4 7 2 2 4 0 0 1776.7499948441982 3901.899998471141 1203.309999793768 178.41000010073185 1051.4999954402447 2698.589998677373 2002.9899969398975 695.6000017374754 379.7899988293648 671.7099966108799 527.6599986106157 1928.700001731515 2002.9899969398975 369.17999932169914 527.6599986106157 675.6500011831522 695.6000017374754 557.4499988108873 178.41000010073185 104.37999832630157 0 139.4400007724762 556.1600009649992 178.41000010073185 0 0 331.7499992996454 0 557.4499988108873 0 675.6500011831522 1671.239997640252 246.94000233709812 280.7199962735176 567.3299982845783 0 0 1045.289999127388 4358.829997301102 6058.439992144704 4.0000006183981895 -16.349999971687794 4.990000329911709 2.7800008095800877 -20.05999990925193 7.4800004586577415
286 0 1 1 0 0 0 0 0 0 0 1 0 0 0 1 0 0 0 0 0 0 0 0 0 0 0 0 0 0 0 0 0 1 0 0 0 0 0 117.81000156700611 117.81000156700611 0 0 0 0 0 0 0 117.81000156700611 0 0 0 117.81000156700611 0 0 0 0 0 0 0 0 0 0 0 0 0 0 0 0 0 117.81000156700611 0 0 0 0 15.940000489354134 82.33000111579895 117.81000156700611 -3.725290298461914e-9 -0.3999999985098839 -1.1175870895385742e-8 -0.07000000402331352 -0.4699999988079071 -1.1175870895385742e-8 286 2 3 3 0 1 0 0 0 0 1 1 2 0 1 1 2 0 0 0 0 0 0 0 0 0 0 0 0 0 0 2 0 1 0 1 0 0 241.89999866485596 467.0899999290705 467.0899999290705 0 130.68999880552292 0 0 0 0 130.68999880552292 117.81000156700611 349.27999836206436 0 111.20999985933304 117.81000156700611 349.27999836206436 0 0 0 0 0 0 0 0 0 0 0 0 0 0 349.27999836206436 0 117.81000156700611 0 130.68999880552292 0 0 109.17999930679798 526.8599992394447 708.9899985939264 3.725290298461914e-8 -1.86999998614192 0.17999999597668648 0.15000005438923836 -2.169999986886978 0.6300000138580799 286 3 5 3 0 1 2 1 1 0 1 1 3 1 2 1 2 1 0 0 0 0 0 1 0 0 0 1 0 0 0 2 0 1 0 1 0 0 381.49999767541885 784.8799996674061 467.0899999290705 0 130.68999880552292 317.7899997383356 183.27999871969223 134.51000101864338 0 130.68999880552292 117.81000156700611 483.78999938070774 183.27999871969223 250.80999886989594 117.81000156700611 349.27999836206436 134.51000101864338 0 0 0 0 0 134.51000101864338 0 0 0 183.27999871969223 0 0 0 349.27999836206436 0 117.81000156700611 0 130.68999880552292 0 0 157.589998498559 883.2799979001284 1166.379997342825 1.2293457984924316e-7 -2.9399999752640724 0.36000005528330803 -1.0199998132884502 -4.859999947249889 1.260000091046095 286 5 6 3 0 2 3 2 1 0 2 1 3 2 3 1 2 1 0 0 0 0 0 1 0 0 0 1 0 0 0 2 1 1 0 2 0 0 651.1899987757206 1018.3799995332956 467.0899999290705 0 282.00999945402145 551.2899996042252 416.7799985855818 134.51000101864338 0 282.00999945402145 117.81000156700611 483.78999938070774 416.7799985855818 369.17999932169914 117.81000156700611 349.27999836206436 134.51000101864338 0 0 0 0 0 134.51000101864338 0 0 0 183.27999871969223 0 0 0 349.27999836206436 233.49999986588955 117.81000156700611 0 282.00999945402145 0 0 217.52999745309353 1300.3299998641014 1669.5699983090162 1.0000001713633537 -4.009999964386225 1.5400000773370266 0.3400002457201481 -5.659999929368496 2.530000116676092 286 7 9 3 0 4 6 3 3 0 4 1 5 3 3 1 2 3 0 0 1 0 0 3 0 0 0 1 0 0 0 2 2 1 0 3 0 0 906.049997240305 1513.6099986732006 467.0899999290705 0 536.8699979186058 1046.5199987441301 626.0999983400106 420.4200004041195 0 536.8699979186058 117.81000156700611 769.6999987661839 626.0999983400106 369.17999932169914 117.81000156700611 349.27999836206436 420.4200004041195 0 0 104.37999832630157 0 0 420.4200004041195 0 0 0 183.27999871969223 0 0 0 349.27999836206436 442.8199996203184 117.81000156700611 0 432.48999959230423 0 0 332.23999670147896 1867.659999102354 2419.6599959135056 2.8312206268310547e-7 -6.009999956935644 0.5400001518428326 -1.9499996043741703 -8.959999904036522 1.5400002114474773 286 11 15 5 0 5 10 6 4 0 5 1 10 6 4 1 4 4 2 0 1 0 1 3 0 0 0 2 0 2 1 3 4 1 0 4 0 0 1545.7999936789274 2576.639996409416 721.2499995082617 0 671.7099966108799 1855.3899969011545 1295.5299957245588 559.8600011765957 0 671.7099966108799 117.81000156700611 1553.6999983489513 1295.5299957245588 483.68999783694744 117.81000156700611 603.4399979412556 559.8600011765957 390.3999992311001 0 104.37999832630157 0 139.4400007724762 420.4200004041195 0 0 0 331.7499992996454 0 390.3999992311001 85.70999981462955 517.729998126626 963.7799964249134 117.81000156700611 0 567.3299982845783 0 0 556.0399979650974 3177.7099931687117 4122.439990088344 2.0000004656612873 -10.569999985396862 2.720000270754099 0.15000064298510551 -13.959999904036522 4.260000366717577
287 0 1 1 0 0 0 0 0 0 0 0 1 0 0 0 1 0 0 0 0 0 0 0 0 0 0 0 0 0 0 1 0 0 0 0 0 0 0 184.12999838590622 184.12999838590622 0 0 0 0 0 0 0 0 184.12999838590622 0 0 0 184.12999838590622 0 0 0 0 0 0 0 0 0 0 0 0 0 0 184.12999838590622 0 0 0 0 0 0 28.18999946117401 142.04999858140945 184.12999838590622 7.450580596923828e-9 -0.3999999985098839 0.0 -0.06999999284744263 -0.4699999988079071 0.0 287 2 3 3 0 0 0 0 0 0 0 1 2 0 2 1 2 0 0 0 0 0 0 0 0 0 0 0 0 0 0 2 0 1 0 0 0 0 250.80999886989594 467.0899999290705 467.0899999290705 0 0 0 0 0 0 0 117.81000156700611 349.27999836206436 0 250.80999886989594 117.81000156700611 349.27999836206436 0 0 0 0 0 0 0 0 0 0 0 0 0 0 349.27999836206436 0 117.81000156700611 0 0 0 0 99.71999962627888 546.8299987912178 717.8999987989664 4.842877388000488e-8 -1.7399999797344208 0.36000000312924385 -0.3999999277293682 -2.4999999701976776 0.7200000174343586 287 3 4 3 0 1 1 1 0 0 1 1 2 1 2 1 2 0 0 0 0 0 0 0 0 0 0 0 0 0 0 2 1 1 0 1 0 0 381.49999767541885 700.58999979496 467.0899999290705 0 130.68999880552292 233.49999986588955 233.49999986588955 0 0 130.68999880552292 117.81000156700611 349.27999836206436 233.49999986588955 250.80999886989594 117.81000156700611 349.27999836206436 0 0 0 0 0 0 0 0 0 0 0 0 0 0 349.27999836206436 233.49999986588955 117.81000156700611 0 130.68999880552292 0 0 144.16999877989292 838.4799986332655 1082.0899974703789 1.0000000782310963 -2.5399999767541885 1.360000018030405 1.0200001038610935 -2.9699999690055847 1.8100000359117985 287 5 7 3 0 2 4 3 1 0 2 1 3 3 3 1 2 1 0 0 0 0 0 1 0 0 0 1 0 0 0 2 2 1 0 2 0 0 651.1899987757206 1227.6999992877245 467.0899999290705 0 282.00999945402145 760.609999358654 626.0999983400106 134.51000101864338 0 282.00999945402145 117.81000156700611 483.78999938070774 626.0999983400106 369.17999932169914 117.81000156700611 349.27999836206436 134.51000101864338 0 0 0 0 0 134.51000101864338 0 0 0 183.27999871969223 0 0 0 349.27999836206436 442.8199996203184 117.81000156700611 0 282.00999945402145 0 0 256.04999653995037 1466.2100005745888 1878.889998063445 2.0000001937150955 -4.409999962896109 2.540000092238188 0.8300002701580524 -6.129999928176403 3.090000133961439 287 6 10 4 0 3 6 3 3 0 3 1 6 3 3 1 3 3 0 0 0 0 0 3 0 0 0 1 0 0 0 3 2 1 0 3 0 0 801.6699989140034 1682.0599984377623 635.5399996936321 0 432.48999959230423 1046.5199987441301 626.0999983400106 420.4200004041195 0 432.48999959230423 117.81000156700611 938.1499985307455 626.0999983400106 369.17999932169914 117.81000156700611 517.729998126626 420.4200004041195 0 0 0 0 0 420.4200004041195 0 0 0 183.27999871969223 0 0 0 517.729998126626 442.8199996203184 117.81000156700611 0 432.48999959230423 0 0 316.45999732613564 1953.1699992865324 2483.7299973517656 2.8312206268310547e-7 -6.009999956935644 0.5400001518428326 -1.8099995888769627 -8.999999895691872 1.7200002186000347 287 10 17 5 0 6 12 8 4 2 4 2 9 8 4 2 3 4 2 0 1 0 1 3 0 0 0 2 0 2 0 3 6 2 0 3 0 0 1415.5499950647354 3101.8899964243174 764.6700004637241 0 695.6999948620796 2337.219995960593 1777.3599947839975 559.8600011765957 158.82999694347382 536.8699979186058 246.94000233709812 1467.9899985343218 1777.3599947839975 488.2799979150295 246.94000233709812 517.729998126626 559.8600011765957 390.3999992311001 0 104.37999832630157 0 139.4400007724762 420.4200004041195 0 0 0 331.7499992996454 0 390.3999992311001 0 517.729998126626 1445.609995484352 246.94000233709812 0 432.48999959230423 0 0 704.7299963235855 3516.9899946302176 4676.269988432527 4.000000514090061 -11.94999998062849 4.900000296533108 2.5000007152557373 -15.809999898076057 7.260000415146351
288 1 0 0 0 0 0 0 0 0 0 0 0 0 1 0 0 0 0 0 0 0 0 0 0 0 0 0 0 0 0 0 0 0 0 0 0 0 111.20999985933304 0 0 0 0 0 0 0 0 0 0 0 0 111.20999985933304 0 0 0 0 0 0 0 0 0 0 0 0 0 0 0 0 0 0 0 0 0 0 0 16.729999840259552 86.80999994277954 111.20999985933304 1.862645149230957e-8 -0.26999999210238457 0.18000000715255737 -0.019999980926513672 -0.28999999165534973 0.18000000715255737 288 2 3 2 0 0 1 1 0 0 0 1 1 1 2 1 1 0 0 0 0 0 0 0 0 0 0 0 0 0 0 1 1 1 0 0 0 0 250.80999886989594 535.4399998188019 301.93999995291233 0 0 233.49999986588955 233.49999986588955 0 0 0 117.81000156700611 184.12999838590622 233.49999986588955 250.80999886989594 117.81000156700611 184.12999838590622 0 0 0 0 0 0 0 0 0 0 0 0 0 0 184.12999838590622 233.49999986588955 117.81000156700611 0 0 0 0 95.84999926388264 622.8099990338087 786.2499986886978 1.000000063329935 -1.7399999797344208 1.360000018030405 0.7100000716745853 -2.0299999713897705 1.360000018030405 288 3 5 3 0 1 2 2 0 0 1 1 2 2 2 1 2 0 0 0 0 0 0 0 0 0 0 0 0 0 0 2 2 1 0 1 0 0 402.12999951839447 909.9099995493889 467.0899999290705 0 151.32000064849854 442.8199996203184 442.8199996203184 0 0 151.32000064849854 117.81000156700611 349.27999836206436 442.8199996203184 250.80999886989594 117.81000156700611 349.27999836206436 0 0 0 0 0 0 0 0 0 0 0 0 0 0 349.27999836206436 442.8199996203184 117.81000156700611 0 151.32000064849854 0 0 173.16999770700932 1038.57000105083 1312.0399990677834 2.000000100582838 -2.9399999752640724 2.3600000329315662 1.4700001366436481 -3.4799999594688416 2.3700000531971455 288 4 7 3 0 2 4 2 2 0 2 1 4 2 2 1 2 2 0 0 0 0 0 2 0 0 0 0 0 0 0 2 2 1 0 2 0 0 532.8199983239174 1171.9600013494492 467.0899999290705 0 282.00999945402145 704.8700014203787 442.8199996203184 262.0500018000603 0 282.00999945402145 117.81000156700611 611.3300001621246 442.8199996203184 250.80999886989594 117.81000156700611 349.27999836206436 262.0500018000603 0 0 0 0 0 262.0500018000603 0 0 0 0 0 0 0 349.27999836206436 442.8199996203184 117.81000156700611 0 282.00999945402145 0 0 235.63999770581722 1313.5300019532442 1704.7799996733665 1.825392246246338e-7 -4.139999970793724 0.360000092536211 -0.8199997581541538 -5.3299999460577965 0.730000127106905 288 6 11 4 0 3 7 4 3 0 3 1 6 4 3 1 3 3 0 0 0 0 0 3 0 0 0 1 0 0 0 3 3 1 0 3 0 0 801.6699989140034 1910.6599980145693 635.5399996936321 0 432.48999959230423 1275.1199983209372 854.6999979168177 420.4200004041195 0 432.48999959230423 117.81000156700611 938.1499985307455 854.6999979168177 369.17999932169914 117.81000156700611 517.729998126626 420.4200004041195 0 0 0 0 0 420.4200004041195 0 0 0 183.27999871969223 0 0 0 517.729998126626 671.4199991971254 117.81000156700611 0 432.48999959230423 0 0 339.51999774575233 2148.7199986428022 2712.3299969285727 1.0000003054738045 -6.409999955445528 1.5400001667439938 -0.42999956384301186 -8.999999895691872 2.700000237673521 288 11 14 5 0 6 9 6 3 1 4 3 8 6 4 2 3 3 2 0 1 0 0 3 0 0 0 2 1 2 0 3 4 2 0 3 0 0 1574.309995174408 2447.349998474121 764.6700004637241 0 782.8899970650673 1682.679998010397 1262.2599976062775 420.4200004041195 87.25999903678894 536.8699979186058 405.70000244677067 1328.5499977618456 1262.2599976062775 488.2799979150295 246.94000233709812 517.729998126626 420.4200004041195 390.3999992311001 0 104.37999832630157 0 0 420.4200004041195 0 0 0 331.7499992996454 158.76000010967255 390.3999992311001 0 517.729998126626 930.509998306632 246.94000233709812 0 432.48999959230423 0 0 561.3299972265959 3144.5799959152937 4108.919992685318 4.000000458210707 -9.659999955445528 3.8100002333521843 2.1700006537139416 -13.449999872595072 6.080000348389149
289 1 0 0 0 0 0 0 0 0 0 0 0 0 1 0 0 0 0 0 0 0 0 0 0 0 0 0 0 0 0 0 0 0 0 0 0 0 139.5999990105629 0 0 0 0 0 0 0 0 0 0 0 0 139.5999990105629 0 0 0 0 0 0 0 0 0 0 0 0 0 0 0 0 0 0 0 0 0 0 0 13.250000059604645 112.88999891281128 139.5999990105629 1.862645149230957e-8 -0.26999999210238457 0.18000000715255737 -0.5299999713897705 -0.7999999821186066 0.18000000715255737 289 3 2 1 0 1 1 1 0 0 1 0 1 1 2 0 1 0 0 0 0 0 0 0 0 0 0 0 0 0 0 1 1 0 0 1 0 0 402.12999951839447 417.62999825179577 184.12999838590622 0 151.32000064849854 233.49999986588955 233.49999986588955 0 0 151.32000064849854 0 184.12999838590622 233.49999986588955 250.80999886989594 0 184.12999838590622 0 0 0 0 0 0 0 0 0 0 0 0 0 0 184.12999838590622 233.49999986588955 0 0 151.32000064849854 0 0 93.0999983549118 667.609998986125 819.7599977701902 1.000000074505806 -1.7399999797344208 1.360000029206276 0.7600000947713852 -2.0699999630451202 1.4500000327825546 289 3 4 2 0 1 2 2 0 0 1 1 1 2 2 1 1 0 0 0 0 0 0 0 0 0 0 0 0 0 0 1 2 1 0 1 0 0 402.12999951839447 744.7599995732307 301.93999995291233 0 151.32000064849854 442.8199996203184 442.8199996203184 0 0 151.32000064849854 117.81000156700611 184.12999838590622 442.8199996203184 250.80999886989594 117.81000156700611 184.12999838590622 0 0 0 0 0 0 0 0 0 0 0 0 0 0 184.12999838590622 442.8199996203184 117.81000156700611 0 151.32000064849854 0 0 147.55999793112278 915.8200008124113 1146.8899990916252 2.0000000931322575 -2.5399999767541885 2.3600000329315662 1.180000115185976 -3.0099999606609344 2.0100000388920307 289 4 7 4 0 2 3 2 1 0 2 1 4 2 2 1 3 1 0 0 0 0 0 1 0 0 0 0 0 0 0 3 2 1 0 2 0 0 532.8199983239174 1205.9000000953674 635.5399996936321 0 282.00999945402145 570.3600004017353 442.8199996203184 127.5400007814169 0 282.00999945402145 117.81000156700611 645.2699989080429 442.8199996203184 250.80999886989594 117.81000156700611 517.729998126626 127.5400007814169 0 0 0 0 0 127.5400007814169 0 0 0 0 0 0 0 517.729998126626 442.8199996203184 117.81000156700611 0 282.00999945402145 0 0 234.62999759614468 1359.060000732541 1738.7199984192848 1.0000001527369022 -4.139999970793724 1.3600000627338886 0.7400002144277096 -4.859999947249889 1.8200001008808613 289 8 11 4 0 3 7 4 3 0 3 1 7 4 4 1 3 3 1 0 0 0 0 3 0 0 0 1 0 1 0 3 3 1 0 3 0 0 1153.7899968773127 1910.6599980145693 635.5399996936321 0 432.48999959230423 1275.1199983209372 854.6999979168177 420.4200004041195 0 432.48999959230423 117.81000156700611 1171.1699979007244 854.6999979168177 488.2799979150295 117.81000156700611 517.729998126626 420.4200004041195 233.0199993699789 0 0 0 0 420.4200004041195 0 0 0 183.27999871969223 0 233.0199993699789 0 517.729998126626 671.4199991971254 117.81000156700611 0 432.48999959230423 0 0 378.27999714016914 2390.70999827981 3064.449994891882 2.000000361353159 -6.7699999660253525 1.7200001887977123 -0.16999949142336845 -10.099999889731407 2.8800002597272396 289 10 16 6 0 3 10 6 4 0 3 2 10 6 5 2 4 4 2 0 0 0 0 4 0 0 0 2 0 2 1 3 4 2 0 3 0 0 1353.579996779561 2596.669993713498 779.0499992221594 0 432.48999959230423 1817.6199944913387 1242.4999961853027 575.119998306036 0 432.48999959230423 175.61000128090382 1568.9599954783916 1242.4999961853027 530.6899979561567 175.61000128090382 603.4399979412556 575.119998306036 390.3999992311001 0 0 0 0 575.119998306036 0 0 0 331.7499992996454 0 390.3999992311001 85.70999981462955 517.729998126626 910.7499968856573 175.61000128090382 0 432.48999959230423 0 0 474.349998280406 3098.3799930363894 3950.249990493059 3.0000004954636097 -9.43999994918704 2.9000002667307854 0.5600006878376007 -13.509999856352806 4.530000366270542
290 0 1 0 0 0 1 1 0 0 0 0 0 1 0 0 0 0 0 0 0 0 0 0 0 0 0 0 0 0 0 0 1 0 0 0 0 0 0 233.49999986588955 0 0 0 233.49999986588955 233.49999986588955 0 0 0 0 0 233.49999986588955 0 0 0 0 0 0 0 0 0 0 0 0 0 0 0 0 0 0 233.49999986588955 0 0 0 0 0 21.739999413490295 198.73000048100948 233.49999986588955 1.0000000223517418 -0.3999999985098839 1.0000000149011612 1.4000000208616257 0.0 1.0000000149011612 290 3 2 0 0 1 2 2 0 0 1 0 0 2 2 0 0 0 0 0 0 0 0 0 0 0 0 0 0 0 0 0 2 0 0 1 0 0 402.12999951839447 442.8199996203184 0 0 151.32000064849854 442.8199996203184 442.8199996203184 0 0 151.32000064849854 0 0 442.8199996203184 250.80999886989594 0 0 0 0 0 0 0 0 0 0 0 0 0 0 0 0 0 442.8199996203184 0 0 151.32000064849854 0 0 103.42999798059464 691.4400011152029 844.9499991387129 2.000000089406967 -1.7399999797344208 2.360000044107437 1.3200001120567322 -2.0699999630451202 2.0100000500679016 290 3 5 2 0 1 3 2 1 0 1 0 3 2 2 0 2 1 0 0 0 0 0 1 0 0 0 0 0 0 0 2 2 0 0 1 0 0 402.12999951839447 922.9399985522032 352.5799981504679 0 151.32000064849854 570.3600004017353 442.8199996203184 127.5400007814169 0 151.32000064849854 0 480.11999893188477 442.8199996203184 250.80999886989594 0 352.5799981504679 127.5400007814169 0 0 0 0 0 127.5400007814169 0 0 0 0 0 0 0 352.5799981504679 442.8199996203184 0 0 151.32000064849854 0 0 170.36999759078026 1061.0600000172853 1325.0699980705976 1.0000001415610313 -2.9399999752640724 1.3600000739097595 0.5000001862645149 -3.449999950826168 1.3700000941753387 290 3 8 4 0 1 4 3 1 0 1 1 4 3 2 1 3 1 0 0 0 0 0 1 0 0 0 0 0 0 0 3 3 1 0 1 0 0 402.12999951839447 1434.4999996721745 635.5399996936321 0 151.32000064849854 798.9599999785423 671.4199991971254 127.5400007814169 0 151.32000064849854 117.81000156700611 645.2699989080429 671.4199991971254 250.80999886989594 117.81000156700611 517.729998126626 127.5400007814169 0 0 0 0 0 127.5400007814169 0 0 0 0 0 0 0 517.729998126626 671.4199991971254 117.81000156700611 0 151.32000064849854 0 0 234.97999827563763 1461.6900007277727 1836.629999190569 2.0000001676380634 -4.139999970793724 2.36000007763505 2.1000002287328243 -4.389999948441982 2.710000116378069 290 7 11 4 0 3 7 4 3 0 3 1 7 4 3 1 3 3 1 0 0 0 0 3 0 0 0 0 0 1 0 3 4 1 0 3 0 0 1035.4199964255095 1966.709996983409 635.5399996936321 0 432.48999959230423 1331.1699972897768 910.7499968856573 420.4200004041195 0 432.48999959230423 117.81000156700611 1171.1699979007244 910.7499968856573 369.9099974632263 117.81000156700611 517.729998126626 420.4200004041195 233.0199993699789 0 0 0 0 420.4200004041195 0 0 0 0 0 233.0199993699789 0 517.729998126626 910.7499968856573 117.81000156700611 0 432.48999959230423 0 0 356.45999878644943 2356.439996242523 3002.1299934089184 2.000000335276127 -6.499999973922968 1.5400001741945744 0.580000463873148 -8.899999909102917 2.5200002379715443 290 9 15 4 0 3 11 7 4 0 3 1 9 7 4 1 3 4 2 0 0 0 0 4 0 0 0 2 0 2 0 3 5 1 0 3 0 0 1311.1699967384338 2699.009993761778 635.5399996936321 0 432.48999959230423 2063.4699940681458 1488.3499957621098 575.119998306036 0 432.48999959230423 117.81000156700611 1483.249995663762 1488.3499957621098 488.2799979150295 117.81000156700611 517.729998126626 575.119998306036 390.3999992311001 0 0 0 0 575.119998306036 0 0 0 331.7499992996454 0 390.3999992311001 0 517.729998126626 1156.5999964624643 117.81000156700611 0 432.48999959230423 0 0 473.1999976783991 3183.3499930351973 4010.1799905002117 4.00000049546361 -8.769999958574772 3.72000028565526 2.8900006972253323 -12.059999868273735 5.900000397115946
291 1 0 0 0 1 0 0 0 0 1 0 0 0 0 0 0 0 0 0 0 0 0 0 0 0 0 0 0 0 0 0 0 0 0 1 0 0 151.32000064849854 0 0 0 151.32000064849854 0 0 0 0 151.32000064849854 0 0 0 0 0 0 0 0 0 0 0 0 0 0 0 0 0 0 0 0 0 0 0 0 151.32000064849854 0 0 13.1899995803833 127.13000106811523 151.32000064849854 7.450580596923828e-9 -0.3999999985098839 0.0 -0.019999980926513672 -0.5099999904632568 0.09000000357627869 291 2 3 0 0 1 3 2 1 0 1 0 1 2 1 0 0 1 0 0 0 0 0 1 0 0 0 0 0 0 0 0 2 0 0 1 0 0 290.91999965906143 570.3600004017353 0 0 151.32000064849854 570.3600004017353 442.8199996203184 127.5400007814169 0 151.32000064849854 0 127.5400007814169 442.8199996203184 139.5999990105629 0 0 127.5400007814169 0 0 0 0 0 127.5400007814169 0 0 0 0 0 0 0 0 442.8199996203184 0 0 151.32000064849854 0 0 113.53999844193459 686.8000019192696 861.2800000607967 1.0000001080334187 -1.86999998614192 1.1800000667572021 0.5200001373887062 -2.1799999698996544 1.010000079870224 291 3 5 1 0 1 4 3 1 0 1 0 2 3 2 0 1 1 0 0 0 0 0 1 0 0 0 0 0 0 0 1 3 0 0 1 0 0 402.12999951839447 967.409999743104 168.44999976456165 0 151.32000064849854 798.9599999785423 671.4199991971254 127.5400007814169 0 151.32000064849854 0 295.99000054597855 671.4199991971254 250.80999886989594 0 168.44999976456165 127.5400007814169 0 0 0 0 0 127.5400007814169 0 0 0 0 0 0 0 168.44999976456165 671.4199991971254 0 0 151.32000064849854 0 0 165.23999854922295 1114.5600007921457 1369.5399992614985 2.0000001564621925 -2.9399999752640724 2.3600000888109207 1.9500002041459084 -2.979999952018261 2.350000113248825 291 4 7 3 0 1 4 3 1 0 1 1 3 3 3 1 2 1 0 0 0 0 0 1 0 0 0 0 0 0 0 2 3 1 0 1 0 0 521.2299981117249 1269.3499996960163 470.389999717474 0 151.32000064849854 798.9599999785423 671.4199991971254 127.5400007814169 0 151.32000064849854 117.81000156700611 480.11999893188477 671.4199991971254 369.9099974632263 117.81000156700611 352.5799981504679 127.5400007814169 0 0 0 0 0 127.5400007814169 0 0 0 0 0 0 0 352.5799981504679 671.4199991971254 117.81000156700611 0 151.32000064849854 0 0 223.22999827563763 1431.7299994975328 1790.5799978077412 2.0000001788139343 -4.009999964386225 2.540000084787607 1.2800002358853817 -4.719999931752682 2.5300001092255116 291 5 11 4 0 2 7 4 3 0 2 1 6 4 3 1 3 3 0 0 0 0 0 3 0 0 0 0 0 0 0 3 4 1 0 2 0 0 651.9199969172478 1986.899993866682 635.5399996936321 0 282.00999945402145 1351.35999417305 910.7499968856573 440.6099972873926 0 282.00999945402145 117.81000156700611 958.3399954140186 910.7499968856573 369.9099974632263 117.81000156700611 517.729998126626 440.6099972873926 0 0 0 0 0 440.6099972873926 0 0 0 0 0 0 0 517.729998126626 910.7499968856573 117.81000156700611 0 282.00999945402145 0 0 317.90999871492386 2111.749993145466 2638.81999078393 1.0000002905726433 -6.009999956935644 1.5400001592934132 0.19000039622187614 -7.619999907910824 2.3400002159178257 291 9 15 4 0 3 11 7 4 0 3 1 9 7 4 1 3 4 2 0 0 0 0 4 0 0 0 2 0 2 0 3 5 1 0 3 0 0 1306.6699960529804 2699.009993761778 635.5399996936321 0 432.48999959230423 2063.4699940681458 1488.3499957621098 575.119998306036 0 432.48999959230423 117.81000156700611 1483.249995663762 1488.3499957621098 483.7799972295761 117.81000156700611 517.729998126626 575.119998306036 390.3999992311001 0 0 0 0 575.119998306036 0 0 0 331.7499992996454 0 390.3999992311001 0 517.729998126626 1156.5999964624643 117.81000156700611 0 432.48999959230423 0 0 462.18999759852886 3183.199992582202 4005.6799898147583 4.00000049546361 -8.769999958574772 3.72000028565526 3.180000688880682 -11.769999876618385 5.900000397115946
292 0 1 0 0 0 1 1 0 0 0 0 0 1 0 0 0 0 0 0 0 0 0 0 0 0 0 0 0 0 0 0 1 0 0 0 0 0 0 209.31999975442886 0 0 0 209.31999975442886 209.31999975442886 0 0 0 0 0 209.31999975442886 0 0 0 0 0 0 0 0 0 0 0 0 0 0 0 0 0 0 209.31999975442886 0 0 0 0 0 38.51999908685684 165.88000071048737 209.31999975442886 1.0000000223517418 -0.3999999985098839 1.0000000149011612 0.49000002443790436 -0.4699999988079071 0.560000017285347 292 1 4 1 0 1 3 2 1 0 1 0 2 2 0 0 1 1 0 0 0 0 0 1 0 0 0 0 0 0 0 1 2 0 0 1 0 0 151.32000064849854 738.810000166297 168.44999976456165 0 151.32000064849854 570.3600004017353 442.8199996203184 127.5400007814169 0 151.32000064849854 0 295.99000054597855 442.8199996203184 0 0 168.44999976456165 127.5400007814169 0 0 0 0 0 127.5400007814169 0 0 0 0 0 0 0 168.44999976456165 442.8199996203184 0 0 151.32000064849854 0 0 112.19999822974205 719.3100025802851 890.1300008147955 1.0000000968575478 -1.9999999925494194 1.0000000596046448 1.1200001314282417 -1.8899999782443047 1.010000079870224 292 3 5 1 0 1 4 3 1 0 1 0 2 3 2 0 1 1 0 0 0 0 0 1 0 0 0 0 0 0 0 1 3 0 0 1 0 0 402.12999951839447 967.409999743104 168.44999976456165 0 151.32000064849854 798.9599999785423 671.4199991971254 127.5400007814169 0 151.32000064849854 0 295.99000054597855 671.4199991971254 250.80999886989594 0 168.44999976456165 127.5400007814169 0 0 0 0 0 127.5400007814169 0 0 0 0 0 0 0 168.44999976456165 671.4199991971254 0 0 151.32000064849854 0 0 165.23999854922295 1114.5600007921457 1369.5399992614985 2.0000001564621925 -2.9399999752640724 2.3600000888109207 1.9500002041459084 -2.979999952018261 2.350000113248825 292 4 7 2 0 1 5 4 1 0 1 0 3 4 3 0 2 1 0 0 0 0 0 1 0 0 0 0 0 0 0 2 4 0 0 1 0 0 521.2299981117249 1390.869995817542 352.5799981504679 0 151.32000064849854 1038.2899976670742 910.7499968856573 127.5400007814169 0 151.32000064849854 0 480.11999893188477 910.7499968856573 369.9099974632263 0 352.5799981504679 127.5400007814169 0 0 0 0 0 127.5400007814169 0 0 0 0 0 0 0 352.5799981504679 910.7499968856573 0 0 151.32000064849854 0 0 232.71999856829643 1549.979995712638 1912.099993929267 3.0000002048909664 -4.009999964386225 3.5400001108646393 2.9300002679228783 -4.249999932944775 3.710000142455101 292 5 12 4 0 1 8 5 3 0 1 1 7 5 3 1 3 3 1 0 0 0 0 3 0 0 0 0 0 1 0 3 5 1 0 1 0 0 754.2499974817038 2232.749993443489 635.5399996936321 0 151.32000064849854 1597.209993749857 1156.5999964624643 440.6099972873926 0 151.32000064849854 117.81000156700611 1191.3599947839975 1156.5999964624643 369.9099974632263 117.81000156700611 517.729998126626 440.6099972873926 233.0199993699789 0 0 0 0 440.6099972873926 0 0 0 0 0 233.0199993699789 0 517.729998126626 1156.5999964624643 117.81000156700611 0 151.32000064849854 0 0 346.16999819874763 2375.7999941557646 2986.999990925193 3.0000003427267075 -6.099999975413084 2.5400001890957355 2.540000457316637 -7.449999921023846 3.4300002492964268 292 9 14 4 0 4 10 6 4 1 3 1 9 6 4 1 3 4 2 0 0 0 0 4 0 0 0 1 0 2 0 3 5 1 0 3 0 0 1306.6699960529804 2515.7299950420856 635.5399996936321 0 505.3700001388788 1880.1899953484535 1305.0699970424175 575.119998306036 72.88000054657459 432.48999959230423 117.81000156700611 1483.249995663762 1305.0699970424175 483.7799972295761 117.81000156700611 517.729998126626 575.119998306036 390.3999992311001 0 0 0 0 575.119998306036 0 0 0 148.4700005799532 0 390.3999992311001 0 517.729998126626 1156.5999964624643 117.81000156700611 0 432.48999959230423 0 0 465.92999839782715 3059.659994468093 3895.2799916416407 3.000000476837158 -8.85999995842576 2.810000266879797 2.3300006464123726 -11.349999886006117 4.630000364035368
293 0 1 0 0 0 1 0 1 0 0 0 1 0 0 0 0 1 0 0 0 0 0 1 0 0 0 0 0 0 0 0 0 0 0 0 0 0 0 127.5400007814169 0 0 0 127.5400007814169 0 127.5400007814169 0 0 0 127.5400007814169 0 0 0 0 127.5400007814169 0 0 0 0 0 127.5400007814169 0 0 0 0 0 0 0 0 0 0 0 0 0 0 26.840000301599503 82.1700007468462 127.5400007814169 -0.999999962747097 -0.3999999985098839 -0.9999999701976776 -0.8199999555945396 -0.3999999985098839 -0.8199999630451202 293 1 4 1 0 1 3 2 1 0 1 0 2 2 0 0 1 1 0 0 0 0 0 1 0 0 0 0 0 0 0 1 2 0 0 1 0 0 151.32000064849854 733.9099998772144 168.44999976456165 0 151.32000064849854 565.4600001126528 437.9199993312359 127.5400007814169 0 151.32000064849854 0 295.99000054597855 437.9199993312359 0 0 168.44999976456165 127.5400007814169 0 0 0 0 0 127.5400007814169 0 0 0 0 0 0 0 168.44999976456165 437.9199993312359 0 0 151.32000064849854 0 0 113.51999923586845 716.1300014555454 885.230000525713 1.0000000968575478 -1.9999999925494194 1.0000000596046448 1.1000001356005669 -1.8899999782443047 0.9900000840425491 293 2 6 1 0 1 5 4 1 0 1 0 2 4 1 0 1 1 0 0 0 0 0 1 0 0 0 0 0 0 0 1 4 0 0 1 0 0 270.4199992418289 1206.7399974316359 168.44999976456165 0 151.32000064849854 1038.2899976670742 910.7499968856573 127.5400007814169 0 151.32000064849854 0 295.99000054597855 910.7499968856573 119.09999859333038 0 168.44999976456165 127.5400007814169 0 0 0 0 0 127.5400007814169 0 0 0 0 0 0 0 168.44999976456165 910.7499968856573 0 0 151.32000064849854 0 0 174.54999920725822 1208.2299982756376 1477.1599966734648 3.000000160187483 -3.0699999816715717 3.1800000965595245 3.550000213086605 -2.6899999603629112 3.3500001281499863 293 4 7 1 0 1 6 4 2 0 1 0 3 4 3 0 1 2 0 0 0 0 0 2 0 0 0 0 0 0 0 1 4 0 0 1 0 0 521.2299981117249 1361.4399953335524 168.44999976456165 0 151.32000064849854 1192.9899955689907 910.7499968856573 282.2399986833334 0 151.32000064849854 0 450.68999844789505 910.7499968856573 369.9099974632263 0 168.44999976456165 282.2399986833334 0 0 0 0 0 282.2399986833334 0 0 0 0 0 0 0 168.44999976456165 910.7499968856573 0 0 151.32000064849854 0 0 217.1999988257885 1536.0699952095747 1882.6699934452772 2.000000234693289 -4.009999964386225 2.5400001406669617 1.4200003072619438 -4.7599999234080315 2.7100001722574234 293 6 11 3 0 1 8 5 3 0 1 1 6 5 4 1 2 3 1 0 0 0 0 3 0 0 0 0 0 1 0 2 5 1 0 1 0 0 868.1199972480536 2067.599993467331 470.389999717474 0 151.32000064849854 1597.209993749857 1156.5999964624643 440.6099972873926 0 151.32000064849854 117.81000156700611 1026.2099948078394 1156.5999964624643 483.7799972295761 117.81000156700611 352.5799981504679 440.6099972873926 233.0199993699789 0 0 0 0 440.6099972873926 0 0 0 0 0 233.0199993699789 0 352.5799981504679 1156.5999964624643 117.81000156700611 0 151.32000064849854 0 0 334.5599983036518 2344.089993879199 2935.7199907153845 3.0000003539025784 -5.969999969005585 2.720000196248293 2.520000446587801 -6.979999922215939 3.2500002421438694 293 9 12 4 1 3 8 5 3 1 2 1 8 5 4 1 3 3 2 1 0 0 0 3 1 0 0 0 0 2 0 3 5 1 0 2 0 0 1372.2099972218275 2232.749993443489 635.5399996936321 196.22999997437 374.6800013333559 1597.209993749857 1156.5999964624643 440.6099972873926 72.88000054657459 301.8000007867813 117.81000156700611 1348.7399946451187 1156.5999964624643 483.7799972295761 117.81000156700611 517.729998126626 440.6099972873926 390.3999992311001 196.22999997437 0 0 0 440.6099972873926 196.22999997437 0 0 0 0 390.3999992311001 0 517.729998126626 1156.5999964624643 117.81000156700611 0 301.8000007867813 0 0 432.9399978071451 2913.1399946957827 3677.839991211891 3.000000409781933 -8.059999961405993 2.810000214725733 2.320000544190407 -9.899999897927046 3.97000028565526
294 0 1 1 0 0 0 0 0 0 0 0 1 0 0 0 1 0 0 0 0 0 0 0 0 0 0 0 0 0 0 1 0 0 0 0 0 0 0 168.44999976456165 168.44999976456165 0 0 0 0 0 0 0 0 168.44999976456165 0 0 0 168.44999976456165 0 0 0 0 0 0 0 0 0 0 0 0 0 0 168.44999976456165 0 0 0 0 0 0 11.90999984741211 145.3999995738268 168.44999976456165 7.450580596923828e-9 -0.3999999985098839 0.0 0.07000002264976501 -0.5099999904632568 0.18000000715255737 294 1 4 1 0 0 3 2 1 0 0 0 2 2 1 0 1 1 0 0 0 0 0 1 0 0 0 0 0 0 0 1 2 0 0 0 0 0 119.09999859333038 733.9099998772144 168.44999976456165 0 0 565.4600001126528 437.9199993312359 127.5400007814169 0 0 0 295.99000054597855 437.9199993312359 119.09999859333038 0 168.44999976456165 127.5400007814169 0 0 0 0 0 127.5400007814169 0 0 0 0 0 0 0 168.44999976456165 437.9199993312359 0 0 0 0 0 114.18999943137169 681.7899993956089 853.0099984705448 1.0000001080334187 -1.86999998614192 1.1800000667572021 0.59000014513731 -2.1799999698996544 1.0800000876188278 294 2 7 1 0 1 6 4 2 0 1 0 3 4 1 0 1 2 0 0 0 0 0 2 0 0 0 0 0 0 0 1 4 0 0 1 0 0 270.4199992418289 1361.4399953335524 168.44999976456165 0 151.32000064849854 1192.9899955689907 910.7499968856573 282.2399986833334 0 151.32000064849854 0 450.68999844789505 910.7499968856573 119.09999859333038 0 168.44999976456165 282.2399986833334 0 0 0 0 0 282.2399986833334 0 0 0 0 0 0 0 168.44999976456165 910.7499968856573 0 0 151.32000064849854 0 0 187.2199989259243 1336.3699963539839 1631.8599945753813 2.000000197440386 -3.4699999801814556 2.180000126361847 1.970000259578228 -3.669999949634075 2.3500001579523087 294 3 8 1 0 1 7 5 2 0 1 0 3 5 2 0 1 2 0 0 0 0 0 2 0 0 0 0 0 0 0 1 5 0 0 1 0 0 410.0199982523918 1607.2899949103594 168.44999976456165 0 151.32000064849854 1438.8399951457977 1156.5999964624643 282.2399986833334 0 151.32000064849854 0 450.68999844789505 1156.5999964624643 258.6999976038933 0 168.44999976456165 282.2399986833334 0 0 0 0 0 282.2399986833334 0 0 0 0 0 0 0 168.44999976456165 1156.5999964624643 0 0 151.32000064849854 0 0 226.5399985909462 1657.029995009303 2017.3099931627512 3.000000238418579 -4.139999970793724 3.3600001484155655 3.0200003162026405 -4.469999931752682 3.7100001871585846 294 5 9 2 0 2 7 5 2 1 1 0 4 5 4 0 2 2 0 0 0 0 0 2 0 0 0 0 0 0 0 2 5 0 0 1 0 0 635.0999978780746 1791.4199932962656 352.5799981504679 0 224.20000119507313 1438.8399951457977 1156.5999964624643 282.2399986833334 72.88000054657459 151.32000064849854 0 634.8199968338013 1156.5999964624643 483.7799972295761 0 352.5799981504679 282.2399986833334 0 0 0 0 0 282.2399986833334 0 0 0 0 0 0 0 352.5799981504679 1156.5999964624643 0 0 151.32000064849854 0 0 311.4399977475405 1997.0499943345785 2499.399991720915 3.0000002942979336 -5.569999951869249 3.810000166296959 3.200000364333391 -5.719999920576811 4.160000205039978 294 10 11 3 1 3 8 5 3 1 2 1 6 5 6 1 2 3 1 1 0 0 0 3 1 0 0 0 0 1 0 2 5 1 0 2 0 0 1446.099998012185 2067.599993467331 470.389999717474 196.22999997437 374.6800013333559 1597.209993749857 1156.5999964624643 440.6099972873926 72.88000054657459 301.8000007867813 117.81000156700611 1026.2099948078394 1156.5999964624643 715.0499978810549 117.81000156700611 352.5799981504679 440.6099972873926 233.0199993699789 196.22999997437 0 0 0 440.6099972873926 196.22999997437 0 0 0 0 233.0199993699789 0 352.5799981504679 1156.5999964624643 117.81000156700611 0 301.8000007867813 0 0 425.54999889433384 2836.2099943608046 3586.5799920260906 3.0000004172325134 -7.799999948590994 3.1700002141296864 1.7200005240738392 -9.699999891221523 3.7900002636015415
295 0 1 0 0 0 1 1 0 0 0 0 0 1 0 0 0 0 0 0 0 0 0 0 0 0 0 0 0 0 0 0 1 0 0 0 0 0 0 228.59999957680702 0 0 0 228.59999957680702 228.59999957680702 0 0 0 0 0 228.59999957680702 0 0 0 0 0 0 0 0 0 0 0 0 0 0 0 0 0 0 228.59999957680702 0 0 0 0 0 23.0600004196167 195.54999935626984 228.59999957680702 1.0000000223517418 -0.3999999985098839 1.0000000149011612 1.3800000250339508 0.0 0.9800000190734863 295 1 4 1 0 0 3 2 1 0 0 0 2 2 1 0 1 1 0 0 0 0 0 1 0 0 0 0 0 0 0 1 2 0 0 0 0 0 119.09999859333038 763.9199978113174 168.44999976456165 0 0 595.4699980467558 467.9299972653389 127.5400007814169 0 0 0 295.99000054597855 467.9299972653389 119.09999859333038 0 168.44999976456165 127.5400007814169 0 0 0 0 0 127.5400007814169 0 0 0 0 0 0 0 168.44999976456165 467.9299972653389 0 0 0 0 0 101.10000112652779 716.4899960160255 883.0199964046478 1.0000001080334187 -1.86999998614192 1.1800000667572021 1.6800001487135887 -1.7099999710917473 1.7000000923871994 295 2 7 1 0 1 6 4 2 0 1 0 3 4 1 0 1 2 0 0 0 0 0 2 0 0 0 0 0 0 0 1 4 0 0 1 0 0 270.4199992418289 1373.7899950444698 168.44999976456165 0 151.32000064849854 1205.3399952799082 923.0999965965748 282.2399986833334 0 151.32000064849854 0 450.68999844789505 923.0999965965748 119.09999859333038 0 168.44999976456165 282.2399986833334 0 0 0 0 0 282.2399986833334 0 0 0 0 0 0 0 168.44999976456165 923.0999965965748 0 0 151.32000064849854 0 0 191.54999911785126 1345.4099956154823 1644.2099942862988 2.000000197440386 -3.4699999801814556 2.180000126361847 2.1500002667307854 -3.669999949634075 2.530000165104866 295 3 8 1 0 1 7 5 2 0 1 0 3 5 2 0 1 2 0 0 0 0 0 2 0 0 0 0 0 0 0 1 5 0 0 1 0 0 384.2899990081787 1607.2899949103594 168.44999976456165 0 151.32000064849854 1438.8399951457977 1156.5999964624643 282.2399986833334 0 151.32000064849854 0 450.68999844789505 1156.5999964624643 232.96999835968018 0 168.44999976456165 282.2399986833334 0 0 0 0 0 282.2399986833334 0 0 0 0 0 0 0 168.44999976456165 1156.5999964624643 0 0 151.32000064849854 0 0 227.28999841213226 1635.1799960583448 1991.579993918538 3.000000238418579 -4.139999970793724 3.3600001484155655 3.820000298321247 -3.669999949634075 3.7100001871585846 295 6 8 1 1 2 7 5 2 1 1 0 3 5 4 0 1 2 0 1 0 0 0 2 1 0 0 0 0 0 0 1 5 0 0 1 0 0 831.3299978524446 1607.2899949103594 168.44999976456165 196.22999997437 224.20000119507313 1438.8399951457977 1156.5999964624643 282.2399986833334 72.88000054657459 151.32000064849854 0 450.68999844789505 1156.5999964624643 483.7799972295761 0 168.44999976456165 282.2399986833334 0 196.22999997437 0 0 0 282.2399986833334 196.22999997437 0 0 0 0 0 0 168.44999976456165 1156.5999964624643 0 0 151.32000064849854 0 0 304.6999982893467 2020.9499955624342 2511.4999933093786 3.0000002942979336 -5.569999951869249 3.810000166296959 2.6900003738701344 -6.229999911040068 4.160000205039978 295 11 11 3 2 3 8 5 3 1 2 1 6 5 6 1 2 3 1 2 0 0 0 3 1 0 0 0 0 1 0 2 5 1 0 2 1 0 1708.179997459054 2067.599993467331 470.389999717474 458.3099994212389 374.6800013333559 1597.209993749857 1156.5999964624643 440.6099972873926 72.88000054657459 301.8000007867813 117.81000156700611 1026.2099948078394 1156.5999964624643 715.0499978810549 117.81000156700611 352.5799981504679 440.6099972873926 233.0199993699789 458.3099994212389 0 0 0 440.6099972873926 196.22999997437 0 0 0 0 233.0199993699789 0 352.5799981504679 1156.5999964624643 117.81000156700611 0 301.8000007867813 262.0799994468689 0 443.8599997907877 3064.629993483424 3848.6599914729595 3.000000411644578 -8.199999947100878 3.1700002010911703 2.1200005169957876 -9.699999891221523 3.7900002505630255
296 1 0 0 0 0 0 0 0 0 0 0 0 0 1 0 0 0 0 0 0 0 0 0 0 0 0 0 0 0 0 0 0 0 0 0 0 0 119.09999859333038 0 0 0 0 0 0 0 0 0 0 0 0 119.09999859333038 0 0 0 0 0 0 0 0 0 0 0 0 0 0 0 0 0 0 0 0 0 0 0 13.859999775886536 92.78999900817871 119.09999859333038 1.862645149230957e-8 -0.26999999210238457 0.18000000715255737 -0.5299999713897705 -0.7999999821186066 0.18000000715255737 296 1 4 1 0 0 3 2 1 0 0 0 2 2 1 0 1 1 0 0 0 0 0 1 0 0 0 0 0 0 0 1 2 0 0 0 0 0 119.09999859333038 791.079994931817 168.44999976456165 0 0 622.6299951672554 467.9299972653389 154.6999979019165 0 0 0 323.14999766647816 467.9299972653389 119.09999859333038 0 168.44999976456165 154.6999979019165 0 0 0 0 0 154.6999979019165 0 0 0 0 0 0 0 168.44999976456165 467.9299972653389 0 0 0 0 0 86.93000054359436 762.4599933475256 910.1799935251474 1.0000001080334187 -1.86999998614192 1.1800000667572021 0.9200001507997513 -2.2899999618530273 1.520000085234642 296 1 6 1 0 0 5 3 2 0 0 0 3 3 1 0 1 2 0 0 0 0 0 2 0 0 0 0 0 0 0 1 3 0 0 0 0 0 119.09999859333038 1164.469995290041 168.44999976456165 0 0 996.0199955254793 713.7799968421459 282.2399986833334 0 0 0 450.68999844789505 713.7799968421459 119.09999859333038 0 168.44999976456165 282.2399986833334 0 0 0 0 0 282.2399986833334 0 0 0 0 0 0 0 168.44999976456165 713.7799968421459 0 0 0 0 0 139.84000045061111 1052.3999938368797 1283.5699938833714 1.0000001676380634 -2.669999983161688 1.1800001114606857 1.6800002232193947 -2.6899999603629112 1.8800001442432404 296 3 7 1 0 2 6 4 2 1 1 0 3 4 2 0 1 2 0 0 0 0 0 2 0 0 0 0 0 0 0 1 4 0 0 1 0 0 384.2899990081787 1373.7899950444698 168.44999976456165 0 224.20000119507313 1205.3399952799082 923.0999965965748 282.2399986833334 72.88000054657459 151.32000064849854 0 450.68999844789505 923.0999965965748 232.96999835968018 0 168.44999976456165 282.2399986833334 0 0 0 0 0 282.2399986833334 0 0 0 0 0 0 0 168.44999976456165 923.0999965965748 0 0 151.32000064849854 0 0 231.52999897301197 1456.5699964165688 1830.9599945992231 2.000000227242708 -4.2299999706447124 2.450000137090683 2.4200002886354923 -4.159999947994947 2.800000175833702 296 7 8 1 1 2 7 5 2 1 1 0 3 5 5 0 1 2 0 1 0 0 0 2 1 0 0 0 0 0 0 1 5 0 0 1 0 0 951.3899986445904 1607.2899949103594 168.44999976456165 196.22999997437 224.20000119507313 1438.8399951457977 1156.5999964624643 282.2399986833334 72.88000054657459 151.32000064849854 0 450.68999844789505 1156.5999964624643 603.8399980217218 0 168.44999976456165 282.2399986833334 0 196.22999997437 0 0 0 282.2399986833334 196.22999997437 0 0 0 0 0 0 168.44999976456165 1156.5999964624643 0 0 151.32000064849854 0 0 318.1299988478422 2116.429995700717 2631.5599941015244 3.000000312924385 -5.839999943971634 3.9900001734495163 2.9800003841519356 -6.2099999114871025 4.340000212192535 296 9 11 2 1 2 9 6 3 1 1 0 6 6 6 0 2 3 1 1 0 0 0 3 1 0 0 0 0 1 0 2 6 0 0 1 0 0 1295.6199978739023 2186.6099898666143 352.5799981504679 196.22999997437 224.20000119507313 1834.0299917161465 1393.4199944287539 440.6099972873926 72.88000054657459 151.32000064849854 0 1026.2099948078394 1393.4199944287539 715.0499978810549 0 352.5799981504679 440.6099972873926 233.0199993699789 196.22999997437 0 0 0 440.6099972873926 196.22999997437 0 0 0 0 233.0199993699789 0 352.5799981504679 1393.4199944287539 0 0 151.32000064849854 0 0 427.4799973964691 2827.279992029071 3555.1099882870913 4.000000435858965 -7.39999995008111 4.1700002402067184 3.570000544190407 -8.71999990195036 5.06000030040741
297 0 1 0 0 0 1 1 0 0 0 0 0 1 0 0 0 0 0 0 0 0 0 0 0 0 0 0 0 0 0 0 1 0 0 0 0 0 0 239.32999768853188 0 0 0 239.32999768853188 239.32999768853188 0 0 0 0 0 239.32999768853188 0 0 0 0 0 0 0 0 0 0 0 0 0 0 0 0 0 0 239.32999768853188 0 0 0 0 0 25.43000078201294 200.579997330904 239.32999768853188 1.0000000223517418 -0.3999999985098839 1.0000000149011612 1.580000028014183 0.0 1.1800000220537186 297 1 4 0 0 0 4 3 1 0 0 0 1 3 1 0 0 1 0 0 0 0 0 1 0 0 0 0 0 0 0 0 3 0 0 0 0 0 119.09999859333038 868.4799947440624 0 0 0 868.4799947440624 713.7799968421459 154.6999979019165 0 0 0 154.6999979019165 713.7799968421459 119.09999859333038 0 0 154.6999979019165 0 0 0 0 0 154.6999979019165 0 0 0 0 0 0 0 0 713.7799968421459 0 0 0 0 0 101.0900003015995 824.8299935162067 987.5799933373928 2.00000012293458 -1.86999998614192 2.1800000816583633 2.4300001561641693 -1.7799999713897705 2.5200001001358032 297 2 6 1 0 1 5 3 2 1 0 0 3 3 2 0 1 2 0 0 0 0 0 2 0 0 0 0 0 0 0 1 3 0 0 0 0 0 232.96999835968018 1164.469995290041 168.44999976456165 0 72.88000054657459 996.0199955254793 713.7799968421459 282.2399986833334 72.88000054657459 0 0 450.68999844789505 713.7799968421459 232.96999835968018 0 168.44999976456165 282.2399986833334 0 0 0 0 0 282.2399986833334 0 0 0 0 0 0 0 168.44999976456165 713.7799968421459 0 0 0 0 0 179.82000030577183 1163.5599946379662 1470.3199941962957 1.0000001974403858 -3.4299999736249447 1.4500001221895218 1.9500002451241016 -3.1799999587237835 2.1500001549720764 297 3 7 1 1 1 6 4 2 1 0 0 3 4 2 0 1 2 0 1 0 0 0 2 1 0 0 0 0 0 0 1 4 0 0 0 0 0 429.1999983340502 1373.7899950444698 168.44999976456165 196.22999997437 72.88000054657459 1205.3399952799082 923.0999965965748 282.2399986833334 72.88000054657459 0 0 450.68999844789505 923.0999965965748 232.96999835968018 0 168.44999976456165 282.2399986833334 0 196.22999997437 0 0 0 282.2399986833334 196.22999997437 0 0 0 0 0 0 168.44999976456165 923.0999965965748 0 0 0 0 0 239.7899993956089 1495.3899951577187 1875.8699939250946 2.000000227242708 -4.2299999706447124 2.450000137090683 1.8600002862513065 -4.6299999468028545 2.7100001722574234 297 8 8 1 2 2 7 5 2 1 1 0 4 5 4 0 1 2 1 2 0 0 0 2 1 0 0 0 0 1 0 1 5 0 0 1 1 0 1306.8899984508753 1607.2899949103594 168.44999976456165 458.3099994212389 224.20000119507313 1438.8399951457977 1156.5999964624643 282.2399986833334 72.88000054657459 151.32000064849854 0 683.709997817874 1156.5999964624643 464.23999901115894 0 168.44999976456165 282.2399986833334 233.0199993699789 458.3099994212389 0 0 0 282.2399986833334 196.22999997437 0 0 0 0 233.0199993699789 0 168.44999976456165 1156.5999964624643 0 0 151.32000064849854 262.0799994468689 0 348.0899993032217 2381.1599965393543 2987.0599939078093 4.000000325962901 -6.059999968856573 3.810000168159604 4.700000392273068 -5.709999941289425 4.160000206902623 297 12 11 1 3 4 10 7 3 2 2 0 5 7 6 0 1 3 1 3 1 0 0 3 2 0 0 1 0 1 0 1 6 0 0 1 1 0 1888.419995740056 2199.399992018938 168.44999976456165 664.1199992448092 389.7200003415346 2030.9499922543764 1590.3399949669838 440.6099972873926 131.43999953567982 258.2800008058548 0 842.0799964219332 1590.3399949669838 732.9999963194132 0 168.44999976456165 440.6099972873926 233.0199993699789 664.1199992448092 106.96000015735626 0 0 440.6099972873926 402.03999979794025 0 0 196.92000053822994 0 233.0199993699789 0 168.44999976456165 1393.4199944287539 0 0 151.32000064849854 262.0799994468689 0 525.6399984955788 3329.4099918305874 4219.259987294674 5.000000478699803 -9.089999943971634 5.260000253096223 5.730000590905547 -9.249999891966581 6.150000313296914
298 0 1 0 0 0 1 0 1 0 0 0 1 0 0 0 0 1 0 0 0 0 0 1 0 0 0 0 0 0 0 0 0 0 0 0 0 0 0 154.6999979019165 0 0 0 154.6999979019165 0 154.6999979019165 0 0 0 154.6999979019165 0 0 0 0 154.6999979019165 0 0 0 0 0 154.6999979019165 0 0 0 0 0 0 0 0 0 0 0 0 0 0 12.669999718666077 128.13999807834625 154.6999979019165 -0.999999962747097 -0.3999999985098839 -0.9999999701976776 -1.579999953508377 -0.9799999892711639 -0.9999999701976776 298 2 3 0 0 0 3 2 1 0 0 0 1 2 2 0 0 1 0 0 0 0 0 1 0 0 0 0 0 0 0 0 2 0 0 0 0 0 232.96999835968018 639.8799951672554 0 0 0 639.8799951672554 485.1799972653389 154.6999979019165 0 0 0 154.6999979019165 485.1799972653389 232.96999835968018 0 0 154.6999979019165 0 0 0 0 0 154.6999979019165 0 0 0 0 0 0 0 0 485.1799972653389 0 0 0 0 0 92.02999976277351 720.3199941217899 872.8499935269356 1.0000001192092896 -1.7399999797344208 1.3600000739097595 1.3200001418590546 -1.7799999713897705 1.7200000882148743 298 2 5 1 0 1 4 3 1 1 0 0 2 3 2 0 1 1 0 0 0 0 0 1 0 0 0 0 0 0 0 1 3 0 0 0 0 0 232.96999835968018 1036.929994508624 168.44999976456165 0 72.88000054657459 868.4799947440624 713.7799968421459 154.6999979019165 72.88000054657459 0 0 323.14999766647816 713.7799968421459 232.96999835968018 0 168.44999976456165 154.6999979019165 0 0 0 0 0 154.6999979019165 0 0 0 0 0 0 0 168.44999976456165 713.7799968421459 0 0 0 0 0 152.98000000417233 1081.38999389112 1342.7799934148788 2.000000160187483 -3.029999975115061 2.4500000923871994 2.7700002007186413 -2.7799999602138996 2.9700001180171967 298 5 6 1 1 1 5 3 2 1 0 0 3 3 4 0 1 2 0 1 0 0 0 2 1 0 0 0 0 0 0 1 3 0 0 0 0 0 660.469998985529 1164.469995290041 168.44999976456165 196.22999997437 72.88000054657459 996.0199955254793 713.7799968421459 282.2399986833334 72.88000054657459 0 0 450.68999844789505 713.7799968421459 464.23999901115894 0 168.44999976456165 282.2399986833334 0 196.22999997437 0 0 0 282.2399986833334 196.22999997437 0 0 0 0 0 0 168.44999976456165 713.7799968421459 0 0 0 0 0 231.43000070750713 1511.7999945282936 1897.8199948221445 1.0000002421438694 -4.369999956339598 1.8100001364946365 1.6400002911686897 -4.429999940097332 2.510000169277191 298 6 8 1 1 2 7 5 2 1 1 0 3 5 4 0 1 2 0 1 0 0 0 2 1 0 0 0 0 0 0 1 5 0 0 1 0 0 811.7899996340275 1610.6099930107594 168.44999976456165 196.22999997437 224.20000119507313 1442.1599932461977 1159.9199945628643 282.2399986833334 72.88000054657459 151.32000064849854 0 450.68999844789505 1159.9199945628643 464.23999901115894 0 168.44999976456165 282.2399986833334 0 196.22999997437 0 0 0 282.2399986833334 196.22999997437 0 0 0 0 0 0 168.44999976456165 1159.9199945628643 0 0 151.32000064849854 0 0 314.4099985808134 2001.9699948430061 2495.2799931913614 3.0000002942979336 -5.569999951869249 3.810000166296959 3.4000003710389137 -5.879999928176403 4.520000219345093 298 7 10 1 1 3 9 7 2 2 1 0 3 7 5 0 1 2 0 1 0 0 0 2 1 0 0 1 0 0 0 1 6 0 0 1 0 0 951.3899986445904 2041.0299934148788 168.44999976456165 196.22999997437 282.76000018417835 1872.5799936503172 1590.3399949669838 282.2399986833334 131.43999953567982 151.32000064849854 0 450.68999844789505 1590.3399949669838 603.8399980217218 0 168.44999976456165 282.2399986833334 0 196.22999997437 0 0 0 282.2399986833334 196.22999997437 0 0 196.92000053822994 0 0 0 168.44999976456165 1393.4199944287539 0 0 151.32000064849854 0 0 398.02999745309353 2489.889995008707 3123.859991595149 5.00000037625432 -7.129999939352274 6.080000214278698 5.670000459998846 -7.169999908655882 6.790000267326832
299 0 1 0 0 0 1 1 0 0 0 0 0 1 0 0 0 0 0 0 0 0 0 0 0 0 0 0 0 0 0 0 1 0 0 0 0 0 0 245.84999957680702 0 0 0 245.84999957680702 245.84999957680702 0 0 0 0 0 245.84999957680702 0 0 0 0 0 0 0 0 0 0 0 0 0 0 0 0 0 0 245.84999957680702 0 0 0 0 0 26.06999960541725 207.76999974250793 245.84999957680702 1.0000000223517418 -0.3999999985098839 1.0000000149011612 1.580000028014183 0.0 1.1800000220537186 299 1 3 0 0 1 3 2 1 1 0 0 1 2 1 0 0 1 0 0 0 0 0 1 0 0 0 0 0 0 0 0 2 0 0 0 0 0 113.86999976634979 639.8799951672554 0 0 72.88000054657459 639.8799951672554 485.1799972653389 154.6999979019165 72.88000054657459 0 0 154.6999979019165 485.1799972653389 113.86999976634979 0 0 154.6999979019165 0 0 0 0 0 154.6999979019165 0 0 0 0 0 0 0 0 485.1799972653389 0 0 0 0 0 104.14999996125698 647.6499959528446 826.6299954801798 1.000000111758709 -1.9599999859929085 1.2700000703334808 1.850000124424696 -1.4699999876320362 1.6300000846385956 299 4 4 0 1 1 4 3 1 1 0 0 1 3 3 0 0 1 0 1 0 0 0 1 1 0 0 0 0 0 0 0 3 0 0 0 0 0 520.9199984818697 868.4799947440624 0 196.22999997437 72.88000054657459 868.4799947440624 713.7799968421459 154.6999979019165 72.88000054657459 0 0 154.6999979019165 713.7799968421459 324.6899985074997 0 0 154.6999979019165 0 196.22999997437 0 0 0 154.6999979019165 196.22999997437 0 0 0 0 0 0 0 713.7799968421459 0 0 0 0 0 175.61000019311905 1175.7899940311909 1462.2799937725067 2.0000001788139343 -3.2999999672174454 2.6300000995397568 2.390000205487013 -3.2499999590218067 2.9700001180171967 299 5 5 1 1 1 4 3 1 1 0 0 2 3 4 0 1 1 0 1 0 0 0 1 1 0 0 0 0 0 0 1 3 0 0 0 0 0 660.469998985529 1036.929994508624 168.44999976456165 196.22999997437 72.88000054657459 868.4799947440624 713.7799968421459 154.6999979019165 72.88000054657459 0 0 323.14999766647816 713.7799968421459 464.23999901115894 0 168.44999976456165 154.6999979019165 0 196.22999997437 0 0 0 154.6999979019165 196.22999997437 0 0 0 0 0 0 168.44999976456165 713.7799968421459 0 0 0 0 0 204.59000040590763 1429.6299937814474 1770.2799940407276 2.0000002048909664 -3.969999957829714 2.810000106692314 2.4600002467632294 -4.029999941587448 3.3300001323223114 299 6 9 1 1 4 8 6 2 3 1 0 3 6 4 0 1 2 0 1 0 0 0 2 1 0 0 1 0 0 0 1 5 0 0 1 0 0 809.3899984657764 1807.5299935489893 168.44999976456165 196.22999997437 343.80999906361103 1639.0799937844276 1356.8399951010942 282.2399986833334 194.88999958336353 148.9199994802475 0 450.68999844789505 1356.8399951010942 464.23999901115894 0 168.44999976456165 282.2399986833334 0 196.22999997437 0 0 0 282.2399986833334 196.22999997437 0 0 196.92000053822994 0 0 0 168.44999976456165 1159.9199945628643 0 0 148.9199994802475 0 0 391.1799988001585 2181.6399931162596 2811.8099915981293 4.000000346451998 -6.949999947100878 4.990000195801258 4.330000422894955 -7.329999923706055 5.700000248849392 299 15 13 1 3 9 12 10 2 5 3 1 4 10 7 0 1 2 1 3 1 0 0 2 2 0 0 3 1 1 0 1 7 0 0 2 1 0 2269.0199986845255 2668.619993388653 168.44999976456165 664.1199992448092 797.520003348589 2500.169993624091 2217.9299949407578 282.2399986833334 275.50000005960464 407.2000002861023 114.820003002882 683.709997817874 2217.9299949407578 849.8599967807531 0 168.44999976456165 282.2399986833334 233.0199993699789 664.1199992448092 106.96000015735626 0 0 282.2399986833334 402.03999979794025 0 0 580.6900014132261 114.820003002882 233.0199993699789 0 168.44999976456165 1637.2399935275316 0 0 300.24000012874603 262.0799994468689 0 694.2999969124794 4084.8599975705147 5213.139992132783 9.000000590458512 -12.42999992519617 9.710000300779939 10.600000718608499 -11.949999876320362 11.140000382438302
300 1 0 0 0 0 0 0 0 0 0 0 0 0 1 0 0 0 0 0 0 0 0 0 0 0 0 0 0 0 0 0 0 0 0 0 0 0 113.86999976634979 0 0 0 0 0 0 0 0 0 0 0 0 113.86999976634979 0 0 0 0 0 0 0 0 0 0 0 0 0 0 0 0 0 0 0 0 0 0 0 13.99999988079071 91.03999996185303 113.86999976634979 1.862645149230957e-8 -0.26999999210238457 0.18000000715255737 0.27000001072883606 0.0 0.18000000715255737 300 2 2 0 1 1 2 1 1 1 0 0 1 1 1 0 0 1 0 1 0 0 0 1 1 0 0 0 0 0 0 0 1 0 0 0 0 0 310.0999997407198 400.5499974787235 0 196.22999997437 72.88000054657459 400.5499974787235 245.84999957680702 154.6999979019165 72.88000054657459 0 0 154.6999979019165 245.84999957680702 113.86999976634979 0 0 154.6999979019165 0 196.22999997437 0 0 0 154.6999979019165 196.22999997437 0 0 0 0 0 0 0 245.84999957680702 0 0 0 0 0 100.16999918222427 613.0199984312057 783.5299977660179 9.685754776000977e-8 -1.9599999859929085 0.27000005543231964 -0.30999988690018654 -2.4499999769032 0.450000062584877 300 4 3 0 1 1 3 2 1 1 0 0 1 2 3 0 0 1 0 1 0 0 0 1 1 0 0 0 0 0 0 0 2 0 0 0 0 0 541.3700003921986 639.8799951672554 0 196.22999997437 72.88000054657459 639.8799951672554 485.1799972653389 154.6999979019165 72.88000054657459 0 0 154.6999979019165 485.1799972653389 345.14000041782856 0 0 154.6999979019165 0 196.22999997437 0 0 0 154.6999979019165 196.22999997437 0 0 0 0 0 0 0 485.1799972653389 0 0 0 0 0 155.7600003629923 995.8899958431721 1254.1299961060286 1.0000001564621925 -2.8999999687075615 1.6300000846385956 1.540000170469284 -2.7199999690055847 1.9900000989437103 300 5 5 0 1 1 5 4 1 1 0 0 1 4 4 0 0 1 0 1 0 0 0 1 1 0 0 0 0 0 0 0 4 0 0 0 0 0 660.469998985529 1105.299992710352 0 196.22999997437 72.88000054657459 1105.299992710352 950.5999948084354 154.6999979019165 72.88000054657459 0 0 154.6999979019165 950.5999948084354 464.23999901115894 0 0 154.6999979019165 0 196.22999997437 0 0 0 154.6999979019165 196.22999997437 0 0 0 0 0 0 0 950.5999948084354 0 0 0 0 0 223.94999976456165 1481.3899927437305 1838.6499922424555 3.0000002197921276 -3.969999957829714 3.8100001215934753 3.6800002604722977 -3.9899999499320984 4.51000015437603 300 6 7 1 1 2 6 4 2 2 0 0 3 4 5 0 1 2 0 1 0 0 0 2 1 0 0 0 0 0 0 1 4 0 0 0 0 0 795.5899976342916 1401.2899932563305 168.44999976456165 196.22999997437 131.43999953567982 1232.8399934917688 950.5999948084354 282.2399986833334 131.43999953567982 0 0 450.68999844789505 950.5999948084354 599.3599976599216 0 168.44999976456165 282.2399986833334 0 196.22999997437 0 0 0 282.2399986833334 196.22999997437 0 0 0 0 0 0 168.44999976456165 950.5999948084354 0 0 0 0 0 299.8599994778633 1831.8899919390678 2328.319990426302 2.0000002942979336 -5.529999945312738 3.080000162124634 2.4000003673136234 -6.189999919384718 4.140000209212303 300 10 11 1 1 6 10 8 2 3 2 1 3 8 6 0 1 2 0 1 0 0 0 2 1 0 0 1 1 0 0 1 7 0 0 2 0 0 1340.449998691678 2230.8399919122458 168.44999976456165 196.22999997437 609.9500027149916 2062.389992147684 1780.1499934643507 282.2399986833334 194.88999958336353 300.24000012874603 114.820003002882 450.68999844789505 1780.1499934643507 729.15999558568 0 168.44999976456165 282.2399986833334 0 196.22999997437 0 0 0 282.2399986833334 196.22999997437 0 0 196.92000053822994 114.820003002882 0 0 168.44999976456165 1583.2299929261208 0 0 300.24000012874603 0 0 496.75999642908573 2975.8699939996004 3766.1799901872873 6.0000004433095455 -9.089999925345182 7.350000239908695 7.190000534057617 -8.529999904334545 8.600000314414501
301 0 0 0 0 1 0 0 0 1 0 0 0 0 0 0 0 0 0 0 0 0 0 0 0 0 0 0 0 0 0 0 0 0 0 0 0 0 0 0 0 0 72.88000054657459 0 0 0 72.88000054657459 0 0 0 0 0 0 0 0 0 0 0 0 0 0 0 0 0 0 0 0 0 0 0 0 0 0 0 0 25.979999974370003 20.1200008392334 72.88000054657459 1.1175870895385742e-8 -0.48999999836087227 0.09000000357627869 1.1175870895385742e-8 -0.48999999836087227 0.09000000357627869 301 3 1 0 1 1 1 1 0 1 0 0 0 1 2 0 0 0 0 1 0 0 0 0 1 0 0 0 0 0 0 0 1 0 0 0 0 0 401.8199998885393 245.84999957680702 0 196.22999997437 72.88000054657459 245.84999957680702 245.84999957680702 0 72.88000054657459 0 0 0 245.84999957680702 205.5899999141693 0 0 0 0 196.22999997437 0 0 0 0 196.22999997437 0 0 0 0 0 0 0 245.84999957680702 0 0 0 0 0 100.5899994969368 558.7300002574921 720.5500000119209 1.0000000782310963 -1.8299999795854092 1.4500000327825546 1.5400000773370266 -1.4699999876320362 1.630000039935112 301 4 4 0 1 1 4 3 1 1 0 0 1 3 3 0 0 1 0 1 0 0 0 1 1 0 0 0 0 0 0 0 3 0 0 0 0 0 541.3700003921986 876.6999931335449 0 196.22999997437 72.88000054657459 876.6999931335449 721.9999952316284 154.6999979019165 72.88000054657459 0 0 154.6999979019165 721.9999952316284 345.14000041782856 0 0 154.6999979019165 0 196.22999997437 0 0 0 154.6999979019165 196.22999997437 0 0 0 0 0 0 0 721.9999952316284 0 0 0 0 0 187.02999956905842 1193.049994379282 1490.949994072318 2.0000001788139343 -3.2999999672174454 2.6300000995397568 2.8300002068281174 -3.189999967813492 3.3500001281499863 301 5 4 0 1 2 4 3 1 2 0 0 1 3 4 0 0 1 0 1 0 0 0 1 1 0 0 0 0 0 0 0 3 0 0 0 0 0 660.469998985529 876.6999931335449 0 196.22999997437 131.43999953567982 876.6999931335449 721.9999952316284 154.6999979019165 131.43999953567982 0 0 154.6999979019165 721.9999952316284 464.23999901115894 0 0 154.6999979019165 0 196.22999997437 0 0 0 154.6999979019165 196.22999997437 0 0 0 0 0 0 0 721.9999952316284 0 0 0 0 0 225.56999917328358 1296.8399933874607 1668.6099916547537 2.0000002086162567 -4.059999957680702 2.900000110268593 2.3000002466142178 -4.479999948292971 3.6200001388788223 301 6 7 1 1 2 6 5 1 2 0 0 2 5 5 0 1 1 0 1 0 0 0 1 1 0 0 0 0 0 0 1 5 0 0 0 0 0 795.5899976342916 1517.5699915736914 168.44999976456165 196.22999997437 131.43999953567982 1349.1199918091297 1194.4199939072132 154.6999979019165 131.43999953567982 0 0 323.14999766647816 1194.4199939072132 599.3599976599216 0 168.44999976456165 154.6999979019165 0 196.22999997437 0 0 0 154.6999979019165 196.22999997437 0 0 0 0 0 0 168.44999976456165 1194.4199939072132 0 0 0 0 0 305.2599984705448 1947.1199906915426 2444.599988743663 4.000000279396772 -5.529999945312738 5.080000147223473 4.800000350922346 -5.789999920874834 6.140000194311142 301 8 11 1 1 4 10 8 2 3 1 0 3 8 6 0 1 2 0 1 0 0 0 2 1 0 0 1 0 0 0 1 7 0 0 1 0 0 1074.3099950402975 2230.8399919122458 168.44999976456165 196.22999997437 355.2500012665987 2062.389992147684 1780.1499934643507 282.2399986833334 206.3300017863512 148.9199994802475 0 450.68999844789505 1780.1499934643507 729.15999558568 0 168.44999976456165 282.2399986833334 0 196.22999997437 0 0 0 282.2399986833334 196.22999997437 0 0 196.92000053822994 0 0 0 168.44999976456165 1583.2299929261208 0 0 148.9199994802475 0 0 486.91999788582325 2743.739991247654 3511.4799887388945 6.000000428408384 -8.289999928325415 7.350000239908695 6.990000516176224 -8.059999905526638 8.420000307261944
302 1 0 0 1 0 0 0 0 0 0 0 0 0 0 0 0 0 0 1 0 0 0 0 1 0 0 0 0 0 0 0 0 0 0 0 0 0 196.22999997437 0 0 196.22999997437 0 0 0 0 0 0 0 0 0 0 0 0 0 0 196.22999997437 0 0 0 0 196.22999997437 0 0 0 0 0 0 0 0 0 0 0 0 0 21.450000002980232 165.94999980926514 196.22999997437 7.450580596923828e-9 -0.3999999985098839 0.0 -0.5799999833106995 -0.9799999892711639 0.0 302 4 0 0 1 1 0 0 0 1 0 0 0 0 3 0 0 0 0 1 0 0 0 0 1 0 0 0 0 0 0 0 0 0 0 0 0 0 541.3700003921986 0 0 196.22999997437 72.88000054657459 0 0 0 72.88000054657459 0 0 0 0 345.14000041782856 0 0 0 0 196.22999997437 0 0 0 0 196.22999997437 0 0 0 0 0 0 0 0 0 0 0 0 0 91.59000025689602 459.4000006914139 614.2500009387732 7.450580596923828e-8 -1.6999999731779099 0.6300000250339508 -0.039999932050704956 -1.7399999797344208 0.6300000250339508 302 4 2 0 1 2 2 2 0 2 0 0 0 2 3 0 0 0 0 1 0 0 0 0 1 0 0 0 0 0 0 0 2 0 0 0 0 0 541.3700003921986 482.66999754309654 0 196.22999997437 131.43999953567982 482.66999754309654 482.66999754309654 0 131.43999953567982 0 0 0 482.66999754309654 345.14000041782856 0 0 0 0 196.22999997437 0 0 0 0 196.22999997437 0 0 0 0 0 0 0 482.66999754309654 0 0 0 0 0 173.60999889671803 875.3299989700317 1155.479997470975 2.0000001303851604 -2.98999996855855 2.720000058412552 2.8300001434981823 -2.6999999769032 3.260000079870224 302 5 4 0 1 2 4 3 1 2 0 0 1 3 4 0 0 1 0 1 0 0 0 1 1 0 0 0 0 0 0 0 3 0 0 0 0 0 676.4899990409613 876.6999931335449 0 196.22999997437 131.43999953567982 876.6999931335449 721.9999952316284 154.6999979019165 131.43999953567982 0 0 154.6999979019165 721.9999952316284 480.25999906659126 0 0 154.6999979019165 0 196.22999997437 0 0 0 154.6999979019165 196.22999997437 0 0 0 0 0 0 0 721.9999952316284 0 0 0 0 0 224.18999913334846 1315.9799932539463 1684.629991710186 2.0000002086162567 -4.059999957680702 2.900000110268593 2.3000002466142178 -4.479999948292971 3.6200001388788223 302 8 7 0 1 3 7 6 1 2 1 0 1 6 6 0 0 1 0 1 0 0 0 1 1 0 0 1 0 0 0 0 5 0 0 1 0 0 1074.3099950402975 1546.0399923473597 0 196.22999997437 280.3599990159273 1546.0399923473597 1391.3399944454432 154.6999979019165 131.43999953567982 148.9199994802475 0 154.6999979019165 1391.3399944454432 729.15999558568 0 0 154.6999979019165 0 196.22999997437 0 0 0 154.6999979019165 196.22999997437 0 0 196.92000053822994 0 0 0 0 1194.4199939072132 0 0 148.9199994802475 0 0 361.5899977982044 2180.019989743829 2751.789986923337 5.000000327825546 -6.199999935925007 6.260000176727772 5.910000387579203 -6.259999919682741 7.2300002202391624 302 9 13 1 1 9 12 10 2 7 1 1 3 10 6 0 1 2 0 1 0 0 0 2 1 0 0 2 1 0 0 1 8 0 0 1 0 0 1189.1299980431795 2654.889995083213 168.44999976456165 196.22999997437 686.8000058233738 2486.439995318651 2204.199996635318 282.2399986833334 423.0600033402443 148.9199994802475 114.820003002882 450.68999844789505 2204.199996635318 729.15999558568 0 168.44999976456165 282.2399986833334 0 196.22999997437 0 0 0 282.2399986833334 196.22999997437 0 0 353.8300026804209 114.820003002882 0 0 168.44999976456165 1850.369993954897 0 0 148.9199994802475 0 0 607.199998229742 3284.3799983412027 4267.079996466637 8.000000532716513 -11.449999917298555 9.710000291466713 9.540000639855862 -11.429999895393848 11.850000381469727
303 1 0 0 0 0 0 0 0 0 0 0 0 0 1 0 0 0 0 0 0 0 0 0 0 0 0 0 0 0 0 0 0 0 0 0 0 0 91.72000014781952 0 0 0 0 0 0 0 0 0 0 0 0 91.72000014781952 0 0 0 0 0 0 0 0 0 0 0 0 0 0 0 0 0 0 0 0 0 0 0 13.090000033378601 73.84999990463257 91.72000014781952 1.862645149230957e-8 -0.26999999210238457 0.18000000715255737 0.27000001072883606 0.0 0.18000000715255737 303 3 1 0 1 1 1 1 0 1 0 0 0 1 2 0 0 0 0 1 0 0 0 0 1 0 0 0 0 0 0 0 1 0 0 0 0 0 427.50000062584877 236.81999796628952 0 196.22999997437 72.88000054657459 236.81999796628952 236.81999796628952 0 72.88000054657459 0 0 0 236.81999796628952 231.27000065147877 0 0 0 0 196.22999997437 0 0 0 0 196.22999997437 0 0 0 0 0 0 0 236.81999796628952 0 0 0 0 0 108.85999958217144 565.5199992656708 737.1999991387129 1.0000000782310963 -1.8299999795854092 1.4500000327825546 0.9800000935792923 -2.209999978542328 1.8100000470876694 303 4 2 0 1 2 2 2 0 2 0 0 0 2 3 0 0 0 0 1 0 0 0 0 1 0 0 0 0 0 0 0 2 0 0 0 0 0 541.3700003921986 482.66999754309654 0 196.22999997437 131.43999953567982 482.66999754309654 482.66999754309654 0 131.43999953567982 0 0 0 482.66999754309654 345.14000041782856 0 0 0 0 196.22999997437 0 0 0 0 196.22999997437 0 0 0 0 0 0 0 482.66999754309654 0 0 0 0 0 173.60999889671803 875.3299989700317 1155.479997470975 2.0000001303851604 -2.98999996855855 2.720000058412552 2.8300001434981823 -2.6999999769032 3.260000079870224 303 5 4 0 1 2 4 3 1 2 0 0 1 3 4 0 0 1 0 1 0 0 0 1 1 0 0 0 0 0 0 0 3 0 0 0 0 0 676.4899990409613 881.1899945437908 0 196.22999997437 131.43999953567982 881.1899945437908 726.4899966418743 154.6999979019165 131.43999953567982 0 0 154.6999979019165 726.4899966418743 480.25999906659126 0 0 154.6999979019165 0 196.22999997437 0 0 0 154.6999979019165 196.22999997437 0 0 0 0 0 0 0 726.4899966418743 0 0 0 0 0 230.99999764561653 1312.7999954223633 1689.119993120432 2.0000002086162567 -4.059999957680702 2.900000110268593 2.3000002466142178 -4.479999948292971 3.6200001388788223 303 7 5 0 1 3 5 4 1 3 0 0 1 4 6 0 0 1 0 1 0 0 0 1 1 0 0 0 0 0 0 0 4 0 0 0 0 0 925.38999556005 1120.5199922323227 0 196.22999997437 206.3300017863512 1120.5199922323227 965.8199943304062 154.6999979019165 206.3300017863512 0 0 154.6999979019165 965.8199943304062 729.15999558568 0 0 154.6999979019165 0 196.22999997437 0 0 0 154.6999979019165 196.22999997437 0 0 0 0 0 0 0 965.8199943304062 0 0 0 0 0 321.8299985229969 1716.3199916183949 2252.239989578724 3.0000002793967724 -5.4899999387562275 4.3500001430511475 3.6200003251433372 -5.7699999287724495 5.250000178813934 303 8 11 1 1 5 10 9 1 4 1 0 2 9 6 0 1 1 0 1 0 0 0 1 1 0 0 1 0 0 0 1 8 0 0 1 0 0 1074.3099950402975 2370.439992159605 168.44999976456165 196.22999997437 427.92000229656696 2201.9899923950434 2047.2899944931269 154.6999979019165 279.00000281631947 148.9199994802475 0 323.14999766647816 2047.2899944931269 729.15999558568 0 168.44999976456165 154.6999979019165 0 196.22999997437 0 0 0 154.6999979019165 196.22999997437 0 0 196.92000053822994 0 0 0 168.44999976456165 1850.369993954897 0 0 148.9199994802475 0 0 491.1999983638525 2918.5699918419123 3723.749990016222 8.000000424683094 -8.779999926686287 9.440000228583813 9.540000516921282 -8.619999904185534 11.130000300705433
304 1 0 0 0 0 0 0 0 0 0 0 0 0 1 0 0 0 0 0 0 0 0 0 0 0 0 0 0 0 0 0 0 0 0 0 0 0 139.55000050365925 0 0 0 0 0 0 0 0 0 0 0 0 139.55000050365925 0 0 0 0 0 0 0 0 0 0 0 0 0 0 0 0 0 0 0 0 0 0 0 17.070000365376472 108.44000017642975 139.55000050365925 1.862645149230957e-8 -0.26999999210238457 0.18000000715255737 1.862645149230957e-8 -0.26999999210238457 0.18000000715255737 304 3 1 0 1 1 1 1 0 1 0 0 0 1 2 0 0 0 0 1 0 0 0 0 1 0 0 0 0 0 0 0 1 0 0 0 0 0 427.50000062584877 236.81999796628952 0 196.22999997437 58.559998989105225 236.81999796628952 236.81999796628952 0 58.559998989105225 0 0 0 236.81999796628952 231.27000065147877 0 0 0 0 196.22999997437 0 0 0 0 196.22999997437 0 0 0 0 0 0 0 236.81999796628952 0 0 0 0 0 107.55999943614006 556.3999984264374 722.8799975812435 1.0000000782310963 -1.8299999795854092 1.4500000327825546 0.9800000935792923 -2.209999978542328 1.8100000470876694 304 5 2 0 1 2 2 2 0 2 0 0 0 2 4 0 0 0 0 1 0 0 0 0 1 0 0 0 0 0 0 0 2 0 0 0 0 0 676.4899990409613 480.6399970650673 0 196.22999997437 131.43999953567982 480.6399970650673 480.6399970650673 0 131.43999953567982 0 0 0 480.6399970650673 480.25999906659126 0 0 0 0 196.22999997437 0 0 0 0 196.22999997437 0 0 0 0 0 0 0 480.6399970650673 0 0 0 0 0 192.2599983215332 976.8899976015091 1288.5699956417084 2.000000149011612 -3.2599999606609344 2.9000000655651093 2.300000172108412 -3.4999999590218067 3.4400000870227814 304 6 4 0 1 2 4 3 1 2 0 0 1 3 5 0 0 1 0 1 0 0 0 1 1 0 0 0 0 0 0 0 3 0 0 0 0 0 806.2899969667196 881.1899945437908 0 196.22999997437 131.43999953567982 881.1899945437908 726.4899966418743 154.6999979019165 131.43999953567982 0 0 154.6999979019165 726.4899966418743 610.0599969923496 0 0 154.6999979019165 0 196.22999997437 0 0 0 154.6999979019165 196.22999997437 0 0 0 0 0 0 0 726.4899966418743 0 0 0 0 0 254.69999685883522 1406.1599943637848 1818.9199910461903 2.000000227242708 -4.329999949783087 3.08000011742115 2.570000257343054 -4.479999948292971 3.8000001460313797 304 7 6 0 1 3 6 5 1 3 0 0 1 5 6 0 0 1 0 1 0 0 0 1 1 0 0 0 0 0 0 0 5 0 0 0 0 0 925.38999556005 1300.0099914968014 0 196.22999997437 206.3300017863512 1300.0099914968014 1145.3099935948849 154.6999979019165 206.3300017863512 0 0 154.6999979019165 1145.3099935948849 729.15999558568 0 0 154.6999979019165 0 196.22999997437 0 0 0 154.6999979019165 196.22999997437 0 0 0 0 0 0 0 1145.3099935948849 0 0 0 0 0 342.04999826848507 1869.7999911755323 2431.7299888432026 4.000000301748514 -5.889999937266111 5.350000157952309 4.960000351071358 -5.699999928474426 6.430000200867653 304 8 12 1 1 5 11 8 3 4 1 0 4 8 6 0 1 3 0 1 0 0 1 2 1 0 0 0 0 0 0 1 8 0 0 1 0 0 1074.3099950402975 2372.4099895209074 168.44999976456165 196.22999997437 427.92000229656696 2203.9599897563457 1850.369993954897 353.5899958014488 279.00000281631947 148.9199994802475 0 522.0399955660105 1850.369993954897 729.15999558568 0 168.44999976456165 353.5899958014488 0 196.22999997437 0 0 126.2299993634224 227.35999643802643 196.22999997437 0 0 0 0 0 0 168.44999976456165 1850.369993954897 0 0 148.9199994802475 0 0 483.8299992233515 2915.5999889969826 3725.7199873775244 5.000000469386578 -9.17999992519617 6.440000265836716 5.830000575631857 -9.599999893456697 8.310000345110893
305 0 1 0 0 0 1 1 0 0 0 0 0 1 0 0 0 0 0 0 0 0 0 0 0 0 0 0 0 0 0 0 1 0 0 0 0 0 0 236.81999796628952 0 0 0 236.81999796628952 236.81999796628952 0 0 0 0 0 236.81999796628952 0 0 0 0 0 0 0 0 0 0 0 0 0 0 0 0 0 0 236.81999796628952 0 0 0 0 0 31.26999920606613 197.15999853610992 236.81999796628952 1.0000000223517418 -0.3999999985098839 1.0000000149011612 1.2900000363588333 -0.4699999988079071 1.360000029206276 305 3 1 0 0 1 1 1 0 1 0 0 0 1 3 0 0 0 0 0 0 0 0 0 0 0 0 0 0 0 0 0 1 0 0 0 0 0 366.38999930024147 236.81999796628952 0 0 58.559998989105225 236.81999796628952 236.81999796628952 0 58.559998989105225 0 0 0 236.81999796628952 366.38999930024147 0 0 0 0 0 0 0 0 0 0 0 0 0 0 0 0 0 236.81999796628952 0 0 0 0 0 98.58999916911125 502.37999749183655 661.7699962556362 1.0000000894069672 -1.6999999731779099 1.630000039935112 1.0300001055002213 -2.0299999713897705 1.9900000542402267 305 4 2 0 1 2 2 2 0 2 0 0 0 2 3 0 0 0 0 1 0 0 0 0 1 0 0 0 0 0 0 0 2 0 0 0 0 0 562.6199992746115 480.6399970650673 0 196.22999997437 131.43999953567982 480.6399970650673 480.6399970650673 0 131.43999953567982 0 0 0 480.6399970650673 366.38999930024147 0 0 0 0 196.22999997437 0 0 0 0 196.22999997437 0 0 0 0 0 0 0 480.6399970650673 0 0 0 0 0 178.2599984407425 885.8499976396561 1174.6999958753586 2.0000001303851604 -2.98999996855855 2.720000058412552 2.0300001613795757 -3.4999999590218067 3.260000079870224 305 6 2 0 1 3 2 2 0 3 0 0 0 2 5 0 0 0 0 1 0 0 0 0 1 0 0 0 0 0 0 0 2 0 0 0 0 0 806.2899969667196 480.6399970650673 0 196.22999997437 206.3300017863512 480.6399970650673 480.6399970650673 0 206.3300017863512 0 0 0 480.6399970650673 610.0599969923496 0 0 0 0 196.22999997437 0 0 0 0 196.22999997437 0 0 0 0 0 0 0 480.6399970650673 0 0 0 0 0 243.7999986410141 1087.039997458458 1493.2599958181381 2.0000001788139343 -4.019999951124191 3.1700000762939453 2.5700001940131187 -3.989999957382679 3.7100000977516174 305 6 6 0 1 4 6 4 2 4 0 0 2 4 5 0 0 2 0 1 0 0 1 1 1 0 0 0 0 0 0 0 4 0 0 0 0 0 806.2899969667196 1265.959996163845 0 196.22999997437 279.00000281631947 1265.959996163845 985.0299988985062 280.9299972653389 279.00000281631947 0 0 280.9299972653389 985.0299988985062 610.0599969923496 0 0 280.9299972653389 0 196.22999997437 0 0 126.2299993634224 154.6999979019165 196.22999997437 0 0 0 0 0 0 0 985.0299988985062 0 0 0 0 0 366.2099982202053 1738.809997588396 2351.249995946884 2.0000003091990948 -6.109999943524599 3.260000169277191 1.920000348240137 -6.909999933093786 3.9800001978874207 305 9 11 0 1 5 11 7 4 4 1 0 5 7 6 0 0 4 1 1 0 0 1 3 1 0 0 0 0 1 0 0 7 0 0 1 0 0 1258.7499963492155 2139.7099889218807 0 196.22999997437 427.92000229656696 2139.7099889218807 1621.76999437809 517.9399945437908 279.00000281631947 148.9199994802475 0 702.3799958527088 1621.76999437809 729.15999558568 0 0 517.9399945437908 184.440001308918 196.22999997437 0 0 126.2299993634224 391.7099951803684 196.22999997437 0 0 0 0 184.440001308918 0 0 1621.76999437809 0 0 148.9199994802475 0 0 514.5399986952543 2821.9999911040068 3677.4599880874157 3.0000004991889 -9.17999992519617 4.440000295639038 3.450000587850809 -9.959999900311232 6.29000036418438
306 0 0 0 0 1 0 0 0 1 0 0 0 0 0 0 0 0 0 0 0 0 0 0 0 0 0 0 0 0 0 0 0 0 0 0 0 0 0 0 0 0 58.559998989105225 0 0 0 58.559998989105225 0 0 0 0 0 0 0 0 0 0 0 0 0 0 0 0 0 0 0 0 0 0 0 0 0 0 0 0 24.679999828338623 11.0 58.559998989105225 1.1175870895385742e-8 -0.48999999836087227 0.09000000357627869 1.1175870895385742e-8 -0.48999999836087227 0.09000000357627869 306 2 2 0 0 1 2 2 0 1 0 0 0 2 2 0 0 0 0 0 0 0 0 0 0 0 0 0 0 0 0 0 2 0 0 0 0 0 274.66999915242195 480.6399970650673 0 0 58.559998989105225 480.6399970650673 480.6399970650673 0 58.559998989105225 0 0 0 480.6399970650673 274.66999915242195 0 0 0 0 0 0 0 0 0 0 0 0 0 0 0 0 0 480.6399970650673 0 0 0 0 0 117.73999843001366 625.929997086525 813.8699952065945 2.0000000931322575 -1.8299999795854092 2.450000047683716 2.3400001227855682 -2.0299999713897705 2.990000069141388 306 5 2 0 1 1 2 2 0 1 0 0 0 2 4 0 0 0 0 1 0 0 0 0 1 0 0 0 0 0 0 0 2 0 0 0 0 0 692.4199972003698 480.6399970650673 0 196.22999997437 58.559998989105225 480.6399970650673 480.6399970650673 0 58.559998989105225 0 0 0 480.6399970650673 496.18999722599983 0 0 0 0 196.22999997437 0 0 0 0 196.22999997437 0 0 0 0 0 0 0 480.6399970650673 0 0 0 0 0 175.97999767959118 959.0899957418442 1231.6199932545424 2.000000137835741 -2.769999962300062 2.8100000619888306 2.300000160932541 -3.0099999606609344 3.3500000834465027 306 5 3 0 1 3 3 3 0 3 0 0 0 3 4 0 0 0 0 1 0 0 0 0 1 0 0 0 0 0 0 0 3 0 0 0 0 0 692.4199972003698 739.1799993216991 0 196.22999997437 206.3300017863512 739.1799993216991 739.1799993216991 0 206.3300017863512 0 0 0 739.1799993216991 496.18999722599983 0 0 0 0 196.22999997437 0 0 0 0 196.22999997437 0 0 0 0 0 0 0 739.1799993216991 0 0 0 0 0 258.3499985933304 1201.9600001871586 1637.9299983084202 3.0000001825392246 -4.149999957531691 3.990000084042549 3.2300002053380013 -4.459999956190586 4.530000105500221 306 6 5 0 1 4 5 4 1 4 0 0 1 4 5 0 0 1 0 1 0 0 1 0 1 0 0 0 0 0 0 0 4 0 0 0 0 0 806.2899969667196 1111.2599982619286 0 196.22999997437 279.00000281631947 1111.2599982619286 985.0299988985062 126.2299993634224 279.00000281631947 0 0 126.2299993634224 985.0299988985062 610.0599969923496 0 0 126.2299993634224 0 196.22999997437 0 0 126.2299993634224 0 196.22999997437 0 0 0 0 0 0 0 985.0299988985062 0 0 0 0 0 353.53999850153923 1610.6699995100498 2196.5499980449677 3.000000271946192 -5.709999945014715 4.260000139474869 3.500000301748514 -5.929999943822622 4.980000168085098 306 7 11 0 1 4 11 7 4 4 0 0 5 7 5 0 0 4 1 1 0 0 1 3 1 0 0 0 0 1 0 0 7 0 0 0 0 0 990.7299982756376 2139.7099889218807 0 196.22999997437 279.00000281631947 2139.7099889218807 1621.76999437809 517.9399945437908 279.00000281631947 0 0 702.3799958527088 1621.76999437809 610.0599969923496 0 0 517.9399945437908 184.440001308918 196.22999997437 0 0 126.2299993634224 391.7099951803684 196.22999997437 0 0 0 0 184.440001308918 0 0 1621.76999437809 0 0 0 0 0 480.0899985283613 2609.569993183017 3409.439990013838 3.000000473111868 -8.509999934583902 4.260000288486481 4.470000538975 -8.179999928921461 6.0200003534555435
307 1 0 0 0 0 0 0 0 0 0 0 0 0 1 0 0 0 0 0 0 0 0 0 0 0 0 0 0 0 0 0 0 0 0 0 0 0 135.1199986487627 0 0 0 0 0 0 0 0 0 0 0 0 135.1199986487627 0 0 0 0 0 0 0 0 0 0 0 0 0 0 0 0 0 0 0 0 0 0 0 12.479999735951424 111.9299988746643 135.1199986487627 1.862645149230957e-8 -0.26999999210238457 0.18000000715255737 -0.5299999713897705 -0.7999999821186066 0.18000000715255737 307 2 2 0 0 1 2 2 0 1 0 0 0 2 2 0 0 0 0 0 0 0 0 0 0 0 0 0 0 0 0 0 2 0 0 0 0 0 264.91999657452106 480.6399970650673 0 0 58.559998989105225 480.6399970650673 480.6399970650673 0 58.559998989105225 0 0 0 480.6399970650673 264.91999657452106 0 0 0 0 0 0 0 0 0 0 0 0 0 0 0 0 0 480.6399970650673 0 0 0 0 0 124.36999727785587 610.8499958515167 804.1199926286936 2.0000000931322575 -1.8299999795854092 2.450000047683716 2.610000114887953 -1.759999979287386 2.990000069141388 307 3 2 0 0 2 2 2 0 2 0 0 0 2 3 0 0 0 0 0 0 0 0 0 0 0 0 0 0 0 0 0 2 0 0 0 0 0 404.4699970781803 480.6399970650673 0 0 133.4500012397766 480.6399970650673 480.6399970650673 0 133.4500012397766 0 0 0 480.6399970650673 404.4699970781803 0 0 0 0 0 0 0 0 0 0 0 0 0 0 0 0 0 480.6399970650673 0 0 0 0 0 169.27999874949455 736.0799969434738 1018.5599953830242 2.00000012293458 -2.589999970048666 2.720000058412552 2.610000144690275 -2.5199999697506428 3.260000079870224 307 5 3 0 1 3 3 3 0 3 0 0 0 3 4 0 0 0 0 1 0 0 0 0 1 0 0 0 0 0 0 0 3 0 0 0 0 0 692.4199972003698 739.1799993216991 0 196.22999997437 206.12000226974487 739.1799993216991 739.1799993216991 0 206.12000226974487 0 0 0 739.1799993216991 496.18999722599983 0 0 0 0 196.22999997437 0 0 0 0 196.22999997437 0 0 0 0 0 0 0 739.1799993216991 0 0 0 0 0 271.87999860942364 1196.6099998056889 1637.7199987918139 3.0000001825392246 -4.149999957531691 3.990000084042549 3.2300002053380013 -4.459999956190586 4.530000105500221 307 6 4 0 1 4 4 3 1 4 0 0 1 3 5 0 0 1 0 1 0 0 1 0 1 0 0 0 0 0 0 0 3 0 0 0 0 0 806.2899969667196 865.4099986851215 0 196.22999997437 279.00000281631947 865.4099986851215 739.1799993216991 126.2299993634224 279.00000281631947 0 0 126.2299993634224 739.1799993216991 610.0599969923496 0 0 126.2299993634224 0 196.22999997437 0 0 126.2299993634224 0 196.22999997437 0 0 0 0 0 0 0 739.1799993216991 0 0 0 0 0 327.469998896122 1402.8999997675419 1950.6999984681606 2.00000024959445 -5.309999946504831 3.2600001245737076 1.9200002737343311 -5.929999943822622 3.8000001460313797 307 7 9 0 1 4 9 6 3 4 0 0 4 6 5 0 0 3 1 1 0 0 1 2 1 0 0 0 0 1 0 0 6 0 0 0 0 0 990.7299982756376 1745.6799933314323 0 196.22999997437 279.00000281631947 1745.6799933314323 1382.439996689558 363.2399966418743 279.00000281631947 0 0 547.6799979507923 1382.439996689558 610.0599969923496 0 0 363.2399966418743 184.440001308918 196.22999997437 0 0 126.2299993634224 237.00999727845192 196.22999997437 0 0 0 0 184.440001308918 0 0 1382.439996689558 0 0 0 0 0 441.9899980276823 2280.8499977737665 3015.4099944233894 3.000000413507223 -7.709999937564135 4.260000243782997 4.470000464469194 -7.199999939650297 5.840000301599503
308 0 1 0 0 0 1 1 0 0 0 0 0 1 0 0 0 0 0 0 0 0 0 0 0 0 0 0 0 0 0 0 1 0 0 0 0 0 0 243.81999909877777 0 0 0 243.81999909877777 243.81999909877777 0 0 0 0 0 243.81999909877777 0 0 0 0 0 0 0 0 0 0 0 0 0 0 0 0 0 0 243.81999909877777 0 0 0 0 0 32.239999294281006 197.39999949932098 243.81999909877777 1.0000000223517418 -0.3999999985098839 1.0000000149011612 1.580000028014183 0.0 1.1800000220537186 308 2 1 0 0 2 1 1 0 2 0 0 0 1 2 0 0 0 0 0 0 0 0 0 0 0 0 0 0 0 0 0 1 0 0 0 0 0 264.91999657452106 243.81999909877777 0 0 133.4500012397766 243.81999909877777 243.81999909877777 0 133.4500012397766 0 0 0 243.81999909877777 264.91999657452106 0 0 0 0 0 0 0 0 0 0 0 0 0 0 0 0 0 243.81999909877777 0 0 0 0 0 120.93999917805195 430.47999823093414 642.1899969130754 1.0000000819563866 -1.9199999794363976 1.5400000363588333 1.3200000897049904 -1.779999978840351 1.7200000435113907 308 3 3 0 0 2 3 3 0 2 0 0 0 3 3 0 0 0 0 0 0 0 0 0 0 0 0 0 0 0 0 0 3 0 0 0 0 0 404.4699970781803 739.1799993216991 0 0 133.4500012397766 739.1799993216991 739.1799993216991 0 133.4500012397766 0 0 0 739.1799993216991 404.4699970781803 0 0 0 0 0 0 0 0 0 0 0 0 0 0 0 0 0 739.1799993216991 0 0 0 0 0 197.82999858260155 942.0399996340275 1277.099997639656 3.0000001452863216 -2.98999996855855 3.720000073313713 3.5400001667439938 -2.98999996855855 4.260000094771385 308 4 4 0 0 3 4 3 1 3 0 0 1 3 4 0 0 1 0 0 0 0 1 0 0 0 0 0 0 0 0 0 3 0 0 0 0 0 496.18999722599983 865.4099986851215 0 0 206.12000226974487 865.4099986851215 739.1799993216991 126.2299993634224 206.12000226974487 0 0 126.2299993634224 739.1799993216991 496.18999722599983 0 0 126.2299993634224 0 0 0 0 126.2299993634224 0 0 0 0 0 0 0 0 0 739.1799993216991 0 0 0 0 0 266.03999903798103 1125.7899991571903 1567.7199981808662 2.000000212341547 -4.149999957531691 2.9900001138448715 2.2300002351403236 -4.459999956190586 3.5300001353025436 308 6 5 0 1 4 5 3 2 4 0 0 3 3 4 0 0 2 1 1 0 0 1 1 1 0 0 0 0 1 0 0 3 0 0 0 0 0 876.8599985092878 1029.7599974274635 0 196.22999997437 279.00000281631947 1029.7599974274635 739.1799993216991 290.5799981057644 279.00000281631947 0 0 475.0199994146824 739.1799993216991 496.18999722599983 0 0 290.5799981057644 184.440001308918 196.22999997437 0 0 126.2299993634224 164.349998742342 196.22999997437 0 0 0 0 184.440001308918 0 0 739.1799993216991 0 0 0 0 0 379.1499987542629 1559.2100008428097 2185.619998753071 1.0000002905726433 -5.8399999514222145 2.080000162124634 0.7200003229081631 -6.799999941140413 2.7600001841783524 308 7 10 2 1 4 8 6 2 4 0 0 5 6 5 0 2 2 1 1 0 0 1 1 1 0 0 0 0 1 1 1 6 0 0 0 0 0 990.7299982756376 1994.869997292757 321.8500024974346 196.22999997437 279.00000281631947 1673.0199947953224 1382.439996689558 290.5799981057644 279.00000281631947 0 0 796.870001912117 1382.439996689558 610.0599969923496 0 321.8500024974346 290.5799981057644 184.440001308918 196.22999997437 0 0 126.2299993634224 164.349998742342 196.22999997437 0 0 0 0 184.440001308918 148.89999961853027 172.95000287890434 1382.439996689558 0 0 0 0 0 487.94999773800373 2462.6500016599894 3264.599998384714 4.000000391155481 -8.109999936074018 5.260000213980675 5.060000438243151 -8.139999937266111 6.660000264644623
309 1 0 0 0 0 0 0 0 0 0 0 0 0 1 0 0 0 0 0 0 0 0 0 0 0 0 0 0 0 0 0 0 0 0 0 0 0 129.79999792575836 0 0 0 0 0 0 0 0 0 0 0 0 129.79999792575836 0 0 0 0 0 0 0 0 0 0 0 0 0 0 0 0 0 0 0 0 0 0 0 23.69999921321869 93.35999894142151 129.79999792575836 1.862645149230957e-8 -0.26999999210238457 0.18000000715255737 0.27000001072883606 0.0 0.18000000715255737 309 2 2 0 0 1 2 2 0 1 0 0 0 2 2 0 0 0 0 0 0 0 0 0 0 0 0 0 0 0 0 0 2 0 0 0 0 0 264.91999657452106 502.3600013554096 0 0 74.89000225067139 502.3600013554096 502.3600013554096 0 74.89000225067139 0 0 0 502.3600013554096 264.91999657452106 0 0 0 0 0 0 0 0 0 0 0 0 0 0 0 0 0 502.3600013554096 0 0 0 0 0 124.80999918282032 625.4400009214878 842.1700001806021 2.0000000931322575 -1.8299999795854092 2.450000047683716 2.250000100582838 -1.759999979287386 2.630000054836273 309 2 2 0 0 3 2 2 0 3 0 0 0 2 2 0 0 0 0 0 0 0 0 0 0 0 0 0 0 0 0 0 2 0 0 0 0 0 264.91999657452106 502.3600013554096 0 0 206.12000226974487 502.3600013554096 502.3600013554096 0 206.12000226974487 0 0 0 502.3600013554096 264.91999657452106 0 0 0 0 0 0 0 0 0 0 0 0 0 0 0 0 0 502.3600013554096 0 0 0 0 0 188.9999990016222 651.2100013792515 973.4000001996756 2.0000001154839993 -2.8099999763071537 2.630000054836273 2.25000012293458 -2.7399999760091305 2.8100000619888306 309 4 4 0 0 3 4 3 1 3 0 0 2 3 3 0 0 1 1 0 0 0 1 0 0 0 0 0 0 1 0 0 3 0 0 0 0 0 588.9099983870983 865.4099986851215 0 0 206.12000226974487 865.4099986851215 739.1799993216991 126.2299993634224 206.12000226974487 0 0 310.6700006723404 739.1799993216991 404.4699970781803 0 0 126.2299993634224 184.440001308918 0 0 0 126.2299993634224 0 0 0 0 0 0 184.440001308918 0 0 739.1799993216991 0 0 0 0 0 285.16999822854996 1185.630001604557 1660.4399993419647 2.0000002160668373 -4.27999996393919 2.8100001215934753 2.100000247359276 -4.85999995470047 3.490000143647194 309 6 6 1 1 3 5 3 2 3 0 0 4 3 4 0 1 2 1 1 0 0 1 1 1 0 0 0 0 1 0 1 3 0 0 0 0 0 876.8599985092878 1202.7100003063679 172.95000287890434 196.22999997437 206.12000226974487 1029.7599974274635 739.1799993216991 290.5799981057644 206.12000226974487 0 0 647.9700022935867 739.1799993216991 496.18999722599983 0 172.95000287890434 290.5799981057644 184.440001308918 196.22999997437 0 0 126.2299993634224 164.349998742342 196.22999997437 0 0 0 0 184.440001308918 0 172.95000287890434 739.1799993216991 0 0 0 0 0 372.7299984842539 1679.8800027370453 2285.6900010854006 1.000000286847353 -5.749999951571226 1.990000158548355 0.6500003188848495 -6.779999941587448 2.6700001806020737 309 7 9 2 1 4 7 4 3 4 0 0 6 4 5 0 2 3 1 1 0 0 2 1 1 0 0 0 0 1 1 1 4 0 0 0 0 0 990.7299982756376 1694.2899993509054 321.8500024974346 196.22999997437 279.00000281631947 1372.4399968534708 957.0999978482723 415.3399990051985 279.00000281631947 0 0 921.6300028115511 957.0999978482723 610.0599969923496 0 321.8500024974346 415.3399990051985 184.440001308918 196.22999997437 0 0 250.99000026285648 164.349998742342 196.22999997437 0 0 0 0 184.440001308918 148.89999961853027 172.95000287890434 957.0999978482723 0 0 0 0 0 451.5799984186888 2205.960003256798 2964.0200004428625 1.0000003837049007 -7.709999937564135 2.2600002139806747 1.540000420063734 -8.209999937564135 3.300000250339508
310 0 0 0 0 1 0 0 0 1 0 0 0 0 0 0 0 0 0 0 0 0 0 0 0 0 0 0 0 0 0 0 0 0 0 0 0 0 0 0 0 0 74.89000225067139 0 0 0 74.89000225067139 0 0 0 0 0 0 0 0 0 0 0 0 0 0 0 0 0 0 0 0 0 0 0 0 0 0 0 0 27.840001106262207 16.790000915527344 74.89000225067139 1.1175870895385742e-8 -0.48999999836087227 0.09000000357627869 1.1175870895385742e-8 -0.48999999836087227 0.09000000357627869 310 1 2 0 0 2 2 2 0 2 0 0 0 2 1 0 0 0 0 0 0 0 0 0 0 0 0 0 0 0 0 0 2 0 0 0 0 0 129.79999792575836 502.3600013554096 0 0 147.56000328063965 502.3600013554096 502.3600013554096 0 147.56000328063965 0 0 0 502.3600013554096 129.79999792575836 0 0 0 0 0 0 0 0 0 0 0 0 0 0 0 0 0 502.3600013554096 0 0 0 0 0 151.83999943733215 528.2800025045872 779.7200025618076 2.000000085681677 -2.049999985843897 2.360000044107437 2.7800000831484795 -1.4499999955296516 2.5400000512599945 310 2 3 0 0 2 3 2 1 2 0 0 1 2 2 0 0 1 0 0 0 0 1 0 0 0 0 0 0 0 0 0 2 0 0 0 0 0 264.91999657452106 628.590000718832 0 0 147.56000328063965 628.590000718832 502.3600013554096 126.2299993634224 147.56000328063965 0 0 126.2299993634224 502.3600013554096 264.91999657452106 0 0 126.2299993634224 0 0 0 0 126.2299993634224 0 0 0 0 0 0 0 0 0 502.3600013554096 0 0 0 0 0 179.9299996048212 735.3400005400181 1041.0700005739927 1.0000001415610313 -2.7199999764561653 1.540000081062317 0.6700001582503319 -3.229999966919422 1.7200000882148743 310 3 5 0 0 3 5 3 2 3 0 0 3 3 2 0 0 2 1 0 0 0 1 1 0 0 0 0 0 1 0 0 3 0 0 0 0 0 449.35999788343906 1029.7599974274635 0 0 206.12000226974487 1029.7599974274635 739.1799993216991 290.5799981057644 206.12000226974487 0 0 475.0199994146824 739.1799993216991 264.91999657452106 0 0 290.5799981057644 184.440001308918 0 0 0 126.2299993634224 164.349998742342 0 0 0 0 0 184.440001308918 0 0 739.1799993216991 0 0 0 0 0 301.5599983781576 1190.8500001132488 1685.2399975806475 1.0000002346932888 -4.409999970346689 1.6300001442432404 1.030000265687704 -5.0599999614059925 2.310000166296959 310 5 7 2 0 3 5 3 2 3 0 0 5 3 4 0 2 2 1 0 0 0 1 1 0 0 0 0 0 1 1 1 3 0 0 0 0 0 680.6299985349178 1351.6099999248981 321.8500024974346 0 206.12000226974487 1029.7599974274635 739.1799993216991 290.5799981057644 206.12000226974487 0 0 796.870001912117 739.1799993216991 496.18999722599983 0 321.8500024974346 290.5799981057644 184.440001308918 0 0 0 126.2299993634224 164.349998742342 0 0 0 0 0 184.440001308918 148.89999961853027 172.95000287890434 739.1799993216991 0 0 0 0 0 378.649998486042 1622.1400028467178 2238.360000729561 1.000000286847353 -5.749999951571226 1.990000158548355 1.1600003093481064 -6.269999951124191 2.6700001806020737 310 6 12 4 1 4 8 4 4 4 0 1 8 4 4 1 3 4 1 1 0 0 3 1 1 0 0 0 0 1 2 1 4 1 0 0 0 0 876.8599985092878 2061.5099966973066 596.760000616312 196.22999997437 279.00000281631947 1464.7499960809946 957.0999978482723 507.6499982327223 279.00000281631947 0 114.67999982833862 1174.1700003296137 957.0999978482723 496.18999722599983 114.67999982833862 482.0800007879734 507.6499982327223 184.440001308918 196.22999997437 0 0 343.2999994903803 164.349998742342 196.22999997437 0 0 0 0 184.440001308918 309.12999790906906 172.95000287890434 957.0999978482723 114.67999982833862 0 0 0 0 512.3199974149466 2355.130003094673 3217.369998022914 4.0605664253234863e-7 -8.639999940991402 1.0800002254545689 0.060000449419021606 -9.619999933987856 2.120000261813402
311 0 1 0 0 0 1 1 0 0 0 0 0 1 0 0 0 0 0 0 0 0 0 0 0 0 0 0 0 0 0 0 1 0 0 0 0 0 0 258.54000225663185 0 0 0 258.54000225663185 258.54000225663185 0 0 0 0 0 258.54000225663185 0 0 0 0 0 0 0 0 0 0 0 0 0 0 0 0 0 0 258.54000225663185 0 0 0 0 0 28.549999833106995 205.96000269055367 258.54000225663185 1.0000000223517418 -0.3999999985098839 1.0000000149011612 0.9300000220537186 -0.4699999988079071 1.0000000149011612 311 1 2 0 0 2 2 1 1 2 0 0 1 1 1 0 0 1 0 0 0 0 1 0 0 0 0 0 0 0 0 0 1 0 0 0 0 0 129.79999792575836 384.77000162005424 0 0 147.56000328063965 384.77000162005424 258.54000225663185 126.2299993634224 147.56000328063965 0 0 126.2299993634224 258.54000225663185 129.79999792575836 0 0 126.2299993634224 0 0 0 0 126.2299993634224 0 0 0 0 0 0 0 0 0 258.54000225663185 0 0 0 0 0 135.21000057458878 426.0100021660328 662.1300028264523 1.0058283805847168e-7 -2.049999985843897 0.3600000590085983 -0.37999989837408066 -2.4299999848008156 0.3600000590085983 311 2 3 0 0 2 3 2 1 2 0 0 2 2 1 0 0 1 1 0 0 0 1 0 0 0 0 0 0 1 0 0 2 0 0 0 0 0 314.23999923467636 628.590000718832 0 0 147.56000328063965 628.590000718832 502.3600013554096 126.2299993634224 147.56000328063965 0 0 310.6700006723404 502.3600013554096 129.79999792575836 0 0 126.2299993634224 184.440001308918 0 0 0 126.2299993634224 0 0 0 0 0 0 184.440001308918 0 0 502.3600013554096 0 0 0 0 0 199.6699990928173 757.1000040173531 1090.390003234148 1.0000001452863216 -2.8499999828636646 1.3600000888109207 1.3400001525878906 -2.8299999833106995 1.6800000965595245 311 3 5 1 0 3 4 2 2 3 0 0 4 2 2 0 1 2 1 0 0 0 1 1 0 0 0 0 0 1 0 1 2 0 0 0 0 0 449.35999788343906 965.8900023400784 172.95000287890434 0 206.12000226974487 792.939999461174 502.3600013554096 290.5799981057644 206.12000226974487 0 0 647.9700022935867 502.3600013554096 264.91999657452106 0 172.95000287890434 290.5799981057644 184.440001308918 0 0 0 126.2299993634224 164.349998742342 0 0 0 0 0 184.440001308918 0 172.95000287890434 502.3600013554096 0 0 0 0 0 289.84999887645245 1134.480004310608 1621.3700024932623 2.1979212760925293e-7 -4.409999970346689 0.6300001293420792 -0.32999976351857185 -5.0599999614059925 0.950000137090683 311 3 8 2 0 3 6 3 3 3 0 0 6 3 2 0 2 3 1 0 0 0 2 1 0 0 0 0 0 1 1 1 3 0 0 0 0 0 449.35999788343906 1476.3700008243322 321.8500024974346 0 206.12000226974487 1154.5199983268976 739.1799993216991 415.3399990051985 206.12000226974487 0 0 921.6300028115511 739.1799993216991 264.91999657452106 0 321.8500024974346 415.3399990051985 184.440001308918 0 0 0 250.99000026285648 164.349998742342 0 0 0 0 0 184.440001308918 148.89999961853027 172.95000287890434 739.1799993216991 0 0 0 0 0 358.4099981188774 1544.4100036621094 2131.850000977516 2.868473529815674e-7 -5.609999965876341 0.6300001740455627 0.2900003157556057 -5.999999959021807 1.3100001960992813 311 6 11 4 1 3 7 3 4 3 0 1 8 3 4 1 3 4 1 1 0 0 3 1 1 0 0 0 0 1 2 1 3 1 0 0 0 0 876.8599985092878 1843.5899981707335 596.760000616312 196.22999997437 206.12000226974487 1246.8299975544214 739.1799993216991 507.6499982327223 206.12000226974487 0 114.67999982833862 1174.1700003296137 739.1799993216991 496.18999722599983 114.67999982833862 482.0800007879734 507.6499982327223 184.440001308918 196.22999997437 0 0 343.2999994903803 164.349998742342 196.22999997437 0 0 0 0 184.440001308918 309.12999790906906 172.95000287890434 739.1799993216991 114.67999982833862 0 0 0 0 484.7599973976612 2132.860003352165 2926.569998949766 -0.9999996274709702 -7.7499999441206455 -0.009999793022871017 -1.2299995981156826 -8.659999936819077 0.6700002290308475
312 0 0 0 0 1 0 0 0 1 0 0 0 0 0 0 0 0 0 0 0 0 0 0 0 0 0 0 0 0 0 0 0 0 0 0 0 0 0 0 0 0 72.67000102996826 0 0 0 72.67000102996826 0 0 0 0 0 0 0 0 0 0 0 0 0 0 0 0 0 0 0 0 0 0 0 0 0 0 0 0 39.50999999046326 14.770000457763672 72.67000102996826 1.1175870895385742e-8 -0.48999999836087227 0.09000000357627869 1.1175870895385742e-8 -0.48999999836087227 0.09000000357627869 312 1 2 0 0 2 2 1 1 2 0 0 2 1 0 0 0 1 1 0 0 0 1 0 0 0 0 0 0 1 0 0 1 0 0 0 0 0 184.440001308918 384.77000162005424 0 0 147.56000328063965 384.77000162005424 258.54000225663185 126.2299993634224 147.56000328063965 0 0 310.6700006723404 258.54000225663185 0 0 0 126.2299993634224 184.440001308918 0 0 0 126.2299993634224 0 0 0 0 0 0 184.440001308918 0 0 258.54000225663185 0 0 0 0 0 143.7300005853176 466.34000557661057 716.7700062096119 1.043081283569336e-7 -2.179999992251396 0.18000006675720215 -0.5099998861551285 -2.8299999833106995 0.3200000673532486 312 2 4 1 0 2 3 1 2 2 0 0 4 1 1 0 1 2 1 0 0 0 1 1 0 0 0 0 0 1 0 1 1 0 0 0 0 0 314.23999923467636 722.0700032413006 172.95000287890434 0 147.56000328063965 549.1200003623962 258.54000225663185 290.5799981057644 147.56000328063965 0 0 647.9700022935867 258.54000225663185 129.79999792575836 0 172.95000287890434 290.5799981057644 184.440001308918 0 0 0 126.2299993634224 164.349998742342 0 0 0 0 0 184.440001308918 0 172.95000287890434 258.54000225663185 0 0 0 0 0 220.4500000178814 814.1500059366226 1183.8700057566166 -0.9999998323619366 -3.2499999813735485 -0.6399998962879181 -1.3799998313188553 -3.7699999809265137 -0.49999989569187164 312 3 6 2 0 2 4 2 2 2 0 0 5 2 2 0 2 2 1 0 0 0 1 1 0 0 0 0 0 1 1 1 2 0 0 0 0 0 449.35999788343906 1114.7900019586086 321.8500024974346 0 147.56000328063965 792.939999461174 502.3600013554096 290.5799981057644 147.56000328063965 0 0 796.870001912117 502.3600013554096 264.91999657452106 0 321.8500024974346 290.5799981057644 184.440001308918 0 0 0 126.2299993634224 164.349998742342 0 0 0 0 0 184.440001308918 148.89999961853027 172.95000287890434 502.3600013554096 0 0 0 0 0 292.5399990528822 1231.6900042295456 1711.7100031226873 2.1606683731079102e-7 -4.319999970495701 0.5400001257658005 -0.3999997675418854 -5.039999961853027 0.8600001335144043 312 3 11 4 0 3 7 3 4 3 0 1 8 3 2 1 3 4 1 0 0 0 3 1 0 0 0 0 0 1 2 1 3 1 0 0 0 0 449.35999788343906 1843.5899981707335 596.760000616312 0 206.12000226974487 1246.8299975544214 739.1799993216991 507.6499982327223 206.12000226974487 0 114.67999982833862 1174.1700003296137 739.1799993216991 264.91999657452106 114.67999982833862 482.0800007879734 507.6499982327223 184.440001308918 0 0 0 343.2999994903803 164.349998742342 0 0 0 0 0 184.440001308918 309.12999790906906 172.95000287890434 739.1799993216991 114.67999982833862 0 0 0 0 433.1499969959259 1784.6200034618378 2499.0699983239174 -0.9999996721744537 -6.8099999614059925 -0.36999980732798576 -0.9199996441602707 -7.409999955445528 0.3100002147257328 312 7 12 4 1 4 8 4 4 3 0 2 8 4 4 1 3 4 1 1 0 0 3 1 1 0 1 0 0 1 2 1 4 1 0 0 0 0 1015.8199992775917 2044.2099973410368 596.760000616312 196.22999997437 345.08000303804874 1447.4499967247248 939.7999984920025 507.6499982327223 206.12000226974487 0 253.6400005966425 1174.1700003296137 939.7999984920025 496.18999722599983 114.67999982833862 482.0800007879734 507.6499982327223 184.440001308918 196.22999997437 0 0 343.2999994903803 164.349998742342 196.22999997437 0 138.96000076830387 0 0 184.440001308918 309.12999790906906 172.95000287890434 939.7999984920025 114.67999982833862 0 0 0 0 509.8299975246191 2428.1200031638145 3266.1499988883734 4.023313522338867e-7 -8.549999941140413 0.9900002218782902 -1.0999995581805706 -10.109999924898148 1.7600002475082874
313 0 1 0 0 0 1 0 1 0 0 0 1 0 0 0 0 1 0 0 0 0 1 0 0 0 0 0 0 0 0 0 0 0 0 0 0 0 0 126.2299993634224 0 0 0 126.2299993634224 0 126.2299993634224 0 0 0 126.2299993634224 0 0 0 0 126.2299993634224 0 0 0 0 126.2299993634224 0 0 0 0 0 0 0 0 0 0 0 0 0 0 0 15.610000431537628 95.1299991607666 126.2299993634224 -0.999999962747097 -0.3999999985098839 -0.9999999701976776 -1.579999953508377 -0.9799999892711639 -0.9999999701976776 313 1 3 0 0 1 3 1 2 1 0 0 3 1 0 0 0 2 1 0 0 0 1 1 0 0 0 0 0 1 0 0 1 0 0 0 0 0 184.440001308918 549.1200003623962 0 0 72.67000102996826 549.1200003623962 258.54000225663185 290.5799981057644 72.67000102996826 0 0 475.0199994146824 258.54000225663185 0 0 0 290.5799981057644 184.440001308918 0 0 0 126.2299993634224 164.349998742342 0 0 0 0 0 184.440001308918 0 0 258.54000225663185 0 0 0 0 0 149.34999999403954 563.2100033462048 806.2300027012825 -0.9999998696148396 -2.089999992400408 -0.9099999070167542 -1.5799998603761196 -2.8099999837577343 -0.7699999064207077 313 1 4 1 0 2 3 1 2 2 0 0 4 1 0 0 1 2 1 0 0 0 1 1 0 0 0 0 0 1 0 1 1 0 0 0 0 0 184.440001308918 722.0700032413006 172.95000287890434 0 147.56000328063965 549.1200003623962 258.54000225663185 290.5799981057644 147.56000328063965 0 0 647.9700022935867 258.54000225663185 0 0 172.95000287890434 290.5799981057644 184.440001308918 0 0 0 126.2299993634224 164.349998742342 0 0 0 0 0 184.440001308918 0 172.95000287890434 258.54000225663185 0 0 0 0 0 196.7500008046627 720.7900069952011 1054.0700078308582 -0.9999998509883881 -2.979999989271164 -0.8199999034404755 -1.6499998420476913 -3.7699999809265137 -0.679999902844429 313 2 7 2 0 2 5 2 3 2 0 0 6 2 1 0 2 3 1 0 0 0 2 1 0 0 0 0 0 1 1 1 2 0 0 0 0 0 314.23999923467636 1239.5500028580427 321.8500024974346 0 147.56000328063965 917.7000003606081 502.3600013554096 415.3399990051985 147.56000328063965 0 0 921.6300028115511 502.3600013554096 129.79999792575836 0 321.8500024974346 415.3399990051985 184.440001308918 0 0 0 250.99000026285648 164.349998742342 0 0 0 0 0 184.440001308918 148.89999961853027 172.95000287890434 502.3600013554096 0 0 0 0 0 289.97999934852123 1224.3200062513351 1701.3500053733587 -0.9999997653067112 -4.4499999769032 -0.6399998515844345 -0.469999760389328 -4.239999979734421 -0.3199998438358307 313 3 11 4 0 3 7 3 4 3 0 1 8 3 2 1 3 4 1 0 0 0 3 1 0 0 0 0 0 1 2 1 3 1 0 0 0 0 449.35999788343906 1843.5899981707335 596.760000616312 0 206.12000226974487 1246.8299975544214 739.1799993216991 507.6499982327223 206.12000226974487 0 114.67999982833862 1174.1700003296137 739.1799993216991 264.91999657452106 114.67999982833862 482.0800007879734 507.6499982327223 184.440001308918 0 0 0 343.2999994903803 164.349998742342 0 0 0 0 0 184.440001308918 309.12999790906906 172.95000287890434 739.1799993216991 114.67999982833862 0 0 0 0 433.1499969959259 1784.6200034618378 2499.0699983239174 -0.9999996721744537 -6.8099999614059925 -0.36999980732798576 -0.9199996441602707 -7.409999955445528 0.3100002147257328 313 5 12 4 0 4 8 4 4 3 0 2 8 4 3 1 3 4 1 0 0 0 3 1 0 0 1 0 0 1 2 1 4 1 0 0 0 0 727.8699991554022 2044.2099973410368 596.760000616312 0 345.08000303804874 1447.4499967247248 939.7999984920025 507.6499982327223 206.12000226974487 0 253.6400005966425 1174.1700003296137 939.7999984920025 404.4699970781803 114.67999982833862 482.0800007879734 507.6499982327223 184.440001308918 0 0 0 343.2999994903803 164.349998742342 0 0 138.96000076830387 0 0 184.440001308918 309.12999790906906 172.95000287890434 939.7999984920025 114.67999982833862 0 0 0 0 475.28999748826027 2188.320003449917 2978.199998766184 3.762543201446533e-7 -7.879999950528145 0.8100002147257328 -0.7899995855987072 -9.129999935626984 1.58000024035573
314 1 0 0 0 0 0 0 0 0 0 0 1 0 0 0 0 0 1 0 0 0 0 0 0 0 0 0 0 1 0 0 0 0 0 0 0 0 184.440001308918 0 0 0 0 0 0 0 0 0 0 184.440001308918 0 0 0 0 0 184.440001308918 0 0 0 0 0 0 0 0 0 0 184.440001308918 0 0 0 0 0 0 0 0 32.219999223947525 133.69000235199928 184.440001308918 2.2351741790771484e-8 -0.3999999985098839 1.4901161193847656e-8 0.14000002294778824 -0.3999999985098839 0.14000001549720764 314 1 3 1 0 1 2 0 2 1 0 0 4 0 0 0 1 2 1 0 0 0 1 1 0 0 0 0 0 1 0 1 0 0 0 0 0 0 184.440001308918 463.53000098466873 172.95000287890434 0 72.67000102996826 290.5799981057644 0 290.5799981057644 72.67000102996826 0 0 647.9700022935867 0 0 0 172.95000287890434 290.5799981057644 184.440001308918 0 0 0 126.2299993634224 164.349998742342 0 0 0 0 0 184.440001308918 0 172.95000287890434 0 0 0 0 0 0 140.3599998652935 498.0400033891201 720.640003323555 -1.9999998845160007 -2.089999992400408 -1.9099999219179153 -2.579999875277281 -2.8099999837577343 -1.769999921321869 314 1 5 2 0 1 3 1 2 1 0 0 5 1 0 0 2 2 1 0 0 0 1 1 0 0 0 0 0 1 1 1 1 0 0 0 0 0 184.440001308918 870.9700028598309 321.8500024974346 0 72.67000102996826 549.1200003623962 258.54000225663185 290.5799981057644 72.67000102996826 0 0 796.870001912117 258.54000225663185 0 0 321.8500024974346 290.5799981057644 184.440001308918 0 0 0 126.2299993634224 164.349998742342 0 0 0 0 0 184.440001308918 148.89999961853027 172.95000287890434 258.54000225663185 0 0 0 0 0 196.27999970316887 812.2100059986115 1128.0800051987171 -0.9999998547136784 -2.8899999894201756 -0.9099999070167542 -1.7199998460710049 -3.7499999813735485 -0.7699999064207077 314 2 7 3 0 2 4 1 3 2 0 1 6 1 1 1 2 3 1 0 0 0 2 1 0 0 0 0 0 1 1 1 1 1 0 0 0 0 314.23999923467636 1110.4100035876036 436.53000232577324 0 147.56000328063965 673.8800012618303 258.54000225663185 415.3399990051985 147.56000328063965 0 114.67999982833862 921.6300028115511 258.54000225663185 129.79999792575836 114.67999982833862 321.8500024974346 415.3399990051985 184.440001308918 0 0 0 250.99000026285648 164.349998742342 0 0 0 0 0 184.440001308918 148.89999961853027 172.95000287890434 258.54000225663185 114.67999982833862 0 0 0 0 291.62999944388866 1089.610007762909 1572.2100061029196 -1.9999997913837433 -4.4499999769032 -1.6399998776614666 -2.1199997924268246 -4.709999978542328 -1.4999998770654202 314 2 10 4 0 2 6 2 4 2 0 1 8 2 1 1 3 4 1 0 0 0 3 1 0 0 0 0 0 1 2 1 2 1 0 0 0 0 314.23999923467636 1606.770000204444 596.760000616312 0 147.56000328063965 1010.0099995881319 502.3600013554096 507.6499982327223 147.56000328063965 0 114.67999982833862 1174.1700003296137 502.3600013554096 129.79999792575836 114.67999982833862 482.0800007879734 507.6499982327223 184.440001308918 0 0 0 343.2999994903803 164.349998742342 0 0 0 0 0 184.440001308918 309.12999790906906 172.95000287890434 502.3600013554096 114.67999982833862 0 0 0 0 364.7199982255697 1464.5300060510635 2068.57000271976 -1.999999724328518 -5.649999972432852 -1.639999832957983 -1.6799997203052044 -5.649999976158142 -1.3199998252093792 314 4 14 4 0 4 10 6 4 3 0 2 8 6 2 1 3 4 1 0 0 0 3 1 0 0 1 0 0 1 2 1 6 1 0 0 0 0 588.3199986517429 2433.4199970066547 596.760000616312 0 345.08000303804874 1836.6599963903427 1329.0099981576204 507.6499982327223 206.12000226974487 0 253.6400005966425 1174.1700003296137 1329.0099981576204 264.91999657452106 114.67999982833862 482.0800007879734 507.6499982327223 184.440001308918 0 0 0 343.2999994903803 164.349998742342 0 0 138.96000076830387 0 0 184.440001308918 309.12999790906906 172.95000287890434 1329.0099981576204 114.67999982833862 0 0 0 0 464.6699972450733 2444.980003207922 3227.8599979281425 2.0000004023313522 -8.409999955445528 2.630000237375498 0.3700004667043686 -10.30999993160367 3.8300002850592136
315 0 1 0 0 0 1 0 1 0 0 0 1 0 0 0 0 1 0 0 0 0 0 1 0 0 0 0 0 0 0 0 0 0 0 0 0 0 0 164.349998742342 0 0 0 164.349998742342 0 164.349998742342 0 0 0 164.349998742342 0 0 0 0 164.349998742342 0 0 0 0 0 164.349998742342 0 0 0 0 0 0 0 0 0 0 0 0 0 0 33.46000051498413 113.65999868512154 164.349998742342 -0.999999962747097 -0.3999999985098839 -0.9999999701976776 -1.0699999630451202 -0.4699999988079071 -0.9999999701976776 315 1 4 2 0 0 2 0 2 0 0 0 5 0 0 0 2 2 1 0 0 0 1 1 0 0 0 0 0 1 1 1 0 0 0 0 0 0 184.440001308918 612.430000603199 321.8500024974346 0 0 290.5799981057644 0 290.5799981057644 0 0 0 796.870001912117 0 0 0 321.8500024974346 290.5799981057644 184.440001308918 0 0 0 126.2299993634224 164.349998742342 0 0 0 0 0 184.440001308918 148.89999961853027 172.95000287890434 0 0 0 0 0 0 128.21999987959862 591.4800028502941 796.870001912117 -1.999999888241291 -1.9999999925494194 -1.999999925494194 -2.6499998793005943 -2.789999984204769 -1.8599999248981476 315 1 5 2 0 1 3 0 3 1 0 0 6 0 0 0 2 3 1 0 0 0 2 1 0 0 0 0 0 1 1 1 0 0 0 0 0 0 184.440001308918 737.1900015026331 321.8500024974346 0 72.67000102996826 415.3399990051985 0 415.3399990051985 72.67000102996826 0 0 921.6300028115511 0 0 0 321.8500024974346 415.3399990051985 184.440001308918 0 0 0 250.99000026285648 164.349998742342 0 0 0 0 0 184.440001308918 148.89999961853027 172.95000287890434 0 0 0 0 0 0 177.64999990165234 710.8100042045116 994.3000038415194 -2.999999839812517 -2.8899999894201756 -2.909999892115593 -3.2499998323619366 -3.2799999825656414 -2.7699998915195465 315 1 9 4 0 2 5 1 4 2 0 1 8 1 0 1 3 4 1 0 0 0 3 1 0 0 0 0 0 1 2 1 1 1 0 0 0 0 184.440001308918 1362.9500011056662 596.760000616312 0 147.56000328063965 766.1900004893541 258.54000225663185 507.6499982327223 147.56000328063965 0 114.67999982833862 1174.1700003296137 258.54000225663185 0 114.67999982833862 482.0800007879734 507.6499982327223 184.440001308918 0 0 0 343.2999994903803 164.349998742342 0 0 0 0 0 184.440001308918 309.12999790906906 172.95000287890434 258.54000225663185 114.67999982833862 0 0 0 0 308.77999971807003 1173.770007610321 1694.9500056952238 -2.999999765306711 -4.979999981820583 -2.8199998550117016 -3.5299997590482235 -5.649999976158142 -2.679999854415655 315 2 11 4 0 2 7 3 4 2 0 1 8 3 1 1 3 4 1 0 0 0 3 1 0 0 0 0 0 1 2 1 3 1 0 0 0 0 314.23999923467636 1807.3899993747473 596.760000616312 0 147.56000328063965 1210.6299987584352 702.980000525713 507.6499982327223 147.56000328063965 0 114.67999982833862 1174.1700003296137 702.980000525713 129.79999792575836 114.67999982833862 482.0800007879734 507.6499982327223 184.440001308918 0 0 0 343.2999994903803 164.349998742342 0 0 0 0 0 184.440001308918 309.12999790906906 172.95000287890434 702.980000525713 114.67999982833862 0 0 0 0 377.30999821424484 1647.6400051563978 2269.1900018900633 -0.9999997019767761 -6.049999970942736 -0.6399998180568218 -1.0599997006356716 -6.119999974966049 -0.319999810308218 315 5 18 5 0 5 13 9 4 3 0 3 9 9 2 1 4 4 1 0 0 0 3 1 0 0 2 1 0 1 3 1 8 1 0 0 0 0 714.5499976724386 3073.1299966722727 634.4300008118153 0 471.31000205874443 2438.6999958604574 1931.0499976277351 507.6499982327223 206.12000226974487 0 379.8699996173382 1211.840000525117 1931.0499976277351 264.91999657452106 114.67999982833862 519.7500009834766 507.6499982327223 184.440001308918 0 0 0 343.2999994903803 164.349998742342 0 0 265.18999978899956 156.91000214219093 0 184.440001308918 346.7999981045723 172.95000287890434 1774.1399954855442 114.67999982833862 0 0 0 0 511.04999689757824 3119.660002425313 3993.799996614456 5.000000491738319 -10.409999947994947 5.630000289529562 3.8600005879998207 -12.229999918490648 7.550000365823507
316 0 1 1 0 0 0 0 0 0 0 0 1 0 0 0 1 0 0 0 0 0 0 0 0 0 0 0 0 0 0 1 0 0 0 0 0 0 0 172.95000287890434 172.95000287890434 0 0 0 0 0 0 0 0 172.95000287890434 0 0 0 172.95000287890434 0 0 0 0 0 0 0 0 0 0 0 0 0 0 172.95000287890434 0 0 0 0 0 0 19.559999704360962 140.790002733469 172.95000287890434 7.450580596923828e-9 -0.3999999985098839 0.0 -0.06999999284744263 -0.4699999988079071 0.0 316 1 4 2 0 0 2 0 2 0 0 0 5 0 0 0 2 2 1 0 0 0 1 1 0 0 0 0 0 1 1 1 0 0 0 0 0 0 184.440001308918 610.9600021392107 321.8500024974346 0 0 289.1099996417761 0 289.1099996417761 0 0 0 795.4000034481287 0 0 0 321.8500024974346 289.1099996417761 184.440001308918 0 0 0 124.76000089943409 164.349998742342 0 0 0 0 0 184.440001308918 148.89999961853027 172.95000287890434 0 0 0 0 0 0 122.52999947965145 600.9100045859814 795.4000034481287 -1.999999888241291 -1.9999999925494194 -1.999999925494194 -1.6699998900294304 -1.8099999949336052 -1.8599999248981476 316 1 6 3 0 1 3 0 3 1 0 1 6 0 0 1 2 3 1 0 0 0 2 1 0 0 0 0 0 1 1 1 0 1 0 0 0 0 184.440001308918 851.8700013309717 436.53000232577324 0 72.67000102996826 415.3399990051985 0 415.3399990051985 72.67000102996826 0 114.67999982833862 921.6300028115511 0 0 114.67999982833862 321.8500024974346 415.3399990051985 184.440001308918 0 0 0 250.99000026285648 164.349998742342 0 0 0 0 0 184.440001308918 148.89999961853027 172.95000287890434 0 114.67999982833862 0 0 0 0 211.53999929130077 773.5000052154064 1108.980003669858 -2.9999998435378075 -3.2899999879300594 -2.909999903291464 -3.31999983638525 -3.7499999813735485 -2.7699999026954174 316 1 10 4 0 1 6 2 4 1 0 1 8 2 0 1 3 4 1 0 0 0 3 1 0 0 0 0 0 1 2 1 2 1 0 0 0 0 184.440001308918 1563.5700002759695 596.760000616312 0 72.67000102996826 966.8099996596575 459.1600014269352 507.6499982327223 72.67000102996826 0 114.67999982833862 1174.1700003296137 459.1600014269352 0 114.67999982833862 482.0800007879734 507.6499982327223 184.440001308918 0 0 0 343.2999994903803 164.349998742342 0 0 0 0 0 184.440001308918 309.12999790906906 172.95000287890434 459.1600014269352 114.67999982833862 0 0 0 0 293.52999860048294 1340.090005800128 1820.6800026148558 -1.9999997541308403 -4.889999981969595 -1.909999843686819 -2.9099997505545616 -5.629999976605177 -1.7699998430907726 316 3 11 4 0 3 7 3 4 2 0 2 8 3 1 1 3 4 1 0 0 0 3 1 0 0 1 0 0 1 2 1 3 1 0 0 0 0 453.20000000298023 1802.8600003570318 596.760000616312 0 286.5200040489435 1206.0999997407198 698.4500015079975 507.6499982327223 147.56000328063965 0 253.6400005966425 1174.1700003296137 698.4500015079975 129.79999792575836 114.67999982833862 482.0800007879734 507.6499982327223 184.440001308918 0 0 0 343.2999994903803 164.349998742342 0 0 138.96000076830387 0 0 184.440001308918 309.12999790906906 172.95000287890434 698.4500015079975 114.67999982833862 0 0 0 0 363.7999991774559 1780.9500067830086 2403.6200036406517 -0.9999996945261955 -6.4499999694526196 -0.6399998180568218 -2.859999667853117 -8.079999953508377 -0.24999980255961418 316 4 17 5 0 4 12 7 5 2 0 3 10 7 1 1 4 5 1 0 0 0 3 2 0 0 2 0 0 1 3 1 7 1 0 0 0 0 579.4299990236759 2755.559998035431 634.4300008118153 0 412.7500030696392 2121.1299972236156 1537.3199975192547 583.809999704361 147.56000328063965 0 379.8699996173382 1288.0000019967556 1537.3199975192547 129.79999792575836 114.67999982833862 519.7500009834766 583.809999704361 184.440001308918 0 0 0 343.2999994903803 240.51000021398067 0 0 265.18999978899956 0 0 184.440001308918 346.7999981045723 172.95000287890434 1537.3199975192547 114.67999982833862 0 0 0 0 432.78999850153923 2729.810003876686 3482.5500003397465 2.000000447034836 -9.249999959021807 2.3600002713501453 1.1700005121529102 -9.999999940395355 3.830000329762697
317 0 1 1 0 0 0 0 0 0 0 0 1 0 0 0 1 0 0 0 0 0 0 0 0 0 0 0 0 0 1 0 0 0 0 0 0 0 0 148.89999961853027 148.89999961853027 0 0 0 0 0 0 0 0 148.89999961853027 0 0 0 148.89999961853027 0 0 0 0 0 0 0 0 0 0 0 0 0 148.89999961853027 0 0 0 0 0 0 0 27.37000000476837 108.20999991893768 148.89999961853027 7.450580596923828e-9 -0.3999999985098839 0.0 -0.06999999284744263 -0.4699999988079071 0.0 317 0 5 3 0 0 2 0 2 0 0 1 4 0 0 1 2 2 0 0 0 0 1 1 0 0 0 0 0 0 1 1 0 1 0 0 0 0 0 725.6400019675493 436.53000232577324 0 0 289.1099996417761 0 289.1099996417761 0 0 114.67999982833862 610.9600021392107 0 0 114.67999982833862 321.8500024974346 289.1099996417761 0 0 0 0 124.76000089943409 164.349998742342 0 0 0 0 0 0 148.89999961853027 172.95000287890434 0 114.67999982833862 0 0 0 0 124.19999964535236 529.9100032448769 725.6400019675493 -1.9999999143183231 -1.9999999925494194 -1.9999999515712261 -1.8799999170005322 -1.8799999952316284 -1.9999999515712261 317 1 7 4 0 0 3 0 3 0 0 1 7 0 0 1 3 3 1 0 0 0 2 1 0 0 0 0 0 1 2 1 0 1 0 0 0 0 184.440001308918 978.1799994856119 596.760000616312 0 0 381.4199988692999 0 381.4199988692999 0 0 114.67999982833862 1047.9400009661913 0 0 114.67999982833862 482.0800007879734 381.4199988692999 184.440001308918 0 0 0 217.0700001269579 164.349998742342 0 0 0 0 0 184.440001308918 309.12999790906906 172.95000287890434 0 114.67999982833862 0 0 0 0 197.26999835669994 841.1200043857098 1162.62000079453 -2.9999998472630978 -3.199999988079071 -2.9999999068677425 -2.8799998499453068 -3.2199999913573265 -2.859999906271696 317 1 10 4 0 1 6 2 4 1 0 1 8 2 0 1 3 4 1 0 0 0 3 1 0 0 0 0 0 1 2 1 2 1 0 0 0 0 184.440001308918 1544.3199981004 596.760000616312 0 72.67000102996826 947.559997484088 439.90999925136566 507.6499982327223 72.67000102996826 0 114.67999982833862 1174.1700003296137 439.90999925136566 0 114.67999982833862 482.0800007879734 507.6499982327223 184.440001308918 0 0 0 343.2999994903803 164.349998742342 0 0 0 0 0 184.440001308918 309.12999790906906 172.95000287890434 439.90999925136566 114.67999982833862 0 0 0 0 271.22999888658524 1352.690003529191 1801.4300004392862 -1.9999997541308403 -4.889999981969595 -1.909999843686819 -3.5699997320771217 -6.139999967068434 -1.6099998317658901 317 3 12 4 0 4 8 4 4 2 0 3 8 4 0 1 3 4 1 0 0 0 3 1 0 0 2 0 0 1 2 1 4 1 0 0 0 0 449.63000109791756 1952.7799999415874 596.760000616312 0 412.7500030696392 1356.0199993252754 848.3700010925531 507.6499982327223 147.56000328063965 0 379.8699996173382 1174.1700003296137 848.3700010925531 0 114.67999982833862 482.0800007879734 507.6499982327223 184.440001308918 0 0 0 343.2999994903803 164.349998742342 0 0 265.18999978899956 0 0 184.440001308918 309.12999790906906 172.95000287890434 848.3700010925531 114.67999982833862 0 0 0 0 348.5600003898144 1940.810005992651 2549.9700043201447 3.166496753692627e-7 -6.979999974370003 0.180000189691782 -2.729999627918005 -9.529999941587448 0.9300002194941044 317 10 22 7 3 8 15 9 6 2 2 6 11 9 1 2 4 6 1 3 0 0 3 3 2 0 3 2 1 1 3 1 7 1 1 2 0 1 881.2099991887808 3206.739998832345 782.3799995332956 148.73999984562397 621.9900026470423 2424.3599992990494 1754.7300003767014 669.629998922348 147.56000328063965 157.88999944925308 522.9699992090464 1373.8200012147427 1754.7300003767014 129.79999792575836 206.42999929189682 519.7500009834766 669.629998922348 184.440001308918 148.73999984562397 0 0 343.2999994903803 326.32999943196774 92.5400005877018 0 297.5800001323223 217.41000285744667 18.959999784827232 184.440001308918 346.7999981045723 172.95000287890434 1537.3199975192547 114.67999982833862 91.7499994635582 157.88999944925308 0 56.19999925792217 514.1799985766411 3358.3900042027235 4235.510001301765 3.000000573694706 -13.64999994263053 3.360000316053629 0.7000006698071957 -14.899999886751175 5.730000402778387
318 0 1 0 0 0 1 0 1 0 0 0 1 0 0 0 0 1 0 0 0 0 1 0 0 0 0 0 0 0 0 0 0 0 0 0 0 0 0 124.76000089943409 0 0 0 124.76000089943409 0 124.76000089943409 0 0 0 124.76000089943409 0 0 0 0 124.76000089943409 0 0 0 0 124.76000089943409 0 0 0 0 0 0 0 0 0 0 0 0 0 0 0 9.920000031590462 104.56000089645386 124.76000089943409 -0.999999962747097 -0.3999999985098839 -0.9999999701976776 -0.5999999642372131 0.0 -0.9999999701976776 318 0 5 3 0 0 2 0 2 0 0 1 4 0 0 1 2 2 0 0 0 0 2 0 0 0 0 0 0 0 1 1 0 1 0 0 0 0 0 653.6000024527311 436.53000232577324 0 0 217.0700001269579 0 217.0700001269579 0 0 114.67999982833862 538.9200026243925 0 0 114.67999982833862 321.8500024974346 217.0700001269579 0 0 0 0 217.0700001269579 0 0 0 0 0 0 0 148.89999961853027 172.95000287890434 0 114.67999982833862 0 0 0 0 112.14999921619892 470.7900039255619 653.6000024527311 -1.9999999143183231 -1.9999999925494194 -1.9999999515712261 -1.8799999170005322 -1.8799999952316284 -1.9999999515712261 318 0 8 4 0 0 4 1 3 0 0 1 6 1 0 1 3 3 0 0 0 0 2 1 0 0 0 0 0 0 2 1 1 1 0 0 0 0 0 1178.7999986559153 596.760000616312 0 0 582.0399980396032 200.61999917030334 381.4199988692999 0 0 114.67999982833862 863.4999996572733 200.61999917030334 0 114.67999982833862 482.0800007879734 381.4199988692999 0 0 0 0 217.0700001269579 164.349998742342 0 0 0 0 0 0 309.12999790906906 172.95000287890434 200.61999917030334 114.67999982833862 0 0 0 0 177.63999912142754 890.5400011390448 1178.7999986559153 -1.9999998472630978 -3.199999988079071 -1.9999999068677425 -2.3999998532235622 -3.2899999916553497 -1.9999999068677425 318 2 10 4 0 1 6 2 4 0 0 2 8 2 0 1 3 4 1 0 0 0 3 1 0 0 1 0 0 1 2 1 2 1 0 0 0 0 323.40000207722187 1544.3199981004 596.760000616312 0 138.96000076830387 947.559997484088 439.90999925136566 507.6499982327223 0 0 253.6400005966425 1174.1700003296137 439.90999925136566 0 114.67999982833862 482.0800007879734 507.6499982327223 184.440001308918 0 0 0 343.2999994903803 164.349998742342 0 0 138.96000076830387 0 0 184.440001308918 309.12999790906906 172.95000287890434 439.90999925136566 114.67999982833862 0 0 0 0 244.19999903440475 1450.0700037777424 1867.7200001776218 -1.9999997578561306 -4.799999982118607 -1.9999998472630978 -4.059999722987413 -6.629999957978725 -1.6099998317658901 318 3 15 5 0 3 10 5 5 1 0 3 10 5 0 1 4 5 1 0 0 0 3 2 0 0 2 0 0 1 3 1 5 1 0 0 0 0 449.63000109791756 2293.82000041008 634.4300008118153 0 337.8600008189678 1659.3899995982647 1075.5799998939037 583.809999704361 72.67000102996826 0 379.8699996173382 1288.0000019967556 1075.5799998939037 0 114.67999982833862 519.7500009834766 583.809999704361 184.440001308918 0 0 0 343.2999994903803 240.51000021398067 0 0 265.18999978899956 0 0 184.440001308918 346.7999981045723 172.95000287890434 1075.5799998939037 114.67999982833862 0 0 0 0 347.429998844862 2220.1100056171417 2816.120002537966 3.725290298461914e-7 -7.689999971538782 0.09000023081898689 -1.969999574124813 -9.039999943226576 1.0200002677738667 318 10 23 8 3 8 15 9 6 2 2 6 12 9 1 2 5 6 1 3 0 0 3 3 2 0 3 3 1 1 3 2 6 1 1 2 0 1 791.6400006860495 3055.8799995332956 800.5199998766184 148.73999984562397 532.420004144311 2255.3599996566772 1585.7300007343292 669.629998922348 147.56000328063965 68.32000094652176 522.9699992090464 1391.9600015580654 1585.7300007343292 129.79999792575836 206.42999929189682 537.8900013267994 669.629998922348 184.440001308918 148.73999984562397 0 0 343.2999994903803 326.32999943196774 92.5400005877018 0 297.5800001323223 292.2300023138523 18.959999784827232 184.440001308918 346.7999981045723 191.0900032222271 1293.499998420477 114.67999982833862 91.7499994635582 68.32000094652176 0 56.19999925792217 482.969999730587 3163.7900057286024 3995.0800034999847 3.000000588595867 -14.049999941140413 3.3600003235042095 -0.20999935269355774 -14.429999887943268 5.060000389814377
319 0 1 1 0 0 0 0 0 0 0 1 0 0 0 1 0 0 0 0 0 0 0 0 0 0 0 0 0 0 0 0 0 1 0 0 0 0 0 114.67999982833862 114.67999982833862 0 0 0 0 0 0 0 114.67999982833862 0 0 0 114.67999982833862 0 0 0 0 0 0 0 0 0 0 0 0 0 0 0 0 0 114.67999982833862 0 0 0 0 33.88999938964844 62.690001010894775 114.67999982833862 -3.725290298461914e-9 -0.3999999985098839 -1.1175870895385742e-8 -0.07000000402331352 -0.4699999988079071 -1.1175870895385742e-8 319 0 6 3 0 0 3 1 2 0 0 1 4 1 0 1 2 2 0 0 0 0 2 0 0 0 0 0 0 0 2 0 1 1 0 0 0 0 0 841.4999970346689 423.8099977374077 0 0 417.68999929726124 200.61999917030334 217.0700001269579 0 0 114.67999982833862 526.199998036027 200.61999917030334 0 114.67999982833862 309.12999790906906 217.0700001269579 0 0 0 0 217.0700001269579 0 0 0 0 0 0 0 309.12999790906906 0 200.61999917030334 114.67999982833862 0 0 0 0 124.61999890208244 636.0899997204542 841.4999970346689 -0.9999998919665813 -2.3999999910593033 -0.9999999366700649 -1.2599998973309994 -2.3499999940395355 -0.9999999366700649 319 0 8 4 0 0 4 2 2 0 0 1 5 2 0 1 3 2 0 0 0 0 2 0 0 0 0 0 0 0 2 1 2 1 0 0 0 0 0 1253.7399999946356 596.760000616312 0 0 656.9799993783236 439.90999925136566 217.0700001269579 0 0 114.67999982833862 699.1500009149313 439.90999925136566 0 114.67999982833862 482.0800007879734 217.0700001269579 0 0 0 0 217.0700001269579 0 0 0 0 0 0 0 309.12999790906906 172.95000287890434 439.90999925136566 114.67999982833862 0 0 0 0 150.4299987256527 995.4400028735399 1253.7399999946356 1.3783574104309082e-7 -3.199999988079071 7.82310962677002e-8 -1.0599998496472836 -3.7999999821186066 0.16000008955597878 319 3 10 4 0 2 6 3 3 0 0 3 7 3 0 1 3 3 1 0 0 0 2 1 0 0 2 0 0 1 2 1 3 1 0 0 0 0 449.63000109791756 1568.0099983215332 596.760000616312 0 265.18999978899956 971.2499977052212 589.8299988359213 381.4199988692999 0 0 379.8699996173382 1047.9400009661913 589.8299988359213 0 114.67999982833862 482.0800007879734 381.4199988692999 184.440001308918 0 0 0 217.0700001269579 164.349998742342 0 0 265.18999978899956 0 0 184.440001308918 309.12999790906906 172.95000287890434 589.8299988359213 114.67999982833862 0 0 0 0 237.0499990284443 1608.1600027680397 2017.6399994194508 2.3469328880310059e-7 -5.1999999806284904 1.3783574104309082e-7 -2.0799997188150883 -7.0999999567866325 0.7500001676380634 319 7 18 6 1 7 12 6 6 1 2 5 11 6 0 1 4 6 1 1 0 0 3 3 0 0 3 1 1 1 3 1 5 1 0 2 0 1 569.3000021725893 2552.1299972981215 690.6300000697374 56.19999925792217 457.53000189363956 1861.499997228384 1191.869998306036 669.629998922348 72.67000102996826 68.32000094652176 431.21999974548817 1373.8200012147427 1191.869998306036 0 114.67999982833862 519.7500009834766 669.629998922348 184.440001308918 56.19999925792217 0 0 343.2999994903803 326.32999943196774 0 0 297.5800001323223 156.91000214219093 18.959999784827232 184.440001308918 346.7999981045723 172.95000287890434 1034.959996163845 114.67999982833862 0 68.32000094652176 0 56.19999925792217 380.87999998033047 2536.5600023269653 3194.100000500679 4.6193599700927734e-7 -10.48999996110797 0.09000026807188988 -1.5499994307756424 -12.019999902695417 2.600000347942114 319 16 29 11 5 14 18 10 8 4 5 8 16 9 1 3 7 8 1 5 0 0 5 3 4 1 3 3 2 1 5 2 6 1 2 5 0 1 934.4000033736229 3501.6599971204996 1084.519997164607 186.9400001168251 714.2400032281876 2417.1399999558926 1624.7100012302399 792.4299987256527 173.85000278055668 222.63000053167343 597.2299977391958 1725.7200001180172 1585.7300007343292 78.83000075817108 279.4699978232384 748.8500000834465 792.4299987256527 184.440001308918 186.9400001168251 0 0 466.09999929368496 326.32999943196774 130.74000085890293 38.980000495910645 297.5800001323223 292.2300023138523 20.17999978363514 184.440001308918 557.7599968612194 191.0900032222271 1293.499998420477 114.67999982833862 164.78999799489975 222.63000053167343 0 56.19999925792217 518.2300007790327 3692.5400044322014 4609.910003274679 2.0000007562339306 -19.829999919980764 2.5400003865361214 -1.519999209791422 -17.169999856501818 4.090000465512276
320 0 1 0 0 0 1 0 1 0 0 0 1 0 0 0 0 1 0 0 0 0 1 0 0 0 0 0 0 0 0 0 0 0 0 0 0 0 0 92.3099992275238 0 0 0 92.3099992275238 0 92.3099992275238 0 0 0 92.3099992275238 0 0 0 0 92.3099992275238 0 0 0 0 92.3099992275238 0 0 0 0 0 0 0 0 0 0 0 0 0 0 0 21.41000008583069 54.53999936580658 92.3099992275238 -0.999999962747097 -0.3999999985098839 -0.9999999701976776 -1.0699999630451202 -0.4699999988079071 -0.9999999701976776 320 0 5 2 0 0 3 1 2 0 0 1 3 1 0 1 1 2 0 0 0 0 2 0 0 0 0 0 0 0 1 0 1 1 0 0 0 0 0 692.5999974161386 274.9099981188774 0 0 417.68999929726124 200.61999917030334 217.0700001269579 0 0 114.67999982833862 377.2999984174967 200.61999917030334 0 114.67999982833862 160.2299982905388 217.0700001269579 0 0 0 0 217.0700001269579 0 0 0 0 0 0 0 160.2299982905388 0 200.61999917030334 114.67999982833862 0 0 0 0 97.24999889731407 527.8799998015165 692.5999974161386 -0.9999998994171619 -1.9999999925494194 -0.9999999366700649 -1.1899999044835567 -1.8799999952316284 -0.9999999366700649 320 2 7 3 0 2 4 2 2 0 0 3 4 2 0 1 2 2 0 0 0 0 2 0 0 0 2 0 0 0 2 0 2 1 0 0 0 0 265.18999978899956 1080.7899971157312 423.8099977374077 0 265.18999978899956 656.9799993783236 439.90999925136566 217.0700001269579 0 0 379.8699996173382 526.199998036027 439.90999925136566 0 114.67999982833862 309.12999790906906 217.0700001269579 0 0 0 0 217.0700001269579 0 0 0 265.18999978899956 0 0 0 309.12999790906906 0 439.90999925136566 114.67999982833862 0 0 0 0 151.60999958217144 1073.4799994826317 1345.9799969047308 1.4528632164001465e-7 -3.599999986588955 7.82310962677002e-8 -1.9699998162686825 -5.289999961853027 0.34000009670853615 320 2 13 5 1 2 8 4 4 0 0 3 7 4 0 1 3 4 0 1 0 0 2 2 0 0 2 0 0 0 2 1 4 1 0 0 0 1 265.18999978899956 1927.5799978524446 652.9599998742342 56.19999925792217 265.18999978899956 1274.6199979782104 817.0399976372719 457.58000034093857 0 0 379.8699996173382 939.660001128912 817.0399976372719 0 114.67999982833862 482.0800007879734 457.58000034093857 0 56.19999925792217 0 0 217.0700001269579 240.51000021398067 0 0 265.18999978899956 0 0 0 309.12999790906906 172.95000287890434 817.0399976372719 114.67999982833862 0 0 0 56.19999925792217 237.58999955654144 1779.139999717474 2192.769997641444 2.644956111907959e-7 -5.999999977648258 1.5273690223693848e-7 -1.4399996809661388 -7.2099999487400055 1.0100001879036427 320 12 23 8 3 10 15 8 7 2 4 6 13 8 1 2 5 7 1 3 0 0 4 3 2 0 3 3 1 1 3 2 5 1 1 4 0 1 746.0600036233664 2850.7999964803457 800.5199998766184 148.73999984562397 465.08000199496746 2050.2799966037273 1327.1899984776974 723.08999812603 74.83000102639198 73.71000105142593 522.9699992090464 1445.4200007617474 1327.1899984776974 78.83000075817108 206.42999929189682 537.8900013267994 723.08999812603 184.440001308918 148.73999984562397 0 0 396.75999869406223 326.32999943196774 92.5400005877018 0 297.5800001323223 292.2300023138523 18.959999784827232 184.440001308918 346.7999981045723 191.0900032222271 1034.959996163845 114.67999982833862 91.7499994635582 73.71000105142593 0 56.19999925792217 407.34999963641167 2960.900003567338 3671.690001130104 1.0000006183981895 -14.849999938160181 1.3600003384053707 -1.6699993275105953 -13.759999882429838 3.4200004190206528 320 25 39 13 6 21 26 12 14 4 9 12 24 11 1 4 8 14 2 6 2 0 7 7 5 1 4 4 4 2 6 2 7 2 2 7 0 1 1185.0600014775991 4367.349998742342 1148.249998420477 186.9400001168251 861.3600020557642 3219.100000321865 1929.1900021582842 1289.909998163581 173.85000278055668 347.0899995714426 677.059998691082 2333.299998924136 1890.2100016623735 78.83000075817108 336.6399989873171 755.4100001752377 1289.909998163581 287.9800005853176 186.9400001168251 120.78999914228916 0 635.2799995094538 654.6299986541271 130.74000085890293 38.980000495910645 315.24000000953674 438.990002989769 25.179999694228172 287.9800005853176 564.3199969530106 191.0900032222271 1451.2199986726046 171.85000099241734 164.78999799489975 226.30000042915344 0 56.19999925792217 606.669999614358 4669.2200060635805 5726.260003000498 -1.9999988824129105 -27.429999891668558 -1.459999393671751 -6.089998871088028 -21.959999810904264 1.5500007085502148
321 0 1 1 0 0 0 0 0 0 0 0 1 0 0 0 1 0 0 0 0 0 0 0 0 0 0 0 0 0 1 0 0 0 0 0 0 0 0 160.2299982905388 160.2299982905388 0 0 0 0 0 0 0 0 160.2299982905388 0 0 0 160.2299982905388 0 0 0 0 0 0 0 0 0 0 0 0 0 160.2299982905388 0 0 0 0 0 0 0 19.439999401569366 122.97999942302704 160.2299982905388 7.450580596923828e-9 -0.3999999985098839 0.0 -0.06999999284744263 -0.4699999988079071 0.0 321 0 5 2 0 0 3 2 1 0 0 1 2 2 0 1 1 1 0 0 0 0 1 0 0 0 0 0 0 0 1 0 2 1 0 0 0 0 0 807.1299965977669 274.9099981188774 0 0 532.2199984788895 439.90999925136566 92.3099992275238 0 0 114.67999982833862 252.5399975180626 439.90999925136566 0 114.67999982833862 160.2299982905388 92.3099992275238 0 0 0 0 92.3099992275238 0 0 0 0 0 0 0 160.2299982905388 0 439.90999925136566 114.67999982833862 0 0 0 0 93.5799989849329 641.8799993246794 807.1299965977669 1.0000000856816769 -1.9999999925494194 1.0000000484287739 -0.31999989971518517 -2.8599999845027924 1.1600000597536564 321 2 7 3 0 2 4 2 2 0 0 3 4 2 0 1 2 2 0 0 0 0 2 0 0 0 2 0 0 0 2 0 2 1 0 0 0 0 265.18999978899956 1080.7899971157312 423.8099977374077 0 265.18999978899956 656.9799993783236 439.90999925136566 217.0700001269579 0 0 379.8699996173382 526.199998036027 439.90999925136566 0 114.67999982833862 309.12999790906906 217.0700001269579 0 0 0 0 217.0700001269579 0 0 0 265.18999978899956 0 0 0 309.12999790906906 0 439.90999925136566 114.67999982833862 0 0 0 0 151.60999958217144 1073.4799994826317 1345.9799969047308 1.4528632164001465e-7 -3.599999986588955 7.82310962677002e-8 -1.9699998162686825 -5.289999961853027 0.34000009670853615 321 2 13 5 1 2 8 4 4 0 0 3 7 4 0 1 3 4 0 1 0 0 2 2 0 0 2 0 0 0 2 1 4 1 0 0 0 1 265.18999978899956 1927.5799978524446 652.9599998742342 56.19999925792217 265.18999978899956 1274.6199979782104 817.0399976372719 457.58000034093857 0 0 379.8699996173382 939.660001128912 817.0399976372719 0 114.67999982833862 482.0800007879734 457.58000034093857 0 56.19999925792217 0 0 217.0700001269579 240.51000021398067 0 0 265.18999978899956 0 0 0 309.12999790906906 172.95000287890434 817.0399976372719 114.67999982833862 0 0 0 56.19999925792217 237.58999955654144 1779.139999717474 2192.769997641444 2.644956111907959e-7 -5.999999977648258 1.5273690223693848e-7 -1.4399996809661388 -7.2099999487400055 1.0100001879036427 321 9 22 8 2 7 14 7 7 1 2 6 13 7 1 2 5 7 1 2 0 0 4 3 1 0 3 2 1 1 3 2 5 1 1 2 0 1 699.080003246665 2757.2699960917234 781.8099989444017 107.14999957382679 457.53000189363956 1975.4599971473217 1252.3699990212917 723.08999812603 72.67000102996826 68.32000094652176 504.2599982768297 1445.4200007617474 1252.3699990212917 78.83000075817108 187.71999835968018 537.8900013267994 723.08999812603 184.440001308918 107.14999957382679 0 0 396.75999869406223 326.32999943196774 50.95000031590462 0 297.5800001323223 217.41000285744667 18.959999784827232 184.440001308918 346.7999981045723 191.0900032222271 1034.959996163845 114.67999982833862 73.03999853134155 68.32000094652176 0 56.19999925792217 385.5400000810623 2832.2200021892786 3529.0200003683567 5.550682544708252e-7 -12.759999945759773 0.27000031247735023 -2.209999367594719 -13.289999883621931 2.3200003765523434 321 20 35 12 5 17 23 12 11 3 8 10 19 11 1 4 7 11 1 5 2 0 6 5 4 1 3 4 3 1 5 2 7 2 2 6 0 1 909.9400029331446 4096.409995302558 1141.6899983286858 186.9400001168251 665.6500032842159 2954.719996973872 1929.1900021582842 1025.529994815588 149.72000327706337 198.1700000911951 654.3999989032745 1958.8199962079525 1890.2100016623735 78.83000075817108 336.6399989873171 748.8500000834465 1025.529994815588 184.440001308918 186.9400001168251 120.78999914228916 0 545.5099978595972 480.0199969559908 130.74000085890293 38.980000495910645 297.5800001323223 438.990002989769 20.17999978363514 184.440001308918 557.7599968612194 191.0900032222271 1451.2199986726046 171.85000099241734 164.78999799489975 77.38000094890594 0 56.19999925792217 510.7900002896786 4211.1200041770935 5156.070001512766 1.000000935047865 -23.33999990671873 1.450000498443842 -2.3699990324676037 -19.039999835193157 3.8200006000697613
322 0 1 0 0 0 1 1 0 0 0 0 0 1 0 0 0 0 0 0 0 0 0 0 0 0 0 0 0 0 0 0 1 0 0 0 0 0 0 200.61999917030334 0 0 0 200.61999917030334 200.61999917030334 0 0 0 0 0 200.61999917030334 0 0 0 0 0 0 0 0 0 0 0 0 0 0 0 0 0 0 200.61999917030334 0 0 0 0 0 12.589999988675117 183.10999910533428 200.61999917030334 1.0000000223517418 -0.3999999985098839 1.0000000149011612 0.6200000196695328 -0.4699999988079071 1.0000000149011612 322 1 5 2 0 1 3 2 1 0 0 2 2 2 0 1 1 1 0 0 0 0 1 0 0 0 1 0 0 0 1 0 2 1 0 0 0 0 138.96000076830387 807.1299965977669 274.9099981188774 0 138.96000076830387 532.2199984788895 439.90999925136566 92.3099992275238 0 0 253.6400005966425 252.5399975180626 439.90999925136566 0 114.67999982833862 160.2299982905388 92.3099992275238 0 0 0 0 92.3099992275238 0 0 0 138.96000076830387 0 0 0 160.2299982905388 0 439.90999925136566 114.67999982833862 0 0 0 0 106.05999912321568 754.0300000309944 946.0899973660707 1.0000000931322575 -2.3999999910593033 1.0000000484287739 -0.8099998794496059 -3.8399999737739563 1.250000063329935 322 2 10 3 1 2 7 4 3 0 0 3 4 4 0 1 1 3 0 1 0 0 2 1 0 0 2 0 0 0 1 0 4 1 0 0 0 1 265.18999978899956 1441.379996612668 331.1099973767996 56.19999925792217 265.18999978899956 1110.2699992358685 817.0399976372719 293.2300015985966 0 0 379.8699996173382 453.45999988913536 817.0399976372719 0 114.67999982833862 160.2299982905388 293.2300015985966 0 56.19999925792217 0 0 217.0700001269579 76.16000147163868 0 0 265.18999978899956 0 0 0 160.2299982905388 0 817.0399976372719 114.67999982833862 0 0 0 56.19999925792217 157.19999933242798 1416.4799983799458 1706.5699964016676 1.000000212341547 -4.799999982118607 1.0000001229345798 -0.22999973222613335 -5.799999952316284 2.0100001581013203 322 6 16 6 1 5 10 6 4 0 2 4 8 6 1 1 4 4 0 1 0 0 2 2 0 0 2 2 1 0 2 2 4 1 0 2 0 1 431.30000127851963 2002.5099988430738 671.100000217557 56.19999925792217 352.47000052034855 1331.409998625517 952.3599978089333 379.05000081658363 0 68.32000094652176 398.8299994021654 879.2700019478798 952.3599978089333 78.83000075817108 114.67999982833862 500.22000113129616 379.05000081658363 0 56.19999925792217 0 0 217.0700001269579 161.98000068962574 0 0 265.18999978899956 135.32000017166138 18.959999784827232 0 309.12999790906906 191.0900032222271 817.0399976372719 114.67999982833862 0 68.32000094652176 0 56.19999925792217 236.27999974787235 2000.0700014531612 2433.8100001215935 2.00000037252903 -8.669999960809946 2.180000204592943 0.010000407695770264 -8.519999921321869 3.280000239610672 322 16 30 12 5 11 18 10 8 1 5 9 16 9 1 4 7 8 1 5 1 0 5 3 4 1 3 4 2 1 5 2 5 2 2 4 0 1 780.5000013709068 3400.229995906353 1141.6899983286858 186.9400001168251 469.5500004738569 2258.5399975776672 1512.9299996495247 745.6099979281425 2.1599999964237213 150.85000056028366 653.1799989044666 1597.9999972879887 1473.949999153614 78.83000075817108 336.6399989873171 748.8500000834465 745.6099979281425 103.53999927639961 186.9400001168251 77.13999950885773 0 419.2799984961748 326.32999943196774 130.74000085890293 38.980000495910645 297.5800001323223 438.990002989769 18.959999784827232 103.53999927639961 557.7599968612194 191.0900032222271 1034.959996163845 171.85000099241734 164.78999799489975 73.71000105142593 0 56.19999925792217 383.5899994969368 3491.820000320673 4182.889997273684 2.000000726431608 -18.75999992340803 2.270000372081995 -0.9399992413818836 -15.299999862909317 4.000000458210707 322 30 42 15 7 25 27 11 16 5 10 16 26 10 2 6 8 16 2 7 2 0 7 9 6 1 5 4 5 2 6 2 6 4 2 8 0 1 1313.5200044214725 4430.219998404384 1291.7799990475178 249.5200018286705 868.9800006300211 3138.439999356866 1670.6499999016523 1467.7899994552135 122.72000023722649 351.08999958634377 875.3400004208088 2511.180000215769 1631.6699994057417 85.960000872612 480.16999961435795 755.4100001752377 1467.7899994552135 287.9800005853176 249.5200018286705 120.78999914228916 0 635.2799995094538 832.5099999457598 193.32000257074833 38.980000495910645 315.24000000953674 438.990002989769 79.9300007969141 287.9800005853176 564.3199969530106 191.0900032222271 1192.6799964159727 315.3800016194582 164.78999799489975 230.3000004440546 0 56.19999925792217 598.2099996209145 4821.650005564094 5866.460003063083 -4.999998778104782 -30.989999871701002 -4.189999360591173 -9.169998802244663 -22.93999980017543 -0.8199992440640926
323 0 1 0 0 0 1 1 0 0 0 0 0 1 0 0 0 0 0 0 0 0 0 0 0 0 0 0 0 0 0 0 1 0 0 0 0 0 0 239.29000008106232 0 0 0 239.29000008106232 239.29000008106232 0 0 0 0 0 239.29000008106232 0 0 0 0 0 0 0 0 0 0 0 0 0 0 0 0 0 0 239.29000008106232 0 0 0 0 0 6.2500001192092896 218.5600004196167 239.29000008106232 1.0000000223517418 -0.3999999985098839 1.0000000149011612 0.27000004053115845 -0.9799999892711639 1.1600000262260437 323 2 3 1 0 2 2 2 0 0 0 2 1 2 0 0 1 0 0 0 0 0 0 0 0 0 2 0 0 0 1 0 2 0 0 0 0 0 265.18999978899956 600.1399975419044 160.2299982905388 0 265.18999978899956 439.90999925136566 439.90999925136566 0 0 0 265.18999978899956 160.2299982905388 439.90999925136566 0 0 160.2299982905388 0 0 0 0 0 0 0 0 0 265.18999978899956 0 0 0 160.2299982905388 0 439.90999925136566 0 0 0 0 0 59.02000007033348 743.4799982905388 865.329997330904 2.0000000670552254 -1.9999999925494194 2.0000000298023224 -0.15999989211559296 -3.879999965429306 2.3400000482797623 323 2 8 3 1 2 5 3 2 0 0 3 3 3 0 1 1 2 0 1 0 0 1 1 0 0 2 0 0 0 1 0 3 1 0 0 0 1 265.18999978899956 1166.6999961286783 331.1099973767996 56.19999925792217 265.18999978899956 835.5899987518787 667.1199980527163 168.47000069916248 0 0 379.8699996173382 328.69999898970127 667.1199980527163 0 114.67999982833862 160.2299982905388 168.47000069916248 0 56.19999925792217 0 0 92.3099992275238 76.16000147163868 0 0 265.18999978899956 0 0 0 160.2299982905388 0 667.1199980527163 114.67999982833862 0 0 0 56.19999925792217 147.07999929785728 1165.3799979686737 1431.8899959176779 1.0000001527369022 -3.999999985098839 1.0000000782310963 -0.519999798387289 -5.329999953508377 1.7400001026690006 323 8 16 5 3 5 11 6 5 0 2 4 8 5 1 1 3 5 0 3 0 0 4 1 2 1 2 1 1 0 2 1 4 1 0 2 0 1 482.25000159442425 1830.6999975889921 498.1499973386526 107.14999957382679 352.47000052034855 1332.5500002503395 916.5199988484383 416.03000140190125 0 68.32000094652176 398.8299994021654 743.2999996542931 877.5399983525276 78.83000075817108 114.67999982833862 327.2699982523918 416.03000140190125 0 107.14999957382679 0 0 339.86999993026257 76.16000147163868 50.95000031590462 38.980000495910645 265.18999978899956 60.50000071525574 18.959999784827232 0 309.12999790906906 18.140000343322754 817.0399976372719 114.67999982833862 0 68.32000094652176 0 56.19999925792217 229.93000039458275 1895.4100007265806 2312.9499991834164 1.0000004060566425 -9.469999957829714 1.1800002232193947 -2.6799995712935925 -9.539999902248383 1.9200002439320087 323 16 29 11 5 12 18 10 8 1 6 9 14 9 1 4 6 8 0 5 1 0 5 3 4 1 3 4 2 0 4 2 5 3 1 5 0 1 680.2000019848347 3153.709997922182 978.4900000989437 186.9400001168251 472.7900003641844 2175.2199978232384 1512.9299996495247 662.2899981737137 2.1599999964237213 154.09000045061111 601.939998716116 1299.1800002157688 1473.949999153614 78.83000075817108 285.3999987989664 636.8900020420551 662.2899981737137 0 186.9400001168251 77.13999950885773 0 419.2799984961748 243.00999967753887 130.74000085890293 38.980000495910645 297.5800001323223 438.990002989769 18.959999784827232 0 445.79999881982803 191.0900032222271 1034.959996163845 212.36000026762486 73.03999853134155 76.95000094175339 0 56.19999925792217 312.9399996995926 3230.7100022137165 3836.0699999034405 2.0000007078051567 -18.359999924898148 2.270000360906124 -0.7199992537498474 -14.86999985575676 4.280000448226929 323 29 42 15 7 22 27 12 15 3 9 15 26 11 2 5 9 15 2 7 2 0 6 9 6 1 5 4 5 2 6 3 7 3 2 7 0 1 1152.6400036364794 4430.9299979656935 1289.739997163415 237.56000052392483 623.260000616312 3141.1900008022785 1799.6300007104874 1341.5600000917912 25.919999703764915 202.17000010609627 772.3199990689754 2485.930000320077 1760.6500002145767 85.960000872612 377.1499982625246 856.3899996429682 1341.5600000917912 287.9800005853176 237.56000052392483 120.78999914228916 0 509.0500001460314 832.5099999457598 181.36000126600266 38.980000495910645 315.24000000953674 438.990002989769 79.9300007969141 287.9800005853176 564.3199969530106 292.0700026899576 1321.6599972248077 212.36000026762486 164.78999799489975 81.3800009638071 0 56.19999925792217 472.9799982756376 4752.600006192923 5609.490001305938 -2.999998811632395 -29.609999876469374 -2.369999371469021 -6.219998870044947 -19.5699998177588 0.27000072598457336
324 1 0 0 0 1 0 0 0 0 0 1 0 0 0 0 0 0 0 0 0 0 0 0 0 0 1 0 0 0 0 0 0 0 0 0 0 0 138.96000076830387 0 0 0 138.96000076830387 0 0 0 0 0 138.96000076830387 0 0 0 0 0 0 0 0 0 0 0 0 0 0 138.96000076830387 0 0 0 0 0 0 0 0 0 0 0 12.480000138282776 112.15000070631504 138.96000076830387 7.450580596923828e-9 -0.3999999985098839 0.0 -0.4899999797344208 -0.9799999892711639 0.09000000357627869 324 2 3 0 0 2 3 3 0 0 0 2 0 3 0 0 0 0 0 0 0 0 0 0 0 0 2 0 0 0 0 0 3 0 0 0 0 0 265.18999978899956 667.1199980527163 0 0 265.18999978899956 667.1199980527163 667.1199980527163 0 0 0 265.18999978899956 0 667.1199980527163 0 0 0 0 0 0 0 0 0 0 0 0 265.18999978899956 0 0 0 0 0 667.1199980527163 0 0 0 0 0 66.29000023007393 809.4199977070093 932.3099978417158 3.0000000819563866 -1.9999999925494194 3.0000000447034836 1.400000125169754 -3.409999966621399 3.430000066757202 324 4 11 3 1 3 8 5 3 0 1 2 5 5 1 0 2 3 0 1 0 0 2 1 0 0 2 1 0 0 1 1 4 0 0 1 0 1 352.9900005161762 1334.0399961471558 234.56999789178371 56.19999925792217 274.15999975800514 1099.469998255372 877.5399983525276 221.92999990284443 0 8.969999969005585 265.18999978899956 400.29999853670597 877.5399983525276 78.83000075817108 0 178.36999863386154 221.92999990284443 0 56.19999925792217 0 0 145.76999843120575 76.16000147163868 0 0 265.18999978899956 60.50000071525574 0 0 160.2299982905388 18.140000343322754 817.0399976372719 0 0 8.969999969005585 0 56.19999925792217 116.01999996602535 1441.8899977505207 1687.029996663332 2.0000002793967724 -5.869999971240759 2.18000016361475 0.6200002953410149 -5.619999945163727 2.990000180900097 324 16 22 7 5 12 15 9 6 1 6 8 9 8 1 3 3 6 0 5 1 0 4 2 4 1 3 3 2 0 2 1 5 2 1 5 0 1 680.2000019848347 2457.089998424053 517.1299976110458 186.9400001168251 472.7900003641844 1939.9600008130074 1438.110000193119 501.8500006198883 2.1599999964237213 154.09000045061111 561.4299994409084 717.8899994492531 1399.1299996972084 78.83000075817108 244.8899995237589 216.03999882936478 501.8500006198883 0 186.9400001168251 77.13999950885773 0 339.86999993026257 161.98000068962574 130.74000085890293 38.980000495910645 297.5800001323223 364.17000353336334 18.959999784827232 0 197.89999848604202 18.140000343322754 1034.959996163845 171.85000099241734 73.03999853134155 76.95000094175339 0 56.19999925792217 260.35000014305115 2638.9400023519993 3139.4500004053116 3.000000584870577 -15.55999993532896 3.2700002901256084 -0.21999938040971756 -12.949999868869781 5.08000036329031 324 26 36 13 6 21 23 12 11 3 9 14 19 11 2 5 7 11 1 6 2 0 5 6 5 1 4 4 5 1 4 3 7 3 2 7 0 1 899.9200020432472 3956.9299955815077 1171.2199990302324 186.9400001168251 605.6000007390976 2785.7099965512753 1872.879998549819 912.8299980014563 25.919999703764915 202.17000010609627 754.659999191761 1754.2399987876415 1833.8999980539083 85.960000872612 377.1499982625246 737.8700015097857 912.8299980014563 103.53999927639961 186.9400001168251 120.78999914228916 0 419.2799984961748 493.54999950528145 130.74000085890293 38.980000495910645 297.5800001323223 438.990002989769 79.9300007969141 103.53999927639961 445.79999881982803 292.0700026899576 1394.9099950641394 212.36000026762486 164.78999799489975 81.3800009638071 0 56.19999925792217 379.60999895632267 4164.990001037717 4882.76999732852 1.000000987201929 -26.00999988988042 1.6300004944205284 -1.549999039620161 -17.209999840706587 4.54000061750412 324 38 52 19 9 29 33 16 17 5 10 21 30 14 4 7 11 17 2 9 2 0 7 10 8 2 7 5 7 2 8 3 9 4 3 8 0 1 1757.700011357665 5612.980000600219 1623.5800002217293 304.520002245903 1155.5100062191486 3989.4000003784895 2394.8800006359816 1594.519999742508 122.72000023722649 351.08999958634377 1265.9500072449446 2865.6300004422665 2240.5899982899427 188.61000180244446 584.2500008493662 983.1300001144409 1594.519999742508 287.9800005853176 304.520002245903 120.78999914228916 0 635.2799995094538 959.2400002330542 248.32000298798084 154.29000234603882 477.05000245571136 537.2100031524897 204.65000393986702 287.9800005853176 691.0599974244833 292.0700026899576 1703.379995137453 315.3800016194582 268.869999229908 230.3000004440546 0 56.19999925792217 764.0200009196997 6194.470012962818 7493.40001219511 -0.9999985285103321 -37.92999983206391 0.17000074684619904 -7.849998589605093 -27.07999974861741 2.5400008633732796
325 1 0 0 0 1 0 0 0 0 0 1 0 0 0 0 0 0 0 0 0 0 0 0 0 0 1 0 0 0 0 0 0 0 0 0 0 0 126.22999902069569 0 0 0 126.22999902069569 0 0 0 0 0 126.22999902069569 0 0 0 0 0 0 0 0 0 0 0 0 0 0 126.22999902069569 0 0 0 0 0 0 0 0 0 0 0 8.260000422596931 106.67999863624573 126.22999902069569 7.450580596923828e-9 -0.3999999985098839 0.0 -0.4899999797344208 -0.9799999892711639 0.09000000357627869 325 3 3 1 1 3 2 2 0 0 1 2 0 2 0 0 0 0 0 1 0 0 0 0 0 0 2 0 0 0 0 0 2 0 0 1 0 1 324.54000076651573 522.6999981403351 56.19999925792217 56.19999925792217 324.54000076651573 466.4999988824129 466.4999988824129 0 0 59.350000977516174 265.18999978899956 0 466.4999988824129 0 0 0 0 0 56.19999925792217 0 0 0 0 0 0 265.18999978899956 0 0 0 0 0 466.4999988824129 0 0 59.350000977516174 0 56.19999925792217 81.37000127136707 700.8799977302551 847.2399989068508 2.0000000596046448 -2.3999999910593033 2.000000014901161 0.5600001215934753 -3.9599999487400055 2.7400000393390656 325 6 13 3 2 4 10 6 4 0 2 2 6 5 1 0 2 4 0 2 0 0 3 1 1 1 2 1 0 0 1 1 4 0 0 2 0 1 412.3400014936924 1442.3599972426891 234.56999789178371 56.19999925792217 333.5100007355213 1207.7899993509054 916.5199988484383 291.27000050246716 0 68.32000094652176 265.18999978899956 469.6399991363287 877.5399983525276 78.83000075817108 0 178.36999863386154 291.27000050246716 0 56.19999925792217 0 0 215.10999903082848 76.16000147163868 0.0 38.980000495910645 265.18999978899956 60.50000071525574 0 0 160.2299982905388 18.140000343322754 817.0399976372719 0 0 68.32000094652176 0 56.19999925792217 148.82000111043453 1567.9299986958504 1854.6999987363815 2.000000350177288 -7.469999965280294 2.180000204592943 -0.2599996402859688 -6.6399999260902405 2.9500002190470695 325 15 25 9 4 12 16 9 7 2 5 9 11 8 2 4 4 7 0 4 0 0 4 3 3 1 3 3 2 0 3 1 5 3 1 5 0 1 568.6000023186207 2550.1899923831224 656.6399976015091 145.34999984502792 415.79000067710876 1893.5499947816133 1356.0199975073338 537.5299972742796 22.299999818205833 76.95000094175339 601.939998716116 852.5699968189001 1317.039997011423 85.960000872612 285.3999987989664 315.0399995446205 537.5299972742796 0 145.34999984502792 0 0 294.5199975967407 243.00999967753887 89.15000058710575 38.980000495910645 297.5800001323223 282.08000084757805 18.959999784827232 0 296.89999920129776 18.140000343322754 1034.959996163845 212.36000026762486 73.03999853134155 76.95000094175339 0 56.19999925792217 240.8000004887581 2642.4799959361553 3141.089994519949 2.0000006407499313 -16.7199999243021 2.540000319480896 -0.9099993519484997 -12.969999868422747 4.100000388920307 325 27 38 14 7 21 24 12 12 3 9 15 20 11 2 6 7 12 1 7 2 0 5 7 6 1 4 4 5 1 5 2 7 4 2 7 0 1 950.540002450347 4043.049995318055 1213.2499955445528 237.56000052392483 605.6000007390976 2829.7999997735023 1799.6300007104874 1030.169999063015 25.919999703764915 202.17000010609627 857.6800005435944 1810.5899950116873 1760.6500002145767 85.960000872612 480.16999961435795 676.8799966722727 1030.169999063015 103.53999927639961 237.56000052392483 120.78999914228916 0 419.2799984961748 610.8900005668402 181.36000126600266 38.980000495910645 297.5800001323223 438.990002989769 79.9300007969141 103.53999927639961 557.7599968612194 119.11999981105328 1321.6599972248077 315.3800016194582 164.78999799489975 81.3800009638071 0 56.19999925792217 401.50999972224236 4271.58000035584 5019.509997472167 1.0281801223754883e-6 -27.20999988541007 0.6300005130469799 -3.379999004304409 -17.759999822825193 2.9900006242096424 325 37 50 19 9 28 31 15 16 4 10 21 28 14 4 7 11 16 1 9 3 0 6 10 8 1 7 5 7 1 8 3 9 4 3 7 0 1 1482.4200104922056 5371.439999386668 1623.5800002217293 304.520002245903 992.0000056326389 3747.859999164939 2279.5699987858534 1468.2900003790855 50.049999207258224 260.2500000298023 1265.9500072449446 2554.959999769926 2240.5899982899427 188.61000180244446 584.2500008493662 983.1300001144409 1468.2900003790855 103.53999927639961 304.520002245903 178.86999906599522 0 509.0500001460314 959.2400002330542 248.32000298798084 38.980000495910645 477.05000245571136 537.2100031524897 204.65000393986702 103.53999927639961 691.0599974244833 292.0700026899576 1703.379995137453 315.3800016194582 268.869999229908 81.3800009638071 0 56.19999925792217 641.0899999290705 5779.89001122117 6903.910009086132 -0.9999986179172993 -36.23999983817339 0.08000068739056587 -7.049998696893454 -24.229999773204327 2.3100008033216
326 0 1 0 0 0 1 1 0 0 0 0 0 1 0 0 0 0 0 0 0 0 0 0 0 0 0 0 0 0 0 0 1 0 0 0 0 0 0 227.2099988013506 0 0 0 227.2099988013506 227.2099988013506 0 0 0 0 0 227.2099988013506 0 0 0 0 0 0 0 0 0 0 0 0 0 0 0 0 0 0 227.2099988013506 0 0 0 0 0 26.709999561309814 188.91999883949757 227.2099988013506 1.0000000223517418 -0.3999999985098839 1.0000000149011612 1.4900000244379044 0.0 1.0900000184774399 326 3 3 2 1 2 1 1 0 0 0 2 1 1 1 0 1 0 0 1 0 0 0 0 0 0 2 0 0 0 0 1 1 0 0 0 0 1 344.02000054717064 301.5499984025955 74.33999960124493 56.19999925792217 265.18999978899956 227.2099988013506 227.2099988013506 0 0 0 265.18999978899956 18.140000343322754 227.2099988013506 78.83000075817108 0 18.140000343322754 0 0 56.19999925792217 0 0 0 0 0 0 265.18999978899956 0 0 0 0 18.140000343322754 227.2099988013506 0 0 0 0 56.19999925792217 53.89000029861927 537.2599984407425 645.5699989497662 1.0000000558793545 -2.269999984651804 1.1800000071525574 0.46000006794929504 -2.7599999606609344 1.530000001192093 326 7 13 4 2 5 9 6 3 0 3 4 4 5 1 2 1 3 0 2 1 0 2 1 1 1 2 1 0 0 0 1 4 1 1 2 0 1 489.4800010025501 1388.0299983620644 204.5499992966652 56.19999925792217 410.65000024437904 1183.4799990653992 984.5199977904558 198.96000127494335 0 145.4600004553795 395.3999994844198 217.1000016182661 945.5399972945452 78.83000075817108 130.20999969542027 18.140000343322754 198.96000127494335 0 56.19999925792217 77.13999950885773 0 122.79999980330467 76.16000147163868 0.0 38.980000495910645 265.18999978899956 60.50000071525574 0 0 0 18.140000343322754 885.0399965792894 57.17000116407871 73.03999853134155 68.32000094652176 0 56.19999925792217 119.90000161528587 1618.7899985611439 1877.5099993646145 3.000000301748514 -7.869999963790178 3.1800001487135887 0.8900003246963024 -7.149999916553497 3.9000001661479473 326 16 25 8 4 12 17 9 8 1 7 7 12 8 2 3 4 8 0 4 2 0 4 4 3 1 2 2 2 0 3 1 6 2 1 5 0 1 657.0000011175871 2604.909993365407 541.9599977731705 145.34999984502792 484.04999965429306 2062.9499955922365 1438.9199983030558 624.0299972891808 2.1599999964237213 197.74000008404255 454.8699985444546 939.0699968338013 1399.9399978071451 85.960000872612 170.71999897062778 315.0399995446205 624.0299972891808 0 145.34999984502792 120.78999914228916 0 294.5199975967407 329.50999969244003 89.15000058710575 38.980000495910645 265.18999978899956 207.2600013911724 18.959999784827232 0 296.89999920129776 18.140000343322754 1192.6799964159727 97.68000043928623 73.03999853134155 76.95000094175339 0 56.19999925792217 200.2800004929304 2827.409996137023 3264.069994479418 1.0000006705522537 -16.629999924451113 1.45000034943223 -2.18999931961298 -12.879999868571758 3.1700004190206528 326 27 38 12 7 21 26 14 12 3 9 15 18 13 2 6 5 12 1 7 2 0 5 7 6 1 4 4 5 1 3 2 9 3 3 7 0 1 950.540002450347 4174.359994679689 953.449997767806 237.56000052392483 605.6000007390976 3220.9099969118834 2181.3499986231327 1039.5599982887506 25.919999703764915 202.17000010609627 858.7400004267693 1559.1199965775013 2142.369998127222 85.960000872612 481.22999949753284 416.01999901235104 1039.5599982887506 103.53999927639961 237.56000052392483 120.78999914228916 0 419.2799984961748 620.2799997925758 181.36000126600266 38.980000495910645 297.5800001323223 438.990002989769 79.9300007969141 103.53999927639961 296.89999920129776 119.11999981105328 1703.379995137453 212.36000026762486 268.869999229908 81.3800009638071 0 56.19999925792217 400.56999921798706 4402.670000255108 5150.819996833801 2.0000010542571545 -27.20999988541007 2.630000539124012 -1.3799989856779575 -17.179999832063913 5.030000656843185 326 37 51 19 9 30 32 15 17 6 10 21 29 14 4 7 11 17 1 9 3 0 6 11 8 1 7 5 7 1 8 3 9 4 3 7 0 1 1482.4200104922056 5533.369999468327 1623.5800002217293 304.520002245903 1153.8700048029423 3909.7899992465973 2279.5699987858534 1630.220000460744 211.91999837756157 260.2500000298023 1265.9500072449446 2716.8899998515844 2240.5899982899427 188.61000180244446 584.2500008493662 983.1300001144409 1630.220000460744 103.53999927639961 304.520002245903 178.86999906599522 0 509.0500001460314 1121.1700003147125 248.32000298798084 38.980000495910645 477.05000245571136 537.2100031524897 204.65000393986702 103.53999927639961 691.0599974244833 292.0700026899576 1703.379995137453 315.3800016194582 268.869999229908 81.3800009638071 0 56.19999925792217 754.7699980288744 5932.530011877418 7227.710008338094 -1.9999985583126545 -37.61999983340502 -0.7399992756545544 -8.119998637586832 -25.67999976873398 1.4900008402764797
327 0 1 1 1 0 0 0 0 0 0 0 0 0 0 0 0 0 0 1 0 0 0 0 0 0 0 0 0 0 0 0 0 0 0 0 0 1 0 56.19999925792217 56.19999925792217 56.19999925792217 0 0 0 0 0 0 0 0 0 0 0 0 0 0 56.19999925792217 0 0 0 0 0 0 0 0 0 0 0 0 0 0 0 0 0 56.19999925792217 6.050000190734863 45.08999899029732 56.19999925792217 -7.450580596923828e-9 -0.3999999985098839 -1.4901161193847656e-8 0.10999999940395355 -0.5099999904632568 0.2199999839067459 327 5 7 2 2 3 5 2 3 0 2 1 4 1 1 0 1 3 0 2 0 0 2 1 1 1 1 0 0 0 0 1 1 0 0 2 0 1 273.3800007253885 539.4900001734495 74.33999960124493 56.19999925792217 194.54999996721745 465.1500005722046 266.18999929726124 198.96000127494335 0 68.32000094652176 126.22999902069569 217.1000016182661 227.2099988013506 78.83000075817108 0 18.140000343322754 198.96000127494335 0 56.19999925792217 0 0 122.79999980330467 76.16000147163868 0.0 38.980000495910645 126.22999902069569 0 0 0 0 18.140000343322754 227.2099988013506 0 0 68.32000094652176 0 56.19999925792217 74.21000130474567 674.2499995529652 812.870000898838 -0.9999997988343239 -4.669999975711107 -0.8199998922646046 -1.4399998188018799 -2.799999952316284 -0.5099999010562897 327 13 18 6 3 9 12 7 5 0 5 7 7 6 2 3 2 5 0 3 0 0 3 2 2 1 2 2 2 0 1 1 4 2 1 5 0 1 498.0100017040968 1694.799996420741 344.05999928712845 107.14999957382679 361.1000005155802 1350.7399971336126 991.3399983048439 359.39999882876873 0 76.95000094175339 454.8699985444546 476.5399998873472 952.3599978089333 85.960000872612 170.71999897062778 117.14000105857849 359.39999882876873 0 107.14999957382679 0 0 202.20999836921692 157.1900004595518 50.95000031590462 38.980000495910645 265.18999978899956 135.32000017166138 18.959999784827232 0 99.00000071525574 18.140000343322754 817.0399976372719 97.68000043928623 73.03999853134155 76.95000094175339 0 56.19999925792217 130.41000147163868 1910.2799966484308 2192.809998124838 2.0000004656612873 -12.139999940991402 2.3600002266466618 -1.8099995292723179 -10.129999876022339 3.1600002609193325 327 26 29 9 7 19 20 11 9 2 9 11 15 10 2 3 5 9 1 7 2 0 4 5 6 1 4 3 4 1 3 2 7 2 1 7 0 1 945.5400025397539 3001.0699943751097 642.939997240901 237.56000052392483 596.9800009429455 2358.1299971342087 1642.7199985682964 715.4099985659122 22.299999818205833 202.17000010609627 543.2299999892712 1234.969996854663 1603.7399980723858 85.960000872612 170.71999897062778 416.01999901235104 715.4099985659122 103.53999927639961 237.56000052392483 120.78999914228916 0 294.5199975967407 420.8900009691715 181.36000126600266 38.980000495910645 297.5800001323223 282.08000084757805 74.93000088632107 103.53999927639961 296.89999920129776 119.11999981105328 1321.6599972248077 97.68000043928623 73.03999853134155 81.3800009638071 0 56.19999925792217 255.86000072956085 3444.0899978727102 3968.9099967330694 2.0000008679926395 -22.71999990195036 2.5400004349648952 -1.4999991580843925 -14.899999838322401 4.590000528842211 327 34 43 15 9 26 28 14 14 3 10 19 23 13 2 6 8 14 1 9 3 0 5 9 8 1 7 5 6 1 6 2 8 4 2 7 0 1 1264.9500065594912 4416.939996868372 1137.6799966096878 304.520002245903 853.0500031262636 3279.260000258684 2100.0799995213747 1179.1800007373095 25.919999703764915 260.2500000298023 1047.0500030070543 1884.0299977511168 2061.099999025464 85.960000872612 480.16999961435795 601.3099977374077 1179.1800007373095 103.53999927639961 304.520002245903 178.86999906599522 0 384.2899992465973 794.8900014907122 248.32000298798084 38.980000495910645 477.05000245571136 537.2100031524897 89.83000093698502 103.53999927639961 482.1899979263544 119.11999981105328 1523.8899958729744 315.3800016194582 164.78999799489975 81.3800009638071 0 56.19999925792217 477.08999979496 4838.860004723072 5707.810003131628 1.214444637298584e-6 -32.00999986752868 0.6300006099045277 -5.849998831748962 -21.169999789446592 3.2100007347762585 327 42 54 18 9 32 36 18 18 5 12 22 30 16 5 7 10 18 2 9 3 0 8 10 8 2 7 5 8 2 8 2 11 4 3 9 0 1 1962.53000998497 5760.199997678399 1450.629997342825 304.520002245903 1390.0000040531158 4309.570000335574 2634.480002209544 1675.08999812603 119.77999803423882 447.14999900758266 1407.3200078606606 2659.7099951654673 2480.1899998635054 269.5500011742115 584.2500008493662 810.1799972355366 1675.08999812603 174.43999980390072 304.520002245903 178.86999906599522 0 718.2699965536594 956.8200015723705 248.32000298798084 154.29000234603882 477.05000245571136 537.2100031524897 346.020004555583 174.43999980390072 691.0599974244833 119.11999981105328 1942.9799967110157 315.3800016194582 268.869999229908 268.27999994158745 0 56.19999925792217 789.6299974769354 6482.530008479953 7842.510005697608 1.5869736671447754e-6 -40.19999981671572 1.3500008136034012 -7.039998471736908 -27.82999972254038 3.120000936090946
328 1 0 0 0 0 0 0 0 0 0 0 0 0 1 0 0 0 0 0 0 0 0 0 0 0 0 0 0 0 0 0 0 0 0 0 0 0 78.83000075817108 0 0 0 0 0 0 0 0 0 0 0 0 78.83000075817108 0 0 0 0 0 0 0 0 0 0 0 0 0 0 0 0 0 0 0 0 0 0 0 0.38999998569488525 66.28000092506409 78.83000075817108 1.862645149230957e-8 -0.26999999210238457 0.18000000715255737 0.07000002264976501 -0.28999999165534973 0.27000001072883606 328 2 7 4 1 1 3 2 1 0 1 2 2 1 1 2 1 1 0 1 0 0 1 0 0 1 0 0 0 0 0 1 1 2 0 1 0 1 87.80000072717667 491.66999854147434 172.02000004053116 56.19999925792217 8.969999969005585 319.6499985009432 266.18999929726124 53.459999203681946 0 8.969999969005585 97.68000043928623 71.5999995470047 227.2099988013506 78.83000075817108 97.68000043928623 18.140000343322754 53.459999203681946 0 56.19999925792217 0 0 53.459999203681946 0 0 38.980000495910645 0 0 0 0 0 18.140000343322754 227.2099988013506 97.68000043928623 0 8.969999969005585 0 56.19999925792217 36.33999979496002 495.9499991387129 579.469999268651 1.0000000968575478 -3.4699999801814556 1.1800000257790089 1.350000061094761 -1.7799999713897705 1.2200000062584877 328 12 16 6 4 7 10 4 6 0 4 6 8 3 2 3 2 6 0 4 0 0 3 3 3 1 2 2 1 0 0 2 1 2 1 4 0 1 512.8700020760298 1278.549998253584 346.03999803960323 145.34999984502792 337.760000616312 932.5100002139807 473.45000068843365 459.059999525547 0 72.57000082731247 435.90999875962734 578.1799993366003 434.470000192523 85.960000872612 170.71999897062778 119.11999981105328 459.059999525547 0 145.34999984502792 0 0 202.20999836921692 256.8500011563301 89.15000058710575 38.980000495910645 265.18999978899956 207.2600013911724 0.0 0 0 119.11999981105328 227.2099988013506 97.68000043928623 73.03999853134155 72.57000082731247 0 56.19999925792217 114.36000117659569 1558.9599987715483 1791.4200003296137 -1.9999995715916157 -10.93999994546175 -1.6399997882544994 -4.31999959051609 -7.739999890327454 -1.3399997800588608 328 23 26 7 7 17 19 12 7 2 9 9 10 11 2 3 3 7 0 7 2 0 3 4 6 1 3 4 3 0 1 2 7 2 1 7 0 1 808.3900029212236 2723.2599976062775 445.03999875485897 237.56000052392483 563.3700006008148 2278.2199988514185 1740.939998731017 537.2800001204014 22.299999818205833 202.17000010609627 509.6199996471405 755.4000006467104 1701.9599982351065 85.960000872612 170.71999897062778 218.120000526309 537.2800001204014 0 237.56000052392483 120.78999914228916 0 202.20999836921692 335.07000175118446 181.36000126600266 38.980000495910645 265.18999978899956 380.30000101029873 73.71000088751316 0 99.00000071525574 119.11999981105328 1321.6599972248077 97.68000043928623 73.03999853134155 81.3800009638071 0 56.19999925792217 204.02000147104263 3126.2900002002716 3553.950000345707 5.000000771135092 -20.319999910891056 5.540000382810831 0.6200007572770119 -13.44999985024333 6.770000476390123 328 33 41 13 8 26 28 14 14 3 10 17 23 13 2 4 8 14 1 8 3 0 5 9 7 1 6 5 7 1 6 2 8 3 1 7 0 1 1384.28000728786 4290.439994633198 879.2599991559982 300.1400022357702 976.7600038647652 3411.1799954771996 2100.0799995213747 1311.0999959558249 25.919999703764915 260.2500000298023 964.3300044536591 1963.9599948078394 2061.099999025464 85.960000872612 273.7400003224611 549.3199995756149 1311.0999959558249 103.53999927639961 300.1400022357702 178.86999906599522 0 411.54999502003193 899.5500009357929 243.94000297784805 38.980000495910645 459.39000257849693 537.2100031524897 231.200001552701 103.53999927639961 430.19999976456165 119.11999981105328 1523.8899958729744 200.70000179111958 73.03999853134155 81.3800009638071 0 56.19999925792217 478.03999914228916 4821.030003115535 5700.640001624823 1.218169927597046e-6 -30.809999871999025 0.6300006359815598 -4.8999988324940205 -20.119999799877405 2.890000745654106 328 42 58 18 9 31 40 18 22 5 11 23 33 17 6 8 9 22 2 9 3 0 6 16 8 1 7 5 8 2 7 2 12 5 3 8 0 1 1913.2800085544586 6535.729999318719 1383.3599971234798 304.520002245903 1241.0800045728683 5152.370002195239 2691.8299991339445 2460.5400030612946 119.77999803423882 298.22999952733517 1488.9500072598457 3296.2600004822016 2652.849998638034 369.2199992239475 665.8800002485514 661.2799976170063 2460.5400030612946 174.43999980390072 304.520002245903 178.86999906599522 0 501.3199966698885 1959.220006391406 248.32000298798084 38.980000495910645 477.05000245571136 537.2100031524897 346.020004555583 174.43999980390072 542.159997805953 119.11999981105328 2115.639995485544 397.0100010186434 268.869999229908 119.36000046133995 0 56.19999925792217 880.3999979645014 7074.190008580685 8568.790005907416 -3.9999982602894306 -41.66999980434775 -2.4699990674853325 -10.499998286366463 -29.02999970316887 -0.5199989229440689
329 0 1 0 0 0 1 0 1 0 0 0 1 0 0 0 0 1 0 0 0 0 1 0 0 0 0 0 0 0 0 0 0 0 0 0 0 0 0 53.459999203681946 0 0 0 53.459999203681946 0 53.459999203681946 0 0 0 53.459999203681946 0 0 0 0 53.459999203681946 0 0 0 0 53.459999203681946 0 0 0 0 0 0 0 0 0 0 0 0 0 0 0 0.0 43.46999943256378 53.459999203681946 -0.999999962747097 -0.3999999985098839 -0.9999999701976776 -0.6899999678134918 0.0 -0.9999999701976776 329 2 9 4 1 1 5 3 2 0 1 2 3 2 1 2 1 2 0 1 0 0 1 1 0 1 0 2 0 0 0 1 0 1 1 1 0 1 82.07000064849854 585.2799993753433 204.5499992966652 56.19999925792217 3.2399998903274536 380.73000007867813 246.24000188708305 134.48999819159508 0 3.2399998903274536 130.20999969542027 152.62999853491783 207.2600013911724 78.83000075817108 130.20999969542027 18.140000343322754 134.48999819159508 0 56.19999925792217 0 0 53.459999203681946 81.02999898791313 0 38.980000495910645 0 207.2600013911724 0 0 0 18.140000343322754 0 57.17000116407871 73.03999853134155 3.2399998903274536 0 56.19999925792217 31.899999856948853 576.400000244379 667.3500000238419 1.0000001676380634 -4.269999977201223 1.1800000816583633 0.4300001449882984 -3.2699999511241913 1.3000000603497028 329 15 17 6 4 10 11 6 5 0 6 7 7 5 2 3 2 5 0 4 2 0 3 2 3 1 2 2 2 0 0 2 3 2 1 4 0 1 633.0600013583899 1556.5899954587221 346.03999803960323 145.34999984502792 457.9499998986721 1210.5499974191189 849.0899994671345 361.4599979519844 0 138.00999900698662 490.65999986231327 480.5799977630377 810.1099989712238 85.960000872612 170.71999897062778 119.11999981105328 361.4599979519844 0 145.34999984502792 120.78999914228916 0 202.20999836921692 159.2499995827675 89.15000058710575 38.980000495910645 265.18999978899956 207.2600013911724 54.75000110268593 0 0 119.11999981105328 602.8499975800514 97.68000043928623 73.03999853134155 17.219999864697456 0 56.19999925792217 115.6000003516674 1933.059997111559 2189.649996817112 1.0000004582107067 -12.539999939501286 1.3600002117455006 -0.7399995401501656 -9.079999886453152 2.560000255703926 329 27 30 9 7 22 21 12 9 3 10 12 14 11 2 3 5 9 0 7 3 0 3 6 6 1 5 4 4 0 3 2 7 2 1 7 0 1 1029.5000052899122 3110.7899993807077 549.4799995422363 237.56000052392483 788.1000028550625 2561.3099998384714 1824.6400008946657 736.6699989438057 25.919999703764915 260.2500000298023 672.650002092123 1059.230000257492 1785.660000398755 85.960000872612 170.71999897062778 322.56000131368637 736.6699989438057 0 237.56000052392483 178.86999906599522 0 202.20999836921692 534.4600005745888 181.36000126600266 38.980000495910645 427.0000022351742 462.390003696084 74.93000088632107 0 203.4400015026331 119.11999981105328 1323.269996702671 97.68000043928623 73.03999853134155 81.3800009638071 0 56.19999925792217 258.2500007003546 3621.6300048828125 4166.210004374385 3.0000009015202522 -24.009999897331 3.6300004459917545 -1.3199991174042225 -15.409999828785658 5.450000546872616 329 38 46 15 9 28 31 16 15 4 10 20 25 15 4 6 8 15 2 9 3 0 5 10 8 1 7 5 7 2 6 2 10 3 3 7 0 1 1641.230007842183 4819.439995571971 1075.0899998545647 304.520002245903 1064.1500025689602 3744.3499957174063 2375.979999125004 1368.3699965924025 95.6499985307455 260.2500000298023 1177.82000502944 2092.129995971918 2336.999998629093 249.97000101208687 469.57000102102757 549.3199995756149 1368.3699965924025 174.43999980390072 304.520002245903 178.86999906599522 0 411.54999502003193 956.8200015723705 248.32000298798084 38.980000495910645 477.05000245571136 537.2100031524897 231.200001552701 174.43999980390072 430.19999976456165 119.11999981105328 1799.7899954766035 200.70000179111958 268.869999229908 81.3800009638071 0 56.19999925792217 620.1699972599745 5481.170005470514 6556.3200019449 1.0000013709068298 -35.03999984264374 2.0800006985664368 -6.549998659640551 -25.059999730437994 4.4000008180737495 329 45 62 18 9 36 44 21 23 8 12 24 34 19 7 8 9 23 2 9 3 0 7 16 8 2 7 7 9 2 7 2 12 5 3 9 0 1 2191.0600071400404 6724.929999366403 1383.3599971234798 304.520002245903 1640.640002682805 5341.570002242923 3042.3499999046326 2299.22000233829 336.15999695658684 447.14999900758266 1523.210006967187 3134.9399997591972 2888.0599975585938 463.8199986219406 665.8800002485514 661.2799976170063 2299.22000233829 174.43999980390072 304.520002245903 178.86999906599522 0 593.5099956542253 1705.7100066840649 248.32000298798084 154.29000234603882 477.05000245571136 772.4200020730495 380.2800042629242 174.43999980390072 542.159997805953 119.11999981105328 2115.639995485544 397.0100010186434 268.869999229908 268.27999994158745 0 56.19999925792217 1020.0499972850084 7550.290006041527 9252.15000346303 -1.999998077750206 -45.80999978259206 -0.019998963922262192 -7.489998087286949 -31.769999679178 2.8300012163817883
330 0 1 1 0 0 0 0 0 0 0 1 0 0 0 1 0 0 0 0 0 0 0 0 0 0 0 0 0 0 0 0 0 1 0 0 0 0 0 57.17000116407871 57.17000116407871 0 0 0 0 0 0 0 57.17000116407871 0 0 0 57.17000116407871 0 0 0 0 0 0 0 0 0 0 0 0 0 0 0 0 0 57.17000116407871 0 0 0 0 3.190000057220459 49.93000102043152 57.17000116407871 -3.725290298461914e-9 -0.3999999985098839 -1.1175870895385742e-8 -0.5799999944865704 -0.9799999892711639 -1.1175870895385742e-8 330 2 8 3 0 1 5 2 3 0 1 2 4 1 1 2 1 3 0 0 0 0 2 1 0 1 0 1 0 0 0 1 0 2 0 1 0 0 82.07000064849854 429.1999987512827 115.82000078260899 0 3.2399998903274536 313.3799979686737 99.48000121116638 213.89999675750732 0 3.2399998903274536 97.68000043928623 232.03999710083008 60.50000071525574 78.83000075817108 97.68000043928623 18.140000343322754 213.89999675750732 0 0 0 0 132.8699977695942 81.02999898791313 0 38.980000495910645 0 60.50000071525574 0 0 0 18.140000343322754 0 97.68000043928623 0 3.2399998903274536 0 0 9.120000064373016 462.34999945759773 511.2699993997812 -0.9999998137354851 -3.8699999786913395 -0.8199998922646046 -0.7399998605251312 -1.7799999713897705 -0.8699999153614044 330 12 17 6 4 7 11 5 6 0 4 6 8 4 2 3 2 6 0 4 0 0 3 3 3 1 1 2 2 0 0 2 2 2 1 4 0 1 247.08000242710114 1409.5899981856346 346.03999803960323 145.34999984502792 71.97000096738338 1063.5500001460314 602.4300014972687 461.1199986487627 0 17.219999864697456 225.4700000733137 580.239998459816 563.450001001358 85.960000872612 170.71999897062778 119.11999981105328 461.1199986487627 0 145.34999984502792 0 0 202.20999836921692 258.9100002795458 89.15000058710575 38.980000495910645 0.0 207.2600013911724 54.75000110268593 0 0 119.11999981105328 356.1899996101856 97.68000043928623 73.03999853134155 17.219999864697456 0 56.19999925792217 85.60999982059002 1487.9800002723932 1656.6700006127357 -0.9999995492398739 -11.339999943971634 -0.6399997733533382 -2.8199996054172516 -6.289999902248383 -0.7999997735023499 330 27 27 9 7 21 18 9 9 3 10 12 14 8 2 4 4 9 1 7 3 0 3 6 6 1 5 3 3 1 2 2 5 3 1 7 0 1 1152.8100060075521 2666.9800012111664 614.8300006985664 258.55000196397305 786.8800028562546 2052.1500005126 1226.2100000232458 825.9400004893541 25.919999703764915 260.2500000298023 774.4500034451485 1214.3700008839369 1187.2299995273352 85.960000872612 273.7400003224611 284.89000111818314 825.9400004893541 103.53999927639961 258.55000196397305 178.86999906599522 0 202.20999836921692 623.7300021201372 202.35000270605087 38.980000495910645 427.0000022351742 305.4800015538931 73.71000088751316 103.53999927639961 165.77000130712986 119.11999981105328 881.7499979734421 200.70000179111958 73.03999853134155 81.3800009638071 0 56.19999925792217 321.35000087320805 3229.3500053435564 3845.7100069224834 8.307397365570068e-7 -22.809999901801348 0.6300003975629807 -4.8799991980195045 -15.409999828785658 2.070000473409891 330 38 46 15 9 27 31 15 16 3 10 20 26 14 4 6 8 16 2 9 3 0 4 12 8 1 7 5 7 2 6 2 9 4 2 7 0 1 1657.8300051242113 4797.539999365807 1016.6999995410442 304.520002245903 994.4200037419796 3780.8399998247623 2196.489999860525 1584.3499999642372 25.919999703764915 260.2500000298023 1167.700004965067 2259.8399990946054 2157.5099993646145 266.56999829411507 459.45000095665455 501.0499993264675 1584.3499999642372 174.43999980390072 304.520002245903 178.86999906599522 0 319.2399957925081 1265.110004171729 248.32000298798084 38.980000495910645 477.05000245571136 537.2100031524897 231.200001552701 174.43999980390072 381.92999951541424 119.11999981105328 1620.2999962121248 282.33000119030476 177.1199997663498 81.3800009638071 0 56.19999925792217 554.9499996900558 5501.35000474751 6481.290004193783 -0.9999986216425896 -34.549999844282866 -0.009999286383390427 -7.139998648315668 -23.69999973475933 2.450000833719969 330 44 65 18 9 33 47 20 27 6 11 24 38 19 7 8 9 27 2 9 3 0 7 20 8 1 7 7 9 2 7 2 12 5 3 8 0 1 2042.140007659793 7284.990000680089 1351.3099976480007 304.520002245903 1329.6600039750338 5933.680003032088 2927.0399980545044 3006.640004977584 174.09999772906303 298.22999952733517 1491.1600074917078 3842.360002398491 2888.0599975585938 463.8199986219406 633.8300007730722 661.2799976170063 3006.640004977584 174.43999980390072 304.520002245903 178.86999906599522 0 644.9699961692095 2361.6700088083744 248.32000298798084 38.980000495910645 477.05000245571136 772.4200020730495 380.2800042629242 174.43999980390072 542.159997805953 119.11999981105328 2115.639995485544 364.96000154316425 268.869999229908 119.36000046133995 0 56.19999925792217 973.5999986678362 7863.480007439852 9501.230006068945 -6.999997977167368 -45.62999978289008 -5.199998863041401 -12.949997950345278 -32.279999662190676 -1.899998664855957
331 0 1 0 0 0 1 1 0 0 0 0 0 0 0 0 0 0 0 0 0 0 0 0 0 1 0 0 0 0 0 0 0 0 0 0 0 0 0 38.980000495910645 0 0 0 38.980000495910645 38.980000495910645 0 0 0 0 0 0 0 0 0 0 0 0 0 0 0 0 0 38.980000495910645 0 0 0 0 0 0 0 0 0 0 0 0 0.0 38.980000495910645 38.980000495910645 1.0000000186264515 -0.3999999985098839 1.000000011175871 0.8700000047683716 0.0 0.8700000047683716 331 7 8 4 2 4 4 1 3 0 3 3 4 0 2 2 1 3 0 2 0 0 3 0 1 1 0 0 1 0 0 1 0 2 0 3 0 1 99.1800007224083 413.2099989056587 172.02000004053116 56.19999925792217 13.219999849796295 241.18999886512756 38.980000495910645 202.20999836921692 0 13.219999849796295 97.68000043928623 220.34999871253967 0 85.960000872612 97.68000043928623 18.140000343322754 202.20999836921692 0 56.19999925792217 0 0 202.20999836921692 0 0.0 38.980000495910645 0 0 0.0 0 0 18.140000343322754 0 97.68000043928623 0 13.219999849796295 0 56.19999925792217 20.81000053882599 454.09999918937683 512.389999628067 -1.9999998025596142 -5.73999996483326 -1.6399999223649502 -2.0699998810887337 -2.2899999618530273 -1.7799999490380287 331 19 20 7 6 13 13 6 7 1 7 8 10 5 2 3 3 7 0 6 0 0 3 4 5 1 2 2 3 0 1 2 3 2 1 7 0 1 507.0500027388334 1734.6699999570847 445.03999875485897 195.97000025212765 301.46000069379807 1289.6300012022257 752.3500010818243 537.2800001204014 20.139999821782112 81.3800009638071 370.65999887883663 755.4000006467104 713.3700005859137 85.960000872612 170.71999897062778 218.120000526309 537.2800001204014 0 195.97000025212765 0 0 202.20999836921692 335.07000175118446 139.77000099420547 38.980000495910645 126.22999902069569 207.2600013911724 73.71000088751316 0 99.00000071525574 119.11999981105328 506.10999919474125 97.68000043928623 73.03999853134155 81.3800009638071 0 56.19999925792217 134.59000085294247 1971.5300015360117 2261.8600025177 -0.9999994188547134 -15.829999927431345 -0.549999725073576 -4.349999461323023 -10.189999867230654 0.010000303387641907 331 32 29 10 8 25 19 10 9 3 10 16 15 9 2 4 5 9 1 8 3 0 3 6 7 1 6 4 6 1 3 2 5 3 1 7 0 1 1242.910006672144 2775.540000602603 652.5000008940697 300.1400022357702 835.3900032490492 2123.0399997085333 1382.5999993085861 740.4400003999472 25.919999703764915 260.2500000298023 822.9600038379431 1166.5400009900331 1343.6199988126755 85.960000872612 273.7400003224611 322.56000131368637 740.4400003999472 103.53999927639961 300.1400022357702 178.86999906599522 0 202.20999836921692 538.2300020307302 243.94000297784805 38.980000495910645 459.39000257849693 380.30000101029873 89.83000093698502 103.53999927639961 203.4400015026331 119.11999981105328 963.3199978023767 200.70000179111958 73.03999853134155 81.3800009638071 0 56.19999925792217 312.86000226438046 3440.9900050908327 4044.370006978512 1.0000009052455425 -25.609999891370535 1.6300004199147224 -4.089999113231897 -16.46999980136752 3.5200005248188972 331 40 44 14 9 28 30 15 15 3 11 19 25 14 5 5 8 15 2 9 3 0 5 10 8 1 7 5 7 2 6 2 9 3 2 8 0 1 1698.7900075018406 4485.059997245669 922.739998370409 304.520002245903 1032.4000032395124 3562.3199988752604 2196.489999860525 1365.8299990147352 25.919999703764915 298.22999952733517 1073.7400037944317 2041.3199981451035 2157.5099993646145 269.5500011742115 365.4899997860193 501.0499993264675 1365.8299990147352 174.43999980390072 304.520002245903 178.86999906599522 0 409.0099974423647 956.8200015723705 248.32000298798084 38.980000495910645 477.05000245571136 537.2100031524897 231.200001552701 174.43999980390072 381.92999951541424 119.11999981105328 1620.2999962121248 200.70000179111958 164.78999799489975 119.36000046133995 0 56.19999925792217 502.63999822735786 5298.200005531311 6209.770004451275 1.3709068298339844e-6 -34.419999837875366 1.1700007021427155 -7.119998686015606 -23.69999973475933 3.1800008043646812 331 44 66 18 9 33 48 21 27 6 11 24 38 19 7 8 9 27 2 9 3 0 8 19 8 2 7 7 9 2 7 2 12 5 3 8 0 1 2042.140007659793 7469.970000833273 1383.3599971234798 304.520002245903 1329.6600039750338 6086.610003709793 3042.3499999046326 3044.2600038051605 174.09999772906303 298.22999952733517 1523.210006967187 3879.9800012260675 2888.0599975585938 463.8199986219406 665.8800002485514 661.2799976170063 3044.2600038051605 174.43999980390072 304.520002245903 178.86999906599522 0 737.1599951535463 2307.100008651614 248.32000298798084 154.29000234603882 477.05000245571136 772.4200020730495 380.2800042629242 174.43999980390072 542.159997805953 119.11999981105328 2115.639995485544 397.0100010186434 268.869999229908 119.36000046133995 0 56.19999925792217 1019.9799982309341 7975.730008631945 9686.210006222129 -5.999997958540916 -46.029999781399965 -4.19999885186553 -12.069997943937778 -32.74999966099858 -1.1699986644089222
332 0 1 1 0 0 0 0 0 0 0 0 1 0 0 0 1 0 0 0 0 0 0 0 0 0 0 0 0 0 0 1 0 0 0 0 0 0 0 18.140000343322754 18.140000343322754 0 0 0 0 0 0 0 0 18.140000343322754 0 0 0 18.140000343322754 0 0 0 0 0 0 0 0 0 0 0 0 0 0 18.140000343322754 0 0 0 0 0 0 0.0 18.140000343322754 18.140000343322754 7.450580596923828e-9 -0.3999999985098839 0.0 -0.23000001907348633 0.0 -0.23000001907348633 332 8 9 3 4 4 6 3 3 0 3 2 4 2 1 1 1 3 0 4 0 0 1 2 3 1 0 1 1 0 0 1 1 1 0 3 0 1 181.20000119507313 670.90999956429 131.51000076532364 145.34999984502792 13.219999849796295 539.3999987989664 326.690000012517 212.70999878644943 0 13.219999849796295 57.17000116407871 230.8499991297722 287.70999951660633 78.83000075817108 57.17000116407871 18.140000343322754 212.70999878644943 0 145.34999984502792 0 0 53.459999203681946 159.2499995827675 89.15000058710575 38.980000495910645 0 60.50000071525574 0.0 0 0 18.140000343322754 227.2099988013506 57.17000116407871 0 13.219999849796295 0 56.19999925792217 43.90999986231327 756.5300006717443 852.1100007593632 2.4959444999694824e-7 -6.669999968260527 0.18000011891126633 -0.7399997971951962 -3.2699999511241913 0.44000012055039406 332 20 21 7 6 14 14 7 7 1 7 9 10 6 2 3 3 7 0 6 0 0 3 4 5 1 3 3 3 0 1 2 3 2 1 7 0 1 636.9800033718348 1921.8299978375435 445.03999875485897 186.9400001168251 422.44000163674355 1476.7899990826845 939.5099989622831 537.2800001204014 2.1599999964237213 81.3800009638071 509.6199996471405 755.4000006467104 900.5299984663725 85.960000872612 170.71999897062778 218.120000526309 537.2800001204014 0 186.9400001168251 0 0 202.20999836921692 335.07000175118446 130.74000085890293 38.980000495910645 265.18999978899956 305.4800015538931 73.71000088751316 0 99.00000071525574 119.11999981105328 595.0499969124794 97.68000043928623 73.03999853134155 81.3800009638071 0 56.19999925792217 169.2300015091896 2230.209999844432 2560.970001205802 6.183981895446777e-7 -16.629999924451113 0.4500002972781658 -2.1299993842840195 -10.639999866485596 2.1500003784894943 332 32 35 12 8 25 23 13 10 3 10 16 18 12 2 4 7 10 1 8 3 0 3 7 7 1 6 5 6 1 5 2 7 3 1 7 0 1 1242.910006672144 3484.050002425909 719.0300008654594 300.1400022357702 835.3900032490492 2765.0200015604496 1897.850000873208 867.1700006872416 25.919999703764915 260.2500000298023 822.9600038379431 1359.8000012487173 1858.8700003772974 85.960000872612 273.7400003224611 389.09000128507614 867.1700006872416 103.53999927639961 300.1400022357702 178.86999906599522 0 202.20999836921692 664.9600023180246 243.94000297784805 38.980000495910645 459.39000257849693 537.2100031524897 89.83000093698502 103.53999927639961 269.97000147402287 119.11999981105328 1321.6599972248077 200.70000179111958 73.03999853134155 81.3800009638071 0 56.19999925792217 363.200001552701 4068.470007300377 4752.880008801818 3.0000010319054127 -28.009999882429838 3.630000501871109 -2.249999027699232 -17.839999806135893 5.440000593662262 332 40 49 16 9 29 33 17 16 4 11 20 27 16 5 6 9 16 2 9 3 0 5 11 8 1 7 5 7 2 7 2 11 3 3 8 0 1 1672.2400098890066 5210.640000626445 1187.049997895956 304.520002245903 1029.9800051301718 4023.590002730489 2512.339999869466 1511.250002861023 50.049999207258224 298.22999952733517 1151.270007416606 2346.97000028193 2473.359999373555 269.5500011742115 469.57000102102757 661.2799976170063 1511.250002861023 174.43999980390072 304.520002245903 178.86999906599522 0 384.2899992465973 1126.9600036144257 248.32000298798084 38.980000495910645 477.05000245571136 537.2100031524897 204.65000393986702 174.43999980390072 542.159997805953 119.11999981105328 1936.1499962210655 200.70000179111958 268.869999229908 119.36000046133995 0 56.19999925792217 604.3699982911348 5853.620010823011 6932.93000972271 1.0000014640390873 -36.90999982878566 2.2600007504224777 -6.7399985902011395 -25.089999739080667 3.480000875890255 332 45 66 18 9 35 48 23 25 7 12 24 36 21 7 8 9 25 2 9 3 0 8 17 8 2 7 8 9 2 7 2 13 5 3 9 0 1 2191.0600071400404 7283.160001650453 1383.3599971234798 304.520002245903 1535.060004428029 5899.800004526973 3329.510000988841 2570.2900035381317 230.57999870181084 447.14999900758266 1523.210006967187 3406.0100009590387 3175.2199986428022 463.8199986219406 665.8800002485514 661.2799976170063 2570.2900035381317 174.43999980390072 304.520002245903 178.86999906599522 0 718.2699965536594 1852.0200069844723 248.32000298798084 154.29000234603882 477.05000245571136 969.3400026112795 380.2800042629242 174.43999980390072 542.159997805953 119.11999981105328 2205.8799960315228 397.0100010186434 268.869999229908 268.27999994158745 0 56.19999925792217 1019.9499973356724 8008.980010196567 9704.800007492304 -1.9999979622662067 -46.91999977827072 -0.10999887064099312 -8.249997962266207 -32.29999966174364 2.0200013108551502
333 1 0 0 0 1 0 0 0 0 0 1 0 0 0 0 0 0 0 0 0 0 0 0 0 0 0 0 1 0 0 0 0 0 0 0 0 0 0.0 0 0 0 0.0 0 0 0 0 0 0.0 0 0 0 0 0 0 0 0 0 0 0 0 0 0 0 0 0.0 0 0 0 0 0 0 0 0 0 0.0 0.0 0.0 7.450580596923828e-9 -0.3999999985098839 0.0 0.0 0.0 0.0 333 14 5 1 4 10 4 2 2 1 5 4 3 1 1 0 1 2 0 4 0 0 0 2 4 1 2 1 2 0 0 1 0 0 0 5 0 0 180.8500013947487 276.8700011372566 18.140000343322754 89.15000058710575 86.73000068962574 258.73000079393387 99.48000121116638 159.2499995827675 2.1599999964237213 17.649999871850014 66.920000821352 177.38999992609024 60.50000071525574 7.130000114440918 0 18.140000343322754 159.2499995827675 0 89.15000058710575 0 0 0 159.2499995827675 89.15000058710575 38.980000495910645 12.169999718666077 60.50000071525574 54.75000110268593 0 0 18.140000343322754 0 0 0 17.649999871850014 0 0 20.680000141263008 423.7100023776293 459.88000252842903 2.5704503059387207e-7 -7.959999963641167 0.2700001038610935 -0.21999983489513397 -1.9999999701976776 0.5800001174211502 333 30 23 9 9 21 14 7 7 3 8 13 13 6 3 3 5 7 1 9 1 0 3 4 8 1 4 4 6 1 3 2 2 3 0 7 0 1 942.250007122755 1814.9200043827295 579.4600023627281 304.520002245903 449.41000431776047 1235.4600020200014 698.1800018996 537.2800001204014 25.919999703764915 139.46000088751316 484.73000551760197 963.3800007104874 659.2000014036894 166.90000024437904 200.70000179111958 322.56000131368637 537.2800001204014 103.53999927639961 304.520002245903 58.079999923706055 0 202.20999836921692 335.07000175118446 248.32000298798084 38.980000495910645 194.20000278949738 380.30000101029873 89.83000093698502 103.53999927639961 203.4400015026331 119.11999981105328 278.90000039339066 200.70000179111958 0 81.3800009638071 0 56.19999925792217 249.04000195860863 2345.3100088834763 2783.0900112092495 7.674098014831543e-7 -22.279999896883965 0.8100003376603127 -5.01999931037426 -12.459999829530716 1.4700004011392593 333 39 39 14 9 28 25 13 12 4 11 18 22 12 5 5 8 12 2 9 3 0 4 8 8 1 7 5 6 2 6 2 7 3 2 8 0 1 1557.4200068861246 3634.4900045394897 922.739998370409 304.520002245903 945.3500023186207 2711.7500061690807 1697.540003195405 1014.2100029736757 80.23999939858913 298.22999952733517 932.3700031787157 1689.700002104044 1658.5600026994944 269.5500011742115 365.4899997860193 501.0499993264675 1014.2100029736757 174.43999980390072 304.520002245903 178.86999906599522 0 291.9800000190735 722.2300029546022 248.32000298798084 38.980000495910645 477.05000245571136 537.2100031524897 89.83000093698502 174.43999980390072 381.92999951541424 119.11999981105328 1121.3499995470047 200.70000179111958 164.78999799489975 119.36000046133995 0 56.19999925792217 455.39000014960766 4438.250008508563 5272.1500108242035 1.0000012181699276 -32.509999845176935 2.2600005865097046 -5.779998850077391 -21.799999747425318 3.3800006732344627 333 44 56 15 9 34 41 21 20 6 12 22 30 19 6 6 8 20 2 9 3 0 6 14 8 2 7 8 9 2 6 2 11 3 3 9 0 1 2091.3900090903044 6046.730001762509 1026.8199996054173 304.520002245903 1462.0300061255693 5019.910002157092 3059.780001178384 1960.1300009787083 157.55000039935112 447.14999900758266 1326.9000077396631 2635.6200001090765 2905.489998832345 364.1500005722046 469.57000102102757 501.0499993264675 1960.1300009787083 174.43999980390072 304.520002245903 178.86999906599522 0 501.19999642670155 1458.9300045520067 248.32000298798084 154.29000234603882 477.05000245571136 969.3400026112795 380.2800042629242 174.43999980390072 381.92999951541424 119.11999981105328 1936.1499962210655 200.70000179111958 268.869999229908 268.27999994158745 0 56.19999925792217 780.5899986326694 6969.220010772347 8295.670011252165 1.0000017769634724 -42.159999802708626 2.6200009621679783 -4.939998231828213 -28.329999689012766 4.9200011305511 333 49 73 24 12 41 49 24 25 11 12 29 38 21 7 11 11 25 2 12 3 0 8 17 10 3 8 8 10 2 8 3 13 7 4 9 0 2 2350.970007777214 7616.659999206662 1657.3699965775013 442.390003234148 1763.8400057852268 5959.290002629161 3442.5599999427795 2516.7300026863813 400.7800002247095 447.14999900758266 1656.6500058025122 3515.060000374913 3175.2199986428022 463.8199986219406 740.7399992495775 823.8899978846312 2516.7300026863813 174.43999980390072 442.390003234148 178.86999906599522 0 664.7099957019091 1852.0200069844723 349.6500037908554 267.3400012999773 533.0400023013353 969.3400026112795 382.8700042515993 174.43999980390072 584.5799981802702 239.30999970436096 2205.8799960315228 435.8199999779463 304.91999927163124 268.27999994158745 0 92.73999944329262 1142.3999993503094 8474.150006756186 10368.410007208586 -0.9999978765845299 -53.27999975532293 1.2500011026859283 -7.439997874200344 -36.7499996162951 4.390001308172941
334 1 0 0 1 0 0 0 0 0 0 0 0 0 0 0 0 0 0 1 0 0 0 0 1 0 0 0 0 0 0 0 0 0 0 0 0 0 38.200000271201134 0 0 38.200000271201134 0 0 0 0 0 0 0 0 0 0 0 0 0 0 38.200000271201134 0 0 0 0 38.200000271201134 0 0 0 0 0 0 0 0 0 0 0 0 0 0.0 38.200000271201134 38.200000271201134 7.450580596923828e-9 -0.3999999985098839 0.0 -0.23999999463558197 0.0 -0.23999999463558197 334 7 7 2 3 6 5 3 2 2 3 1 4 3 0 0 2 2 0 3 0 0 0 2 3 0 0 2 1 0 1 1 1 0 0 3 0 0 136.1800008714199 609.1400021612644 84.91000093519688 130.74000085890293 11.219999894499779 524.2300012260675 364.98000164330006 159.2499995827675 5.779999881982803 5.440000012516975 0.0 244.16000051796436 364.98000164330006 0 0 84.91000093519688 159.2499995827675 0 130.74000085890293 0 0 0 159.2499995827675 130.74000085890293 0 0 207.2600013911724 0.0 0 66.77000059187412 18.140000343322754 157.72000025212765 0 0 5.440000012516975 0 0 26.759999692440033 695.8200031816959 751.1000029146671 1.0000002458691597 -6.579999975860119 1.180000126361847 1.1000001952052116 -1.9599999785423279 1.7700001522898674 334 24 22 9 6 17 13 9 4 2 5 13 10 8 3 3 6 4 0 6 0 0 1 3 6 1 3 4 7 0 4 2 4 1 2 5 0 0 629.210008084774 1924.2600028812885 512.0499997287989 193.32000257074833 272.64000375568867 1412.2100031524897 1123.3400028944016 288.8700002580881 5.779999881982803 17.649999871850014 471.1700031608343 578.9600008279085 1084.360002398491 169.03000164031982 221.95999915897846 290.0900005698204 288.8700002580881 0 193.32000257074833 0 0 53.459999203681946 235.41000105440617 193.32000257074833 38.980000495910645 44.56000006198883 462.390003696084 204.65000393986702 0 170.97000075876713 119.11999981105328 621.9699987024069 57.17000116407871 164.78999799489975 17.649999871850014 0 0 154.7399995625019 2267.2900113761425 2559.2500108480453 5.000000637024641 -18.989999908953905 5.720000267028809 3.3900005407631397 -9.829999893903732 6.950000334531069 334 42 46 14 9 32 32 18 14 5 12 21 23 16 5 6 7 14 2 9 3 0 4 10 8 2 7 7 8 2 5 2 9 3 3 9 0 1 1855.4200090765953 4539.130006104708 914.8600015640259 304.520002245903 1269.6400052905083 3624.270004540682 2489.890002951026 1134.3800015896559 106.53000018000603 447.14999900758266 1185.5300071239471 1697.9100026786327 2335.600000604987 269.5500011742115 469.57000102102757 389.09000128507614 1134.3800015896559 174.43999980390072 304.520002245903 178.86999906599522 0 291.9800000190735 842.4000015705824 248.32000298798084 154.29000234603882 477.05000245571136 839.3600036352873 238.9100036472082 174.43999980390072 269.97000147402287 119.11999981105328 1496.2399969696999 200.70000179111958 268.869999229908 268.27999994158745 0 56.19999925792217 617.7900008112192 5459.320012643933 6501.080015361309 4.000001434236765 -36.999999828636646 5.350000720471144 -3.3299986012279987 -25.189999721944332 6.950000856071711 334 45 62 18 9 38 44 25 19 9 12 25 30 21 6 8 9 19 2 9 3 0 5 14 8 4 8 8 9 2 6 3 13 4 4 9 0 1 2008.6000083088875 6456.700002729893 1190.9999995082617 304.520002245903 1520.110003605485 5265.700003221631 3529.959999591112 1735.740003630519 298.41999866068363 447.14999900758266 1288.100006967783 2531.420002654195 3175.2199986428022 364.1500005722046 513.5600010305643 621.2399992197752 1735.740003630519 174.43999980390072 304.520002245903 178.86999906599522 0 384.16999900341034 1351.5700046271086 248.32000298798084 354.7400009483099 533.0400023013353 969.3400026112795 241.50000363588333 174.43999980390072 381.92999951541424 239.30999970436096 2205.8799960315228 208.64000175893307 304.91999927163124 268.27999994158745 0 56.19999925792217 852.2599982619286 7331.010009005666 8763.720009699464 6.000001858919859 -46.42999978736043 7.890000969171524 -1.999998141080141 -31.26999966427684 9.6400011703372 334 55 75 25 14 46 50 26 24 13 15 29 40 22 7 10 12 24 5 14 3 1 8 16 11 4 8 8 10 4 9 3 14 6 4 12 0 3 2544.860009506345 7636.779994949698 1663.1899965554476 449.99000303447247 1959.1300055086613 5973.589998394251 3674.4999991208315 2299.0899992734194 562.8399994522333 480.3799995034933 1607.8200058937073 3505.8799982964993 3319.7599981725216 463.8199986219406 691.1599993258715 871.689997985959 2299.0899992734194 335.850001052022 449.99000303447247 178.86999906599522 0.7500000149011612 664.7099957019091 1634.3800035715103 349.6500037908554 354.7400009483099 533.0400023013353 969.3400026112795 382.8700042515993 335.1000010371208 632.3799982815981 239.30999970436096 2350.419995561242 386.2400000542402 304.91999927163124 301.5100004374981 0 100.33999924361706 1198.0799953639507 8758.800007984042 10745.230003923178 2.000002235174179 -57.85999973863363 4.4300011321902275 -6.239997770637274 -39.839999575167894 7.260001353919506
335 1 0 0 0 1 0 0 0 0 1 0 0 0 0 0 0 0 0 0 0 0 0 0 0 0 0 0 0 0 0 0 0 0 0 1 0 0 0.4300000071525574 0 0 0 0.4300000071525574 0 0 0 0 0.4300000071525574 0 0 0 0 0 0 0 0 0 0 0 0 0 0 0 0 0 0 0 0 0 0 0 0 0.4300000071525574 0 0 0.0 0.4300000071525574 0.4300000071525574 7.450580596923828e-9 -0.3999999985098839 0.0 0.09000000357627869 0.0 0.09000000357627869 335 12 4 3 4 10 1 0 1 2 3 5 4 0 0 0 3 1 0 4 0 0 0 1 4 0 1 0 4 0 3 0 0 0 0 3 0 0 152.30000092089176 211.52000115811825 133.3000005632639 130.74000085890293 27.339999943971634 78.22000059485435 0 78.22000059485435 5.779999881982803 5.440000012516975 16.120000049471855 211.52000115811825 0 0 0 133.3000005632639 78.22000059485435 0 130.74000085890293 0 0 0 78.22000059485435 130.74000085890293 0 0.0 0 16.120000049471855 0 133.3000005632639 0 0 0 0 5.440000012516975 0 0 21.520000115036964 333.02000181376934 369.6000019609928 -0.9999998286366463 -7.379999972879887 -0.8199999630451202 -1.719999946653843 -1.449999988079071 -1.4699999764561653 335 31 22 6 8 19 16 10 6 2 7 11 13 9 4 1 5 6 2 8 0 0 1 5 8 1 4 5 6 2 4 1 4 0 1 7 0 0 825.540003567934 1872.5600081831217 280.8600005656481 248.32000298798084 217.84000024199486 1591.7000076174736 1123.4300050586462 468.2700025588274 5.779999881982803 60.009999483823776 243.80000033974648 831.820003464818 1084.4500045627356 190.72000041604042 91.7499994635582 189.11000110208988 468.2700025588274 174.43999980390072 248.32000298798084 0 0 89.77000164985657 378.50000090897083 248.32000298798084 38.980000495910645 62.21999993920326 537.2100031524897 89.83000093698502 174.43999980390072 170.97000075876713 18.140000343322754 547.2400014102459 0 91.7499994635582 60.009999483823776 0 0 231.48999859392643 2327.6600111424923 2703.8800116330385 4.000000838190317 -21.659999892115593 4.900000412017107 0.460000716149807 -11.269999865442514 5.680000480264425 335 38 45 14 9 29 31 16 15 6 11 17 25 14 5 5 8 15 2 9 2 0 5 10 8 2 5 7 7 2 6 2 7 3 2 9 0 1 1478.8300100713968 4283.410006210208 922.739998370409 304.520002245903 947.370005980134 3360.670007839799 2060.4500055015087 1300.2200023382902 160.84999987483025 370.00999949872494 782.0000063925982 1975.7100014686584 1906.16000315547 269.5500011742115 365.4899997860193 501.0499993264675 1300.2200023382902 174.43999980390072 304.520002245903 101.72999955713749 0 384.16999900341034 916.0500033348799 248.32000298798084 154.29000234603882 211.8600026667118 839.3600036352873 204.65000393986702 174.43999980390072 381.92999951541424 119.11999981105328 1066.7999995201826 200.70000179111958 164.78999799489975 268.27999994158745 0 56.19999925792217 591.7599992454052 4938.780014246702 5923.090016156435 1.000001423060894 -35.4899998344481 2.4400007389485836 -5.29999864846468 -22.779999744147062 3.4600008465349674 335 43 54 17 9 35 37 21 16 8 12 22 27 18 6 7 9 16 2 9 3 0 5 11 8 3 7 8 8 2 6 3 10 4 3 9 0 1 1950.0200084745884 5350.990001767874 1154.9499994665384 304.520002245903 1440.5900065302849 4196.040002301335 2823.160001426935 1372.8800008744001 277.48000141978264 447.14999900758266 1193.4700070917606 2168.559999898076 2555.820000126958 364.1500005722046 477.51000098884106 621.2399992197752 1372.8800008744001 174.43999980390072 304.520002245903 178.86999906599522 0 384.16999900341034 988.7100018709898 248.32000298798084 267.3400012999773 477.05000245571136 969.3400026112795 238.9100036472082 174.43999980390072 381.92999951541424 239.30999970436096 1586.4799975156784 208.64000175893307 268.869999229908 268.27999994158745 0 56.19999925792217 714.9900008440018 6336.470008477569 7578.490011662245 5.000001642853022 -41.93999980390072 6.800000835210085 -1.159998383373022 -26.98999970033765 8.380001001060009 335 49 72 23 11 40 49 25 24 10 12 28 39 21 7 9 12 24 4 11 3 1 8 16 9 4 8 8 10 3 9 3 13 5 4 9 0 2 2341.270008727908 7369.959995791316 1540.9099969267845 343.640002399683 1714.6600057184696 5829.0499988645315 3529.959999591112 2299.0899992734194 351.6000001579523 447.14999900758266 1493.1400060653687 3434.2699988484383 3175.2199986428022 463.8199986219406 576.4799994975328 871.689997985959 2299.0899992734194 264.240001603961 343.640002399683 178.86999906599522 0.7500000149011612 664.7099957019091 1634.3800035715103 250.90000295639038 354.7400009483099 533.0400023013353 969.3400026112795 382.8700042515993 263.49000158905983 632.3799982815981 239.30999970436096 2205.8799960315228 271.5600002259016 304.91999927163124 268.27999994158745 0 92.73999944329262 1034.5599966198206 8325.360007077456 10063.580004692078 1.0000021308660507 -52.78999975696206 3.160001117736101 -6.959997858852148 -36.87999960035086 5.980001326650381
336 0 0 0 0 1 0 0 0 1 0 0 0 0 0 0 0 0 0 0 0 0 0 0 0 0 0 0 0 0 0 0 0 0 0 0 0 0 0 0 0 0 3.619999885559082 0 0 0 3.619999885559082 0 0 0 0 0 0 0 0 0 0 0 0 0 0 0 0 0 0 0 0 0 0 0 0 0 0 0 0 0.0 3.619999885559082 3.619999885559082 1.1175870895385742e-8 -0.48999999836087227 0.09000000357627869 0.09000000357627869 0.0 0.09000000357627869 336 7 5 3 2 6 2 1 1 2 2 2 4 1 1 0 3 1 0 2 0 0 0 1 2 0 0 0 2 0 3 0 1 0 0 2 0 0 182.1900013834238 307.9300014972687 133.3000005632639 79.79000054299831 25.10999995470047 174.63000093400478 96.41000033915043 78.22000059485435 5.779999881982803 4.430000022053719 14.900000050663948 211.52000115811825 96.41000033915043 83.07000076770782 0 133.3000005632639 78.22000059485435 0 79.79000054299831 0 0 0 78.22000059485435 79.79000054299831 0 0 0 14.900000050663948 0 133.3000005632639 0 96.41000033915043 0 0 4.430000022053719 0 0 31.229999840259552 439.9100028425455 495.9000027626753 1.6763806343078613e-7 -5.649999972432852 0.3600000590085983 -0.2599999010562897 -1.7799999713897705 -0.07999995350837708 336 25 15 5 6 17 10 8 2 2 4 12 7 7 3 1 4 2 1 6 0 0 0 2 6 1 4 4 7 1 4 0 3 0 1 4 0 0 762.4800067991018 1403.7200055271387 262.7200002223253 197.70000258088112 316.0700032711029 1141.0000053048134 981.7500057220459 159.2499995827675 5.779999881982803 43.41999951004982 358.6200033426285 401.1200008690357 866.4400038719177 183.5900003015995 91.7499994635582 170.97000075876713 159.2499995827675 70.9000005275011 197.70000258088112 0 0 0 159.2499995827675 197.70000258088112 115.31000185012817 62.21999993920326 462.390003696084 204.65000393986702 70.9000005275011 170.97000075876713 0 404.0500001758337 0 91.7499994635582 43.41999951004982 0 0 207.57999955117702 1858.6100119948387 2171.9800122082233 6.000000558793545 -16.589999917894602 6.720000233501196 3.470000483095646 -9.33999989554286 7.43000029399991 336 36 37 10 8 27 27 16 11 5 9 17 19 14 4 4 6 11 2 8 1 0 3 8 8 2 5 7 8 2 4 2 7 1 3 8 0 0 1331.2600084096193 3611.050007879734 616.1300009638071 248.32000298798084 858.4900052547455 2994.920006915927 2060.4500055015087 934.4700014144182 140.71000005304813 267.00999888777733 776.8100067079067 1399.0000017881393 1906.16000315547 190.72000041604042 326.0400003939867 290.0900005698204 934.4700014144182 174.43999980390072 248.32000298798084 58.079999923706055 0 235.41999983787537 699.0500015765429 248.32000298798084 154.29000234603882 211.8600026667118 839.3600036352873 238.9100036472082 174.43999980390072 170.97000075876713 119.11999981105328 1066.7999995201826 57.17000116407871 268.869999229908 208.92999896407127 0 0 523.4599980562925 4254.720015704632 5083.0200163424015 5.0000012293457985 -31.129999857395887 6.1700006313622 -0.7299988456070423 -19.12999978661537 6.920000743120909 336 45 56 18 9 38 38 22 16 9 12 25 27 19 6 8 9 16 2 9 3 0 5 11 8 3 8 8 9 2 6 3 11 4 4 9 0 1 2008.6000083088875 5566.530001074076 1190.9999995082617 304.520002245903 1503.560006275773 4375.530001565814 3002.650000691414 1372.8800008744001 281.8700013309717 447.14999900758266 1288.100006967783 2168.559999898076 2735.3099993914366 364.1500005722046 513.5600010305643 621.2399992197752 1372.8800008744001 174.43999980390072 304.520002245903 178.86999906599522 0 384.16999900341034 988.7100018709898 248.32000298798084 267.3400012999773 533.0400023013353 969.3400026112795 241.50000363588333 174.43999980390072 381.92999951541424 239.30999970436096 1765.969996780157 208.64000175893307 304.91999927163124 268.27999994158745 0 56.19999925792217 781.3000001907349 6533.900007933378 7857.000010713935 6.000001683831215 -44.02999979630113 7.890000838786364 -1.7899983264505863 -29.859999667853117 9.600001014769077 336 54 75 25 13 45 50 28 22 11 15 31 37 24 6 11 11 22 5 13 3 1 7 15 10 4 8 9 11 4 8 3 15 6 5 12 0 3 2348.880010575056 7527.579999342561 1505.709999755025 351.24000220000744 1842.4700065106153 6021.869999587536 3977.0199996232986 2044.8499999642372 443.74000050127506 480.3799995034933 1613.0100073367357 3091.4100006967783 3622.2799986749887 364.1500005722046 693.9100008159876 711.4599996954203 2044.8499999642372 335.850001052022 351.24000220000744 178.86999906599522 0.7500000149011612 572.3999964743853 1472.450003489852 250.90000295639038 354.7400009483099 533.0400023013353 1144.9400040954351 385.31000420451164 335.1000010371208 472.1499999910593 239.30999970436096 2477.3399945795536 332.0500016063452 361.8599992096424 301.5100004374981 0 100.33999924361706 1051.8099982440472 8563.760009974241 10320.950010433793 6.000002156943083 -56.609999749809504 8.07000108063221 -4.269997853785753 -38.6499995701015 10.260001294314861
337 0 1 1 0 0 0 0 0 0 0 0 1 0 0 0 1 0 0 0 0 0 0 0 0 0 0 0 0 0 1 0 0 0 0 0 0 0 0 59.96999987959862 59.96999987959862 0 0 0 0 0 0 0 0 59.96999987959862 0 0 0 59.96999987959862 0 0 0 0 0 0 0 0 0 0 0 0 0 59.96999987959862 0 0 0 0 0 0 0 2.479999989271164 53.87000000476837 59.96999987959862 7.450580596923828e-9 -0.3999999985098839 0.0 -0.550000011920929 -0.4699999988079071 -0.39000001549720764 337 7 4 3 1 5 1 1 0 1 2 2 3 1 2 0 3 0 0 1 0 0 0 0 1 0 0 0 2 0 3 0 1 0 0 2 0 0 197.550000756979 229.71000090241432 133.3000005632639 41.59000027179718 56.92999944090843 96.41000033915043 96.41000033915043 0 3.619999885559082 38.4099995046854 14.900000050663948 133.3000005632639 96.41000033915043 102.65000092983246 0 133.3000005632639 0 0 41.59000027179718 0 0 0 0 41.59000027179718 0 0 0 14.900000050663948 0 133.3000005632639 0 96.41000033915043 0 0 38.4099995046854 0 0 28.97999981045723 367.4500014781952 430.8800015449524 1.0000001303851604 -4.629999969154596 1.4500000327825546 0.3100000470876694 -1.7799999713897705 0.7099999934434891 337 19 18 5 5 15 13 9 4 5 3 8 9 8 3 1 4 4 1 5 0 0 1 3 5 1 3 4 4 1 4 0 4 0 1 3 0 0 625.18000420928 1869.5200054198503 262.7200002223253 135.12000086903572 376.2800025641918 1606.800005197525 1242.5700052380562 364.22999995946884 140.71000005304813 42.40999951958656 284.9100024551153 606.1000012457371 1127.260003387928 183.5900003015995 91.7499994635582 170.97000075876713 364.22999995946884 70.9000005275011 135.12000086903572 0 0 92.18999898433685 272.040000975132 135.12000086903572 115.31000185012817 62.21999993920326 557.2800027877092 130.94000305235386 70.9000005275011 170.97000075876713 0 569.9800006002188 0 91.7499994635582 42.40999951958656 0 0 352.27999801933765 2133.470009699464 2635.4100096821785 5.000000644475222 -16.859999917447567 5.990000318735838 3.0700005926191807 -9.289999902248383 5.290000382810831 337 33 32 10 8 27 22 14 8 7 7 16 16 12 4 3 7 8 1 8 1 0 2 6 8 2 5 7 8 1 5 2 5 1 2 6 0 0 1208.1900054514408 3022.7400035858154 556.9999985098839 248.32000298798084 868.1200038343668 2465.7400050759315 1787.6200046241283 678.1200004518032 257.3400015980005 253.65999880433083 492.8600029051304 1170.2800000160933 1559.2600038200617 278.1899996995926 135.73999947309494 421.25999903678894 678.1200004518032 70.9000005275011 248.32000298798084 58.079999923706055 0 181.96000063419342 496.1599998176098 248.32000298798084 228.36000080406666 118.20999978482723 839.3600036352873 238.9100036472082 70.9000005275011 282.9299988001585 138.33000023663044 719.9000001847744 7.939999967813492 127.79999950528145 195.57999888062477 0 0 517.609998434782 3676.5500090420246 4488.270010635257 6.000001072883606 -28.90999986603856 7.350000519305468 2.4400010369718075 -17.92999980598688 8.76000064983964 337 45 60 23 11 36 37 22 15 9 12 27 28 18 6 11 10 15 4 11 3 1 3 12 9 4 6 9 9 3 7 3 9 6 5 9 0 2 1835.0400102734566 5479.160004481673 1350.509999781847 295.04000294208527 1238.3700064867735 4128.650004699826 2783.6400041282177 1345.0100005716085 281.8700013309717 447.14999900758266 1204.0100069791079 2220.960001140833 2428.900003179908 364.1500005722046 693.9100008159876 612.4599989801645 1345.0100005716085 264.240001603961 295.04000294208527 178.86999906599522 0.7500000149011612 235.41999983787537 1109.5900007337332 250.90000295639038 354.7400009483099 267.8500025123358 1144.9400040954351 241.50000363588333 263.49000158905983 373.14999927580357 239.30999970436096 1283.9599990844727 332.0500016063452 361.8599992096424 268.27999994158745 0 44.139999985694885 756.620000436902 6310.700013414025 7596.820016101003 7.000001657754183 -46.029999788850546 8.890000775456429 -3.0999983809888363 -30.00999965146184 9.240000955760479 337 61 82 30 18 47 52 28 24 11 16 32 43 23 7 11 15 24 5 18 4 1 7 17 14 5 8 9 12 4 9 6 14 6 5 12 0 4 2450.920011460781 7494.620003566146 1783.9299991428852 498.49000403285027 1768.4100057929754 5710.690004423261 3610.430000513792 2100.2600039094687 443.74000050127506 503.9099992364645 1515.4200068861246 3423.620004057884 3245.929999679327 394.4200003147125 693.9100008159876 988.2599991112947 2100.2600039094687 335.850001052022 498.49000403285027 202.3999987989664 0.7500000149011612 509.94999930262566 1590.310004606843 396.7300048172474 364.500000834465 533.0400023013353 1144.9400040954351 287.7200037539005 335.1000010371208 588.4499989897013 399.8100001215935 2100.989995583892 332.0500016063452 361.8599992096424 301.5100004374981 0 101.75999921560287 1048.4200004637241 8630.740012943745 10390.030015543103 4.000002313405275 -62.07999972254038 6.25000112876296 -9.029997777193785 -41.22999953106046 6.790001310408115
338 1 0 0 0 1 0 0 0 0 0 1 0 0 0 0 0 0 0 0 0 0 0 0 0 0 0 0 1 0 0 0 0 0 0 0 0 0 4.999999910593033 0 0 0 4.999999910593033 0 0 0 0 0 4.999999910593033 0 0 0 0 0 0 0 0 0 0 0 0 0 0 0 0 4.999999910593033 0 0 0 0 0 0 0 0 0 4.999999910593033 0.0 4.999999910593033 7.450580596923828e-9 -0.3999999985098839 0.0 0.0 0.0 0.0 338 13 4 3 3 10 1 1 0 2 2 6 3 0 2 0 3 0 0 3 0 0 0 0 3 1 2 0 4 0 3 0 0 0 0 2 0 0 272.1600007712841 219.51000201702118 104.200000166893 45.97000028192997 129.31999944150448 115.31000185012817 115.31000185012817 0 5.779999881982803 38.4099995046854 85.13000005483627 104.200000166893 0 102.65000092983246 0 104.200000166893 0 0 45.97000028192997 0 0 0 0 45.97000028192997 115.31000185012817 50.050000220537186 0 35.07999983429909 0 104.200000166893 0 0 0 0 38.4099995046854 0 0 90.67000079154968 367.12000170350075 497.4500026702881 1.0000001825392246 -7.519999958574772 1.540000032633543 0.2600000686943531 -2.7199999690055847 0.9800000078976154 338 24 19 6 7 18 13 7 6 4 4 11 12 6 2 1 5 6 1 7 0 0 2 4 7 1 4 3 6 1 5 0 3 0 1 4 0 0 626.7900063246489 1857.7400047928095 374.6799982637167 197.70000258088112 341.9300026446581 1483.0600065290928 933.4800051450729 549.5800013840199 86.39000035822392 43.41999951004982 303.87000223994255 903.4100007116795 818.1700032949448 102.65000092983246 91.7499994635582 282.9299988001585 549.5800013840199 70.9000005275011 197.70000258088112 0 0 181.96000063419342 367.62000074982643 197.70000258088112 115.31000185012817 62.21999993920326 428.6500021368265 149.9000028371811 70.9000005275011 282.9299988001585 0 389.52000115811825 0 91.7499994635582 43.41999951004982 0 0 268.379998460412 2144.060010895133 2570.9200114756823 1.0000006891787052 -18.899999916553497 1.7200003303587437 -1.9799993932247162 -10.95999988913536 1.8200003802776337 338 35 33 8 8 28 25 15 10 7 10 13 18 13 4 2 6 10 2 8 1 0 2 8 8 2 4 7 7 2 5 1 6 1 1 9 0 0 1206.7100069522858 3209.990009918809 495.8399999588728 248.32000298798084 817.5300036668777 2714.150009959936 1842.5300069749355 871.6200029850006 224.29999992251396 326.3599998652935 461.6400046944618 1347.1300019323826 1688.2400046288967 190.72000041604042 194.77000081539154 301.06999914348125 871.6200029850006 174.43999980390072 248.32000298798084 58.079999923706055 0 181.96000063419342 689.6600023508072 248.32000298798084 154.29000234603882 62.21999993920326 839.3600036352873 204.65000393986702 174.43999980390072 282.9299988001585 18.140000343322754 848.8800009936094 103.02000135183334 91.7499994635582 268.27999994158745 0 0 545.3799990266562 3782.100014656782 4641.000016793609 5.000001199543476 -30.109999861568213 6.350000623613596 -0.029998909682035446 -17.63999981433153 6.840000715106726 338 44 51 18 9 36 33 18 15 8 12 24 26 15 6 8 9 15 2 9 3 0 5 10 8 3 8 7 8 2 6 3 8 4 4 9 0 1 2006.0100083202124 4891.93000510335 1190.9999995082617 304.520002245903 1496.5800063759089 3700.930005595088 2400.710003256798 1300.2200023382902 277.48000141978264 447.14999900758266 1285.5100069791079 2095.900001361966 2133.3700019568205 364.1500005722046 513.5600010305643 621.2399992197752 1300.2200023382902 174.43999980390072 304.520002245903 178.86999906599522 0 384.16999900341034 916.0500033348799 248.32000298798084 267.3400012999773 533.0400023013353 839.3600036352873 238.9100036472082 174.43999980390072 381.92999951541424 239.30999970436096 1294.0099983215332 208.64000175893307 304.91999927163124 268.27999994158745 0 56.19999925792217 749.7800005674362 5912.800011277199 7175.420014843345 3.0000015310943127 -41.13999980688095 4.800000738352537 -4.299998480826616 -28.47999968007207 6.690000891685486 338 48 73 25 12 39 48 28 20 9 13 29 34 24 6 11 11 20 4 12 3 1 6 14 9 4 8 9 9 3 8 3 15 6 5 10 0 3 2126.9400105774403 7293.510000541806 1505.709999755025 351.24000220000744 1530.2700067907572 5787.800000786781 3977.0199996232986 1810.7800011634827 281.8700013309717 473.8599995225668 1469.2000067681074 2785.7300024479628 3622.2799986749887 364.1500005722046 693.9100008159876 711.4599996954203 1810.7800011634827 264.240001603961 351.24000220000744 178.86999906599522 0.7500000149011612 476.47999823093414 1334.3000029325485 250.90000295639038 354.7400009483099 533.0400023013353 1144.9400040954351 241.50000363588333 263.49000158905983 472.1499999910593 239.30999970436096 2477.3399945795536 332.0500016063452 361.8599992096424 294.9900004565716 0 100.33999924361706 918.3300005793571 8130.320010140538 9703.07001246512 8.00000200048089 -52.42999976500869 9.890000998973846 -3.029997978359461 -36.24999959394336 11.41000122576952
339 1 0 0 0 0 0 0 0 0 0 0 0 0 1 0 0 0 0 0 0 0 0 0 0 0 0 0 0 0 0 0 0 0 0 0 0 0 19.580000162124634 0 0 0 0 0 0 0 0 0 0 0 0 19.580000162124634 0 0 0 0 0 0 0 0 0 0 0 0 0 0 0 0 0 0 0 0 0 0 0 0.0 9.160000085830688 19.580000162124634 1.862645149230957e-8 -0.26999999210238457 0.18000000715255737 0.09000000357627869 0.0 0.0 339 7 5 2 1 5 3 2 1 0 1 4 3 1 1 0 2 1 0 1 0 0 1 0 1 1 1 0 3 0 2 0 1 0 0 1 0 0 95.71999959647655 417.220002040267 66.52999997138977 4.38000001013279 71.75999942421913 350.6900020688772 258.50000308454037 92.18999898433685 0 37.979999497532845 33.77999992668629 158.71999895572662 143.1900012344122 19.580000162124634 0 66.52999997138977 92.18999898433685 0 4.38000001013279 0 0 92.18999898433685 0 4.38000001013279 115.31000185012817 17.65999987721443 0 16.120000049471855 0 66.52999997138977 0 143.1900012344122 0 0 37.979999497532845 0 0 86.10000060498714 366.7799999266863 512.9400016367435 1.0000001564621925 -4.669999975711107 1.1800000630319118 0.06000005826354027 -1.339999996125698 -0.28999997302889824 339 18 15 5 4 16 10 5 5 5 3 9 10 4 2 1 4 5 1 4 0 0 2 3 4 1 3 2 5 1 4 0 2 0 1 3 0 0 536.6300057470798 1320.7200060337782 262.7200002223253 108.55000199377537 395.24000234901905 1058.0000058114529 586.6400050222874 471.3600007891655 140.71000005304813 42.40999951958656 303.87000223994255 713.2300020754337 471.3300031721592 102.65000092983246 91.7499994635582 170.97000075876713 471.3600007891655 70.9000005275011 108.55000199377537 0 0 181.96000063419342 289.4000001549721 108.55000199377537 115.31000185012817 62.21999993920326 231.73000159859657 149.9000028371811 70.9000005275011 170.97000075876713 0 239.60000157356262 0 91.7499994635582 42.40999951958656 0 0 267.4199988692999 1578.6700108349323 1998.0600118339062 5.587935447692871e-7 -15.38999992981553 0.810000266879797 -2.779999513179064 -9.999999899417162 0.6400002837181091 339 31 25 7 8 24 18 9 9 6 8 12 16 8 3 2 5 9 2 8 1 0 2 7 8 1 4 5 6 2 5 0 3 1 1 7 0 0 1082.2400048673153 2405.220008864999 477.69999961555004 248.32000298798084 680.0500018745661 1927.5200092494488 1136.9300052523613 790.5900039970875 204.16000010073185 263.7699989974499 406.8900035917759 1247.9600026011467 1021.6200034022331 183.5900003015995 194.77000081539154 282.9299988001585 790.5900039970875 174.43999980390072 248.32000298798084 58.079999923706055 0 181.96000063419342 608.6300033628941 248.32000298798084 115.31000185012817 62.21999993920326 632.1000022441149 149.9000028371811 174.43999980390072 282.9299988001585 0 389.52000115811825 103.02000135183334 91.7499994635582 205.68999907374382 0 0 466.35999922454357 2960.380011305213 3691.620013833046 9.57399606704712e-7 -24.949999887496233 1.0800004824995995 -3.7799990847706795 -15.659999836236238 2.2700005881488323 339 38 41 14 8 31 27 16 11 8 10 17 23 13 5 4 10 11 2 8 1 0 2 9 8 3 5 7 8 2 7 3 6 2 2 9 0 0 1485.2100087851286 3855.8800079226494 907.8000001460314 248.32000298798084 1054.6100075989962 2948.080007776618 1955.580005928874 992.500001847744 277.48000141978264 326.3599998652935 689.5300071388483 1835.9800009727478 1688.2400046288967 285.3199998140335 238.76000082492828 669.0399993211031 992.500001847744 174.43999980390072 248.32000298798084 58.079999923706055 0 181.96000063419342 810.5400012135506 248.32000298798084 267.3400012999773 211.8600026667118 839.3600036352873 238.9100036472082 174.43999980390072 429.72999961674213 239.30999970436096 848.8800009936094 110.96000131964684 127.79999950528145 268.27999994158745 0 0 616.3299996703863 4624.310015484691 5618.570018127561 5.000001318752766 -34.86999983713031 6.620000649243593 -1.0999987311661243 -21.9499997459352 8.030000783503056 339 46 63 24 11 38 39 22 17 9 12 29 30 19 6 11 11 17 3 11 3 1 5 12 9 3 8 9 9 2 8 3 10 6 5 9 0 2 2041.0000089257956 5886.380002588034 1469.1699995696545 314.700002014637 1533.3800069242716 4417.210003018379 2923.4500032812357 1493.7599997371435 281.8700013309717 476.9699996560812 1469.2000067681074 2379.6599992364645 2656.1100019812584 364.1500005722046 693.9100008159876 711.4599996954203 1493.7599997371435 175.18999981880188 314.700002014637 208.68999971449375 0.7500000149011612 384.16999900341034 1109.5900007337332 250.90000295639038 267.3400012999773 533.0400023013353 1144.9400040954351 241.50000363588333 174.43999980390072 472.1499999910593 239.30999970436096 1511.1699978858232 332.0500016063452 361.8599992096424 268.27999994158745 0 63.79999905824661 838.5600007325411 6781.300009429455 8210.000012859702 5.000001735985279 -47.62999978289008 6.890000823885202 -5.159998249262571 -32.98999961093068 7.760001011192799
340 0 1 0 0 0 1 1 0 0 0 0 0 0 0 0 0 0 0 0 0 0 0 0 0 1 0 0 0 0 0 0 0 0 0 0 0 0 0 115.31000185012817 0 0 0 115.31000185012817 115.31000185012817 0 0 0 0 0 0 0 0 0 0 0 0 0 0 0 0 0 115.31000185012817 0 0 0 0 0 0 0 0 0 0 0 0 25.640000820159912 84.17000102996826 115.31000185012817 1.0000000186264515 -0.3999999985098839 1.000000011175871 1.1300000064074993 0.0 0.8200000040233135 340 5 5 2 0 5 3 2 1 2 0 4 2 1 2 1 1 1 0 0 0 0 1 0 0 1 1 1 2 0 1 0 0 0 1 0 0 0 240.13000372052193 502.7300009280443 98.30999955534935 0 218.09000326693058 404.42000137269497 312.2300023883581 92.18999898433685 80.61000047624111 0 229.23000225424767 98.749999076128 196.92000053822994 102.65000092983246 91.7499994635582 6.560000091791153 92.18999898433685 0 0 0 0 92.18999898433685 0 0 115.31000185012817 17.65999987721443 196.92000053822994 119.82000291347504 0 6.560000091791153 0 0 0 91.7499994635582 0 0 0 162.9399991929531 610.4600053876638 823.4700051248074 1.0000001676380634 -4.719999969005585 1.540000069886446 0.290000107139349 -3.1899999752640724 0.9000000394880772 340 12 13 4 2 12 9 4 5 4 2 7 8 3 2 1 3 5 0 2 0 0 2 3 2 1 2 2 4 0 3 0 1 0 1 2 0 0 516.5100034624338 1279.640006184578 195.9499996304512 45.97000028192997 515.5700026601553 1083.6900065541267 612.3300057649612 471.3600007891655 147.6800004094839 186.89999897778034 272.74000273644924 575.5600009560585 497.02000391483307 102.65000092983246 91.7499994635582 104.200000166893 471.3600007891655 0 45.97000028192997 0 0 181.96000063419342 289.4000001549721 45.97000028192997 115.31000185012817 50.050000220537186 353.8300026804209 130.94000305235386 0 104.200000166893 0 143.1900012344122 0 91.7499994635582 186.89999897778034 0 0 284.20999920368195 1509.9500087946653 1943.8300100564957 -0.9999995417892933 -11.699999943375587 -0.2799997664988041 -2.689999595284462 -7.999999929219484 -0.2499997578561306 340 22 19 6 6 19 13 8 5 6 5 9 11 7 2 1 5 5 1 6 0 0 2 3 6 1 3 3 5 1 5 0 4 0 1 5 0 0 775.7100058048964 1937.2400044500828 374.6799982637167 197.70000258088112 608.6200018674135 1562.560006186366 1091.2000053972006 471.3600007891655 204.16000010073185 192.33999899029732 303.87000223994255 825.1900001168251 975.8900035470724 102.65000092983246 91.7499994635582 282.9299988001585 471.3600007891655 70.9000005275011 197.70000258088112 0 0 181.96000063419342 289.4000001549721 197.70000258088112 115.31000185012817 62.21999993920326 428.6500021368265 149.9000028371811 70.9000005275011 282.9299988001585 0 547.2400014102459 0 91.7499994635582 192.33999899029732 0 0 335.13999888300896 2373.110008522868 2917.110010355711 3.0000006817281246 -19.079999916255474 3.90000032261014 0.13000062853097916 -12.409999884665012 4.270000383257866 340 34 31 8 8 27 23 14 9 6 9 15 16 12 3 3 5 9 2 8 2 0 2 7 8 2 5 6 7 2 5 0 6 1 2 7 0 0 1279.4500045776367 3163.1200061291456 513.7499996572733 248.32000298798084 877.2600015848875 2649.3700064718723 1858.7800024747849 790.5900039970875 204.16000010073185 370.72999915480614 533.1900031864643 1247.9600026011467 1630.4200016707182 183.5900003015995 230.8200008571148 282.9299988001585 790.5900039970875 174.43999980390072 248.32000298798084 165.04000008106232 0 181.96000063419342 608.6300033628941 248.32000298798084 228.36000080406666 118.20999978482723 692.6000029593706 184.16000254452229 174.43999980390072 282.9299988001585 0 937.8199987113476 103.02000135183334 127.79999950528145 205.68999907374382 0 0 556.0799979865551 3781.0300093740225 4646.730010807514 5.000001087784767 -28.549999874085188 6.0800005458295345 0.21000107750296593 -18.59999980404973 7.510000690817833 340 52 61 22 13 40 39 25 14 9 15 26 28 21 7 9 11 14 4 13 4 1 3 11 10 4 7 10 9 3 8 3 11 4 5 11 1 2 2753.0200093090534 6007.329997956753 1427.4499964267015 782.5900012850761 1516.7900078892708 4579.880001530051 3334.530001655221 1245.3499998748302 281.8700013309717 586.6099996417761 1301.2500046044588 2220.3000011593103 2979.790000706911 535.819998934865 652.1899976730347 711.4599996954203 1245.3499998748302 264.240001603961 782.5900012850761 285.8299992233515 0.7500000149011612 235.41999983787537 1009.9300000369549 456.71000277996063 354.7400009483099 406.81000328063965 1371.8000028282404 241.50000363588333 263.49000158905983 472.1499999910593 239.30999970436096 1607.9899978786707 290.32999846339226 361.8599992096424 300.7800004184246 262.0799994468689 63.79999905824661 949.6500013619661 7454.220006942749 9042.970008611679 11.000001760199666 -49.09999977052212 13.070000814273953 0.730001775547862 -33.679999601095915 13.850001016631722
341 0 1 0 0 0 1 0 1 0 0 0 1 0 0 0 0 1 0 0 0 0 1 0 0 0 0 0 0 0 0 0 0 0 0 0 0 0 0 92.18999898433685 0 0 0 92.18999898433685 0 92.18999898433685 0 0 0 92.18999898433685 0 0 0 0 92.18999898433685 0 0 0 0 92.18999898433685 0 0 0 0 0 0 0 0 0 0 0 0 0 0 0 7.579999804496765 71.43999910354614 92.18999898433685 -0.999999962747097 -0.3999999985098839 -0.9999999701976776 -0.9099999666213989 0.0 -0.9999999701976776 341 2 6 1 0 1 5 2 3 0 0 1 4 1 1 0 1 3 0 0 0 0 2 1 0 1 1 0 0 0 1 0 1 0 0 0 0 0 37.240000039339066 504.29000444710255 6.560000091791153 0 17.65999987721443 497.7300043553114 258.50000308454037 239.23000127077103 0 0 17.65999987721443 245.79000136256218 143.1900012344122 19.580000162124634 0 6.560000091791153 239.23000127077103 0 0 0 0 181.96000063419342 57.270000636577606 0 115.31000185012817 17.65999987721443 0 0 0 6.560000091791153 0 143.1900012344122 0 0 0 0 0 72.30000062286854 411.20000261068344 541.5300044864416 -0.9999998137354851 -3.0699999816715717 -0.8199998773634434 -1.69999985024333 -1.849999986588955 -1.3199998922646046 341 10 11 4 1 9 7 2 5 2 1 7 8 1 2 1 3 5 0 1 0 0 2 3 1 1 2 0 4 0 3 0 1 0 1 1 0 0 326.00000371038914 1000.1000013500452 270.23999747633934 4.38000001013279 299.580003246665 729.8600038737059 258.50000308454037 471.3600007891655 80.61000047624111 37.979999497532845 272.74000273644924 649.8499988019466 143.1900012344122 102.65000092983246 91.7499994635582 178.48999801278114 471.3600007891655 0 4.38000001013279 0 0 181.96000063419342 289.4000001549721 4.38000001013279 115.31000185012817 50.050000220537186 0 130.94000305235386 0 178.48999801278114 0 143.1900012344122 0 91.7499994635582 37.979999497532845 0 0 209.09999960660934 1098.4700044989586 1406.7100055366755 -2.999999638646841 -9.119999952614307 -2.459999818354845 -4.5799996964633465 -6.059999942779541 -2.7899998240172863 341 20 19 6 5 18 13 7 6 6 4 9 12 6 2 1 5 6 1 5 0 0 2 4 5 1 3 3 5 1 5 0 3 0 1 4 0 0 733.5100055187941 1896.8600052595139 374.6799982637167 159.50000230967999 604.6200018525124 1522.1800069957972 933.4800051450729 588.7000018507242 204.16000010073185 188.33999897539616 303.87000223994255 942.5300011783838 818.1700032949448 102.65000092983246 91.7499994635582 282.9299988001585 588.7000018507242 70.9000005275011 159.50000230967999 0 0 181.96000063419342 406.7400012165308 159.50000230967999 115.31000185012817 62.21999993920326 428.6500021368265 149.9000028371811 70.9000005275011 282.9299988001585 0 389.52000115811825 0 91.7499994635582 188.33999897539616 0 0 341.5499986112118 2284.5600092560053 2834.5300108790398 1.0000006817281246 -18.279999919235706 1.900000337511301 -2.119999371469021 -12.409999884665012 2.240000382065773 341 30 27 7 8 24 20 11 9 7 7 12 16 9 3 2 5 9 2 8 0 0 2 7 8 2 4 5 6 2 5 0 4 1 1 7 0 0 1024.1600049436092 2675.990008071065 477.69999961555004 248.32000298798084 642.1100017726421 2198.290008455515 1407.7000044584274 790.5900039970875 224.29999992251396 205.68999907374382 406.8900035917759 1247.9600026011467 1179.3400036543608 183.5900003015995 194.77000081539154 282.9299988001585 790.5900039970875 174.43999980390072 248.32000298798084 0 0 181.96000063419342 608.6300033628941 248.32000298798084 228.36000080406666 62.21999993920326 632.1000022441149 149.9000028371811 174.43999980390072 282.9299988001585 0 547.2400014102459 103.02000135183334 91.7499994635582 205.68999907374382 0 0 458.37999941408634 3197.4300103336573 3924.450012937188 2.0000010021030903 -25.83999988436699 3.1700005121529102 -1.2199990451335907 -15.639999844133854 4.720000632107258 341 41 48 16 9 33 32 19 13 8 11 20 25 16 6 5 10 13 3 9 2 1 4 9 8 3 6 9 8 2 7 3 7 3 2 9 0 1 1769.500009611249 4718.180004194379 1026.919997870922 304.520002245903 1217.5600076019764 3691.2600063234568 2575.960004672408 1115.3000016510487 277.48000141978264 433.32000002264977 809.190005466342 1958.7800007760525 2308.620003372431 406.66000063717365 301.6799992918968 669.0399993211031 1115.3000016510487 175.18999981880188 304.520002245903 165.04000008106232 0.7500000149011612 304.7600004374981 810.5400012135506 248.32000298798084 267.3400012999773 267.8500025123358 1241.8200038522482 238.9100036472082 174.43999980390072 429.72999961674213 239.30999970436096 1066.7999995201826 173.87999978661537 127.79999950528145 268.27999994158745 0 56.19999925792217 763.7000002712011 5541.330013006926 6765.910015240312 6.000001505017281 -39.13999981433153 7.800000749528408 0.04000149667263031 -25.72999968752265 10.060000907629728
342 1 0 0 0 1 0 0 0 0 0 1 0 0 0 0 0 0 0 0 0 0 0 0 0 0 1 0 0 0 0 0 0 0 0 0 0 0 17.65999987721443 0 0 0 17.65999987721443 0 0 0 0 0 17.65999987721443 0 0 0 0 0 0 0 0 0 0 0 0 0 0 17.65999987721443 0 0 0 0 0 0 0 0 0 0 0 15.27999983727932 2.380000039935112 17.65999987721443 7.450580596923828e-9 -0.3999999985098839 0.0 -0.4699999988079071 -0.4699999988079071 0.0 342 7 8 2 1 5 6 2 4 0 0 6 5 1 1 1 1 4 0 1 0 0 2 2 1 1 2 0 3 0 1 0 1 0 1 0 0 0 90.13000044226646 681.8600031286478 98.30999955534935 4.38000001013279 66.17000027000904 583.5500035732985 258.50000308454037 325.0500004887581 0 0 157.91999973356724 331.61000058054924 143.1900012344122 19.580000162124634 91.7499994635582 6.560000091791153 325.0500004887581 0 4.38000001013279 0 0 181.96000063419342 143.08999985456467 4.38000001013279 115.31000185012817 50.050000220537186 0 16.120000049471855 0 6.560000091791153 0 143.1900012344122 0 91.7499994635582 0 0 0 119.8100006133318 581.9900013804436 771.9900035709143 -1.9999997466802597 -5.869999971240759 -1.8199998624622822 -2.459999803453684 -2.829999975860119 -2.029999863356352 342 20 18 6 5 16 12 6 6 4 4 9 12 5 2 1 5 6 1 5 0 0 2 4 5 1 3 2 5 1 5 0 3 0 1 4 0 0 588.5900060534477 1699.940004721284 374.6799982637167 159.50000230967999 339.7700013667345 1325.2600064575672 736.560004606843 588.7000018507242 84.22999908030033 43.41999951004982 303.87000223994255 942.5300011783838 621.2500027567148 102.65000092983246 91.7499994635582 282.9299988001585 588.7000018507242 70.9000005275011 159.50000230967999 0 0 181.96000063419342 406.7400012165308 159.50000230967999 115.31000185012817 62.21999993920326 231.73000159859657 149.9000028371811 70.9000005275011 282.9299988001585 0 389.52000115811825 0 91.7499994635582 43.41999951004982 0 0 243.61999842524529 1969.790009304881 2372.760009855032 6.295740604400635e-7 -16.899999924004078 0.7200003080070019 -2.6299994364380836 -10.449999898672104 1.0600003525614738 342 30 23 7 8 24 16 8 8 7 7 12 15 7 3 2 5 8 2 8 0 0 2 6 8 1 4 4 6 2 5 0 3 1 1 7 0 0 1024.1600049436092 2252.480008840561 477.69999961555004 248.32000298798084 642.1100017726421 1774.7800092250109 1031.7000053077936 743.0800039172173 224.29999992251396 205.68999907374382 406.8900035917759 1200.4500025212765 916.3900034576654 183.5900003015995 194.77000081539154 282.9299988001585 743.0800039172173 174.43999980390072 248.32000298798084 0 0 181.96000063419342 561.1200032830238 248.32000298798084 115.31000185012817 62.21999993920326 526.8700022995472 149.9000028371811 174.43999980390072 282.9299988001585 0 389.52000115811825 103.02000135183334 91.7499994635582 205.68999907374382 0 0 443.07999934256077 2800.9400112330914 3500.940013706684 8.940696716308594e-7 -24.239999890327454 1.170000433921814 -4.449999172240496 -15.169999845325947 1.8200005181133747 342 36 42 13 9 29 29 15 14 7 10 16 24 13 4 4 8 14 2 9 1 0 5 9 8 2 5 7 7 2 6 2 6 3 1 9 0 1 1356.3500096797943 3865.720008864999 849.6999998390675 304.520002245903 967.1700063943863 3016.0200090259314 1842.5300069749355 1173.4900020509958 224.29999992251396 326.3599998652935 708.9600078612566 1848.980001181364 1688.2400046288967 190.72000041604042 292.4500012546778 501.0499993264675 1173.4900020509958 174.43999980390072 304.520002245903 58.079999923706055 0 384.16999900341034 789.3200030475855 248.32000298798084 154.29000234603882 211.8600026667118 839.3600036352873 204.65000393986702 174.43999980390072 381.92999951541424 119.11999981105328 848.8800009936094 200.70000179111958 91.7499994635582 268.27999994158745 0 56.19999925792217 583.5499995201826 4499.52001580596 5446.370018467307 1.0000013560056686 -34.10999984666705 2.3500007055699825 -4.629998732358217 -21.12999976426363 3.150000799447298 342 45 60 21 9 37 39 21 18 8 12 26 31 18 6 9 11 18 2 9 3 0 6 12 8 3 8 7 9 2 8 3 11 5 4 9 0 1 2008.6000083088875 5861.070000469685 1344.1399984508753 304.520002245903 1499.170006364584 4516.930002018809 2930.860003054142 1586.0699989646673 277.48000141978264 447.14999900758266 1351.0200054347515 2471.9699984639883 2663.5200017541647 364.1500005722046 576.4799994975328 711.4599996954203 1586.0699989646673 174.43999980390072 304.520002245903 178.86999906599522 0 476.47999823093414 1109.5900007337332 248.32000298798084 267.3400012999773 533.0400023013353 839.3600036352873 241.50000363588333 174.43999980390072 472.1499999910593 239.30999970436096 1824.1599981188774 271.5600002259016 304.91999927163124 268.27999994158745 0 56.19999925792217 823.6800005882978 6743.450008094311 8147.150010198355 3.0000017285346985 -45.13999979197979 4.800000861287117 -7.779998242855072 -32.90999962761998 6.0800010450184345
343 0 1 0 0 0 1 0 1 0 0 0 1 0 0 0 0 1 0 0 0 0 1 0 0 0 0 0 0 0 0 0 0 0 0 0 0 0 0 89.77000164985657 0 0 0 89.77000164985657 0 89.77000164985657 0 0 0 89.77000164985657 0 0 0 0 89.77000164985657 0 0 0 0 89.77000164985657 0 0 0 0 0 0 0 0 0 0 0 0 0 0 0 0.0 87.60000157356262 89.77000164985657 -0.999999962747097 -0.3999999985098839 -0.9999999701976776 -0.9099999666213989 0.0 -0.9999999701976776 343 4 7 1 1 3 6 2 4 0 0 3 5 2 0 0 1 4 0 1 0 0 2 2 1 0 2 1 1 0 1 0 1 0 0 0 0 0 55.65000022947788 655.0199992209673 111.95999804139137 4.38000001013279 51.27000021934509 543.0600011795759 218.01000069081783 325.0500004887581 0 0 51.27000021934509 437.00999853014946 218.01000069081783 0 0 111.95999804139137 325.0500004887581 0 4.38000001013279 0 0 181.96000063419342 143.08999985456467 4.38000001013279 0 50.050000220537186 74.81999945640564 1.219999998807907 0 111.95999804139137 0 143.1900012344122 0 0 0 0 0 61.6800002604723 592.1099977642298 710.6699994504452 -1.999999761581421 -4.399999983608723 -1.9999998435378075 -2.409999754279852 -2.3599999770522118 -1.7399998046457767 343 15 13 4 3 11 9 4 5 1 4 7 9 3 1 1 3 5 1 3 0 0 2 3 3 1 2 1 4 1 3 0 2 0 1 4 0 0 319.0100008249283 1173.5700014680624 247.93999779224396 66.96000172197819 131.08999966084957 925.6300036758184 483.24000212550163 442.3900015503168 2.1599999964237213 43.79999960958958 176.87999951839447 702.1199991554022 367.93000027537346 19.580000162124634 91.7499994635582 156.18999832868576 442.3900015503168 103.53999927639961 66.96000172197819 0 0 181.96000063419342 260.4300009161234 66.96000172197819 115.31000185012817 50.050000220537186 74.81999945640564 35.07999983429909 103.53999927639961 156.18999832868576 0 293.1100008189678 0 91.7499994635582 43.79999960958958 0 0 164.78000006079674 1228.9500002413988 1494.7400022894144 -0.9999995566904545 -11.559999950230122 -0.7299997769296169 -1.2599996328353882 -4.749999962747097 -0.06999973207712173 343 29 21 8 8 23 13 6 7 6 7 12 15 5 2 2 6 7 2 8 0 0 2 5 8 1 4 2 6 2 6 0 3 1 1 7 0 0 853.6500070691109 1978.1200082600117 576.7000003308058 248.32000298798084 489.0900032222271 1401.420007929206 736.560004606843 664.8600033223629 160.84999987483025 116.1200005710125 406.8900035917759 1221.2300026416779 621.2500027567148 102.65000092983246 194.77000081539154 381.92999951541424 664.8600033223629 174.43999980390072 248.32000298798084 0 0 181.96000063419342 482.9000026881695 248.32000298798084 115.31000185012817 62.21999993920326 231.73000159859657 149.9000028371811 174.43999980390072 381.92999951541424 0 389.52000115811825 103.02000135183334 91.7499994635582 116.1200005710125 0 0 365.97000001370907 2398.830013036728 2992.620015203953 -0.9999992251396179 -22.67999990284443 -0.09999965131282806 -5.47999931499362 -13.899999864399433 0.41000040993094444 343 35 33 10 9 28 23 12 11 7 10 13 20 10 4 2 7 11 2 9 1 0 4 7 8 2 4 5 7 2 6 1 5 1 1 9 0 1 1206.7100069522858 3041.7800095826387 651.0399999320507 304.520002245903 817.5300036668777 2390.740009650588 1417.8800075799227 972.8600020706654 224.29999992251396 326.3599998652935 461.6400046944618 1547.370001733303 1263.5900052338839 190.72000041604042 194.77000081539154 400.069999858737 972.8600020706654 174.43999980390072 304.520002245903 58.079999923706055 0 330.7099997997284 642.150002270937 248.32000298798084 154.29000234603882 62.21999993920326 587.3700030148029 204.65000393986702 174.43999980390072 381.92999951541424 18.140000343322754 676.2200022190809 103.02000135183334 91.7499994635582 268.27999994158745 0 56.19999925792217 512.4600004553795 3648.990013048053 4472.7900164574385 1.0000011548399925 -30.109999861568213 2.3500005789101124 -3.839998971670866 -17.67999980598688 2.980000641196966 343 40 50 15 9 32 35 20 15 8 10 20 25 17 6 6 8 15 2 9 1 0 6 9 8 3 7 7 7 2 6 2 10 4 2 9 0 1 1794.970009624958 5037.100002124906 930.6799983382225 304.520002245903 1285.5400076806545 4106.420003786683 2840.6200025081635 1265.8000012785196 277.48000141978264 326.3599998652935 1055.1300061494112 1941.2900004088879 2573.280001208186 364.1500005722046 373.4299997538328 501.0499993264675 1265.8000012785196 174.43999980390072 304.520002245903 58.079999923706055 0 476.47999823093414 789.3200030475855 248.32000298798084 267.3400012999773 477.05000245571136 839.3600036352873 204.65000393986702 174.43999980390072 381.92999951541424 119.11999981105328 1733.9199975728989 208.64000175893307 164.78999799489975 268.27999994158745 0 56.19999925792217 697.6200008243322 5921.100010052323 7109.550013169646 5.0000015534460545 -39.13999981433153 6.800000797957182 -1.0399984531104565 -26.589999701827765 8.86000095307827
344 0 1 0 0 0 1 0 1 0 0 0 1 0 0 0 0 1 0 0 0 0 0 1 0 0 0 0 0 0 0 0 0 0 0 0 0 0 0 85.81999921798706 0 0 0 85.81999921798706 0 85.81999921798706 0 0 0 85.81999921798706 0 0 0 0 85.81999921798706 0 0 0 0 0 85.81999921798706 0 0 0 0 0 0 0 0 0 0 0 0 0 0 0.0 77.99999904632568 85.81999921798706 -0.999999962747097 -0.3999999985098839 -0.9999999701976776 -0.31999996304512024 0.0 -0.629999965429306 344 4 7 1 0 4 6 2 4 0 0 4 5 2 0 0 1 4 0 0 0 0 1 3 0 0 2 1 2 0 1 0 1 0 0 0 0 0 70.23000000417233 686.8999996483326 111.95999804139137 0 70.23000000417233 574.9400016069412 224.73999904096127 350.20000256597996 0 0 70.23000000417233 462.16000060737133 224.73999904096127 0 0 111.95999804139137 350.20000256597996 0 0 0 0 89.77000164985657 260.4300009161234 0 0 50.050000220537186 74.81999945640564 20.17999978363514 0 111.95999804139137 0 149.91999958455563 0 0 0 0 0 50.289999932050705 674.8599992245436 757.1299996525049 -1.999999761581421 -4.399999983608723 -1.9999998435378075 -2.5199997387826443 -3.409999966621399 -0.7999997995793819 344 18 14 4 5 12 10 4 6 1 5 7 10 3 1 1 3 6 1 5 0 0 2 4 5 1 2 1 4 1 3 0 2 0 1 5 0 0 441.890002861619 1249.730002939701 247.93999779224396 159.50000230967999 161.43000110983849 1001.7900051474571 483.24000212550163 518.5500030219555 2.1599999964237213 74.14000105857849 176.87999951839447 778.2800006270409 367.93000027537346 19.580000162124634 91.7499994635582 156.18999832868576 518.5500030219555 103.53999927639961 159.50000230967999 0 0 181.96000063419342 336.59000238776207 159.50000230967999 115.31000185012817 50.050000220537186 74.81999945640564 35.07999983429909 103.53999927639961 156.18999832868576 0 293.1100008189678 0 91.7499994635582 74.14000105857849 0 0 188.4300009459257 1392.7600029408932 1693.7800057977438 -1.9999994970858097 -13.159999944269657 -1.7299997471272945 -3.419999562203884 -6.239999942481518 -0.8299996852874756 344 32 25 10 9 23 15 8 7 4 8 13 16 6 3 2 7 7 2 9 0 0 3 4 8 2 6 3 5 2 6 1 3 1 1 8 0 1 1014.3900038599968 2179.180008202791 651.0399999320507 304.520002245903 531.8999992311001 1528.1400082707405 940.2500046491623 587.8900036215782 50.049999207258224 119.36000046133995 557.2600003778934 1162.400003284216 785.9600023031235 109.78000104427338 194.77000081539154 400.069999858737 587.8900036215782 174.43999980390072 304.520002245903 0 0 251.30000123381615 336.59000238776207 248.32000298798084 154.29000234603882 327.4099997282028 292.2300023138523 35.07999983429909 174.43999980390072 381.92999951541424 18.140000343322754 493.72999998927116 103.02000135183334 91.7499994635582 119.36000046133995 0 56.19999925792217 333.70000161230564 2668.2000075876713 3243.6200112700462 1.0000008344650269 -24.369999889284372 1.9000003673136234 -4.929999317973852 -14.879999846220016 1.7600003816187382 344 38 45 15 9 30 30 16 14 7 10 18 25 14 5 5 9 14 2 9 1 0 6 8 8 2 6 6 7 2 7 2 8 4 1 9 0 1 1550.7300074994564 4574.66000546515 1124.6099979579449 304.520002245903 1082.7200034558773 3450.050007507205 2231.7600063085556 1218.2900011986494 224.29999992251396 326.3599998652935 939.1900047510862 2054.0099986195564 2077.470003962517 269.5500011742115 407.1300010830164 661.2799976170063 1218.2900011986494 174.43999980390072 304.520002245903 58.079999923706055 0 476.47999823093414 741.8100029677153 248.32000298798084 154.29000234603882 327.4099997282028 734.1300036907196 204.65000393986702 174.43999980390072 542.159997805953 119.11999981105328 1343.3400002717972 315.3800016194582 91.7499994635582 268.27999994158745 0 56.19999925792217 673.9799992144108 5213.2400123775005 6349.69001288712 2.000001400709152 -35.97999983280897 3.5300007089972496 -5.359998665750027 -25.259999729692936 4.770000800490379 344 41 52 17 9 33 35 19 16 7 12 20 28 17 5 6 10 16 2 9 3 0 7 9 8 2 7 7 7 2 8 2 10 4 2 9 0 1 1821.160009369254 5464.680001839995 1346.5499961078167 304.520002245903 1353.150005325675 4118.130005732179 2727.570003554225 1390.5600021779537 224.29999992251396 447.14999900758266 1161.8700060099363 2375.179999217391 2573.280001208186 269.5500011742115 480.16999961435795 810.1799972355366 1390.5600021779537 174.43999980390072 304.520002245903 178.86999906599522 0 601.2399991303682 789.3200030475855 248.32000298798084 154.29000234603882 477.05000245571136 839.3600036352873 204.65000393986702 174.43999980390072 691.0599974244833 119.11999981105328 1733.9199975728989 315.3800016194582 164.78999799489975 268.27999994158745 0 56.19999925792217 772.9499986022711 6185.100012049079 7510.1400111317635 3.000001572072506 -39.97999981790781 4.530000805854797 -4.4699984565377235 -28.559999704360962 5.9800009354949
345 0 1 1 0 0 0 0 0 0 0 0 1 0 0 0 1 0 0 0 0 0 0 0 0 0 0 0 0 0 1 0 0 0 0 0 0 0 0 111.95999804139137 111.95999804139137 0 0 0 0 0 0 0 0 111.95999804139137 0 0 0 111.95999804139137 0 0 0 0 0 0 0 0 0 0 0 0 0 111.95999804139137 0 0 0 0 0 0 0 0.0 106.45999804139137 111.95999804139137 7.450580596923828e-9 -0.3999999985098839 0.0 0.4000000059604645 0.0 0.0 345 3 6 1 1 2 5 1 4 0 0 2 5 1 0 0 1 4 0 1 0 0 1 3 1 0 0 1 2 0 1 0 0 0 0 0 0 0 82.76000149548054 536.980000063777 111.95999804139137 62.5800017118454 20.17999978363514 425.0200020223856 74.81999945640564 350.20000256597996 0 0 20.17999978363514 462.16000060737133 74.81999945640564 0 0 111.95999804139137 350.20000256597996 0 62.5800017118454 0 0 89.77000164985657 260.4300009161234 62.5800017118454 0 0 74.81999945640564 20.17999978363514 0 111.95999804139137 0 0 0 0 0 0 0 21.369999676942825 562.4800013005733 619.7400015592575 -2.9999997913837433 -3.599999986588955 -2.9999998584389687 -3.2999997846782207 -2.429999977350235 -2.2499998323619366 345 11 11 2 3 7 9 3 6 0 2 6 8 3 0 1 1 6 1 3 0 0 2 4 3 0 2 1 3 1 1 0 2 1 0 2 0 0 251.12000101804733 1101.4600026905537 214.97999939322472 66.96000172197819 80.62000001966953 886.480003297329 367.93000027537346 518.5500030219555 0 5.390000104904175 178.2500012665987 734.0500003397465 367.93000027537346 0 103.02000135183334 111.95999804139137 518.5500030219555 103.53999927639961 66.96000172197819 0 0 181.96000063419342 336.59000238776207 66.96000172197819 0 50.050000220537186 74.81999945640564 25.179999694228172 103.53999927639961 111.95999804139137 0 293.1100008189678 103.02000135183334 0 5.390000104904175 0 0 143.72000041604042 1109.1400011181831 1352.580003708601 -2.999999601393938 -8.799999967217445 -2.999999765306711 -4.839999578893185 -5.769999943673611 -1.5199996829032898 345 27 18 7 7 19 11 4 7 3 7 11 14 3 2 2 5 7 2 7 0 0 3 4 7 1 4 1 5 2 5 0 2 1 1 7 0 0 624.6900031417608 1581.0600054860115 509.92999973893166 210.1200027167797 290.0399998575449 1071.1300057470798 483.24000212550163 587.8900036215782 76.61999951303005 116.1200005710125 292.0700005888939 1077.490002349019 367.93000027537346 26.71000027656555 194.77000081539154 315.1599989235401 587.8900036215782 174.43999980390072 210.1200027167797 0 0 251.30000123381615 336.59000238776207 210.1200027167797 115.31000185012817 62.21999993920326 74.81999945640564 35.07999983429909 174.43999980390072 315.1599989235401 0 293.1100008189678 103.02000135183334 91.7499994635582 116.1200005710125 0 0 277.94000175595284 1811.93000420928 2282.3700081408024 -2.9999993331730366 -19.209999915212393 -2.369999699294567 -6.479999449104071 -10.669999897480011 -2.039999660104513 345 36 36 13 9 28 23 11 12 6 10 16 22 9 4 4 8 12 2 9 1 0 4 8 8 2 5 4 7 2 6 2 5 3 1 9 0 1 1332.9400059729815 3186.0800085663795 849.6999998390675 304.520002245903 880.3100026398897 2336.380008727312 1263.8600059598684 1072.5200027674437 160.84999987483025 326.3599998652935 685.5500041544437 1748.010001897812 1109.5700036138296 190.72000041604042 292.4500012546778 501.0499993264675 1072.5200027674437 174.43999980390072 304.520002245903 58.079999923706055 0 330.7099997997284 741.8100029677153 248.32000298798084 154.29000234603882 188.44999895989895 390.450002476573 204.65000393986702 174.43999980390072 381.92999951541424 119.11999981105328 719.1200011372566 200.70000179111958 91.7499994635582 268.27999994158745 0 56.19999925792217 491.78000135719776 3889.7900103479624 4679.870014414191 -0.9999988414347172 -31.219999857246876 0.2600005604326725 -8.579998947679996 -20.639999765902758 0.6200006119906902 345 39 48 16 9 31 32 18 14 7 10 20 25 16 5 6 9 14 2 9 1 0 6 8 8 2 7 7 7 2 7 2 9 4 2 9 0 1 1700.370010226965 4970.850002467632 1197.6499964892864 304.520002245903 1232.3600061833858 3773.200005978346 2554.9100047796965 1218.2900011986494 224.29999992251396 326.3599998652935 1161.8700060099363 2054.0099986195564 2400.6200024336576 269.5500011742115 480.16999961435795 661.2799976170063 1218.2900011986494 174.43999980390072 304.520002245903 58.079999923706055 0 476.47999823093414 741.8100029677153 248.32000298798084 154.29000234603882 477.05000245571136 839.3600036352873 204.65000393986702 174.43999980390072 542.159997805953 119.11999981105328 1561.2599987983704 315.3800016194582 164.78999799489975 268.27999994158745 0 56.19999925792217 690.7699992954731 5705.080012083054 6895.520012617111 4.000001452863216 -37.57999982684851 5.530000731348991 -2.2899985760450363 -26.2399997189641 7.5300008580088615
346 0 1 0 0 0 1 0 1 0 0 0 1 0 0 0 0 1 0 0 0 0 0 1 0 0 0 0 0 0 0 0 0 0 0 0 0 0 0 57.270000636577606 0 0 0 57.270000636577606 0 57.270000636577606 0 0 0 57.270000636577606 0 0 0 0 57.270000636577606 0 0 0 0 0 57.270000636577606 0 0 0 0 0 0 0 0 0 0 0 0 0 0 3.440000057220459 52.240000545978546 57.270000636577606 -0.999999962747097 -0.3999999985098839 -0.9999999701976776 -1.5199999511241913 -0.9799999892711639 -0.629999965429306 346 5 8 1 3 2 7 2 5 0 0 2 6 2 0 0 1 5 0 3 0 0 2 3 3 0 1 1 1 0 1 0 1 0 0 0 0 0 85.84000159800053 772.360000282526 111.95999804139137 66.96000172197819 18.87999987602234 660.4000022411346 218.01000069081783 442.3900015503168 0 0 18.87999987602234 554.3499995917082 218.01000069081783 0 0 111.95999804139137 442.3900015503168 0 66.96000172197819 0 0 181.96000063419342 260.4300009161234 66.96000172197819 0 17.65999987721443 74.81999945640564 1.219999998807907 0 111.95999804139137 0 143.1900012344122 0 0 0 0 0 56.68999961018562 735.9500006586313 858.2000018805265 -2.9999997168779373 -5.1999999806284904 -2.999999813735485 -3.499999728053808 -2.319999985396862 -2.7399997748434544 346 19 12 3 5 12 9 3 6 1 4 8 10 2 1 1 2 6 2 5 0 0 2 4 5 1 3 1 4 2 2 0 1 1 0 4 0 0 452.7000014781952 1143.560003876686 221.53999948501587 117.58000212907791 195.41999907791615 922.0200043916702 333.320002540946 588.7000018507242 54.31999969482422 43.79999960958958 200.3200011253357 881.6599997878075 218.01000069081783 19.580000162124634 103.02000135183334 118.51999813318253 588.7000018507242 174.43999980390072 117.58000212907791 0 0 181.96000063419342 406.7400012165308 117.58000212907791 115.31000185012817 62.21999993920326 74.81999945640564 35.07999983429909 174.43999980390072 118.51999813318253 0 143.1900012344122 103.02000135183334 0 43.79999960958958 0 0 235.24000035226345 1275.5300022810698 1650.5800050497055 -2.9999995008111 -12.759999945759773 -2.7299997434020042 -4.799999535083771 -7.319999914616346 -1.9299996979534626 346 31 20 8 8 22 12 5 7 4 9 11 15 4 3 2 6 7 2 8 1 0 2 5 8 1 4 1 5 2 6 0 3 1 1 8 0 0 807.2800039947033 1821.2100061178207 576.7000003308058 248.32000298798084 354.9799995571375 1244.510005787015 579.6500024646521 664.8600033223629 80.23999939858913 177.440000385046 292.0700005888939 1221.2300026416779 464.3400006145239 109.78000104427338 194.77000081539154 381.92999951541424 664.8600033223629 174.43999980390072 248.32000298798084 58.079999923706055 0 181.96000063419342 482.9000026881695 248.32000298798084 115.31000185012817 62.21999993920326 74.81999945640564 35.07999983429909 174.43999980390072 381.92999951541424 0 389.52000115811825 103.02000135183334 91.7499994635582 119.36000046133995 0 0 308.19000032544136 2169.2400071173906 2708.730009511113 -1.99999925121665 -21.96999989822507 -1.0999996736645699 -6.389999385923147 -11.979999870061874 -1.2199996374547482 346 36 38 13 9 29 25 12 13 7 10 16 23 10 4 4 8 13 2 9 1 0 5 8 8 2 5 6 7 2 6 2 4 3 1 9 0 1 1356.3500096797943 3341.0700090825558 849.6999998390675 304.520002245903 967.1700063943863 2491.3700092434883 1365.3900072723627 1125.9800019711256 224.29999992251396 326.3599998652935 708.9600078612566 1801.4700011014938 1211.100004926324 190.72000041604042 292.4500012546778 501.0499993264675 1125.9800019711256 174.43999980390072 304.520002245903 58.079999923706055 0 384.16999900341034 741.8100029677153 248.32000298798084 154.29000234603882 211.8600026667118 692.6000029593706 204.65000393986702 174.43999980390072 381.92999951541424 119.11999981105328 518.5000019669533 200.70000179111958 91.7499994635582 268.27999994158745 0 56.19999925792217 530.830000564456 4046.270014986396 4921.720018684864 -0.9999987557530403 -32.509999852627516 0.35000062361359596 -6.479998853057623 -20.189999766647816 1.1600006930530071 346 41 52 17 9 33 35 19 16 8 10 22 27 16 6 7 9 16 2 9 1 0 6 10 8 3 7 7 8 2 6 3 9 5 2 9 0 1 1829.2300093322992 5123.170000821352 1113.7899966984987 304.520002245903 1319.8000073879957 4009.3800041228533 2622.7000039815903 1386.680000141263 277.48000141978264 326.3599998652935 1152.310004323721 2182.359999164939 2355.360002681613 364.1500005722046 436.34999822080135 621.2399992197752 1386.680000141263 174.43999980390072 304.520002245903 58.079999923706055 0 476.47999823093414 910.2000019103289 248.32000298798084 267.3400012999773 477.05000245571136 839.3600036352873 238.9100036472082 174.43999980390072 381.92999951541424 239.30999970436096 1515.9999990463257 271.5600002259016 164.78999799489975 268.27999994158745 0 56.19999925792217 714.4100009799004 6018.130008071661 7229.880011573434 3.0000015795230865 -40.33999980986118 4.800000801682472 -2.80999843031168 -26.629999693483114 6.950000960379839
347 1 0 0 0 1 0 0 0 0 0 1 0 0 0 0 0 0 0 0 0 0 0 0 0 0 0 0 1 0 0 0 0 0 0 0 0 0 1.219999998807907 0 0 0 1.219999998807907 0 0 0 0 0 1.219999998807907 0 0 0 0 0 0 0 0 0 0 0 0 0 0 0 0 1.219999998807907 0 0 0 0 0 0 0 0 0 0.0 1.219999998807907 1.219999998807907 7.450580596923828e-9 -0.3999999985098839 0.0 -0.09000000357627869 0.0 -0.09000000357627869 347 14 6 1 3 10 5 1 4 1 3 6 6 1 1 0 1 4 1 3 0 0 1 3 3 0 2 1 4 1 1 0 0 0 0 3 0 0 281.03000132739544 536.980000063777 111.95999804139137 66.96000172197819 93.11000016331673 425.0200020223856 74.81999945640564 350.20000256597996 2.1599999964237213 5.820000112056732 85.13000005483627 565.6999998837709 74.81999945640564 19.580000162124634 0 111.95999804139137 350.20000256597996 103.53999927639961 66.96000172197819 0 0 89.77000164985657 260.4300009161234 66.96000172197819 0 50.050000220537186 74.81999945640564 35.07999983429909 103.53999927639961 111.95999804139137 0 0 0 0 5.820000112056732 0 0 93.26999984681606 678.4200008064508 820.1700013875961 -2.9999996721744537 -8.35999996215105 -2.7299998328089714 -2.9599997140467167 -3.409999966621399 -1.329999778419733 347 26 20 8 8 19 12 5 7 4 6 11 15 4 1 2 6 7 2 8 0 0 2 5 8 1 4 1 5 2 6 0 3 1 1 6 0 0 596.4100023210049 1753.1200064122677 576.7000003308058 248.32000298798084 234.3099987655878 1176.420006081462 579.6500024646521 596.7700036168098 80.23999939858913 56.76999959349632 292.0700005888939 1153.1400029361248 464.3400006145239 19.580000162124634 194.77000081539154 381.92999951541424 596.7700036168098 174.43999980390072 248.32000298798084 0 0 181.96000063419342 414.8100029826164 248.32000298798084 115.31000185012817 62.21999993920326 74.81999945640564 35.07999983429909 174.43999980390072 381.92999951541424 0 389.52000115811825 103.02000135183334 91.7499994635582 56.76999959349632 0 0 247.71000054478645 1985.9400052279234 2429.7700081318617 -1.9999993108212948 -20.22999991849065 -1.4599996879696846 -5.01999944075942 -10.159999907016754 -1.3999996446073055 347 35 36 11 9 26 25 12 13 5 9 14 23 10 4 2 8 13 2 9 1 0 5 8 8 2 5 5 7 2 6 2 5 1 1 8 0 1 1207.4300101995468 3245.7200090885162 752.0199993997812 304.520002245903 698.3200058937073 2493.700009688735 1367.7200077176094 1125.9800019711256 104.36999890208244 177.440000385046 611.2800074219704 1801.4700011014938 1213.4300053715706 190.72000041604042 194.77000081539154 501.0499993264675 1125.9800019711256 174.43999980390072 304.520002245903 58.079999923706055 0 384.16999900341034 741.8100029677153 248.32000298798084 154.29000234603882 211.8600026667118 537.2100031524897 204.65000393986702 174.43999980390072 381.92999951541424 119.11999981105328 676.2200022190809 103.02000135183334 91.7499994635582 119.36000046133995 0 56.19999925792217 444.81999987363815 3823.370016425848 4557.5200181901455 -0.9999987855553627 -30.32999986037612 0.17000063136219978 -6.079998914152384 -17.209999799728394 0.8900006972253323 347 40 45 14 9 31 31 17 14 7 10 19 24 15 6 5 8 14 2 9 1 0 5 9 8 2 7 7 7 2 6 2 8 3 2 9 0 1 1794.970009624958 4383.890004724264 922.739998370409 304.520002245903 1232.3600061833858 3461.150006353855 2287.6600043028593 1173.4900020509958 224.29999992251396 326.3599998652935 1047.1900061815977 1848.980001181364 2133.3700019568205 364.1500005722046 365.4899997860193 501.0499993264675 1173.4900020509958 174.43999980390072 304.520002245903 58.079999923706055 0 384.16999900341034 789.3200030475855 248.32000298798084 154.29000234603882 477.05000245571136 839.3600036352873 204.65000393986702 174.43999980390072 381.92999951541424 119.11999981105328 1294.0099983215332 200.70000179111958 164.78999799489975 268.27999994158745 0 56.19999925792217 635.2099996209145 5329.520011514425 6403.160014271736 3.000001445412636 -36.64999982342124 4.7100007347762585 -3.02999858930707 -24.64999971538782 6.090000856667757 347 44 64 22 9 36 42 23 19 8 12 26 32 20 6 10 11 19 2 9 3 0 6 13 8 3 7 8 9 2 8 3 12 6 4 9 0 1 1952.6100084632635 6590.529998153448 1571.2499964684248 304.520002245903 1443.18000651896 5019.280001685023 3263.070000678301 1756.2100010067225 277.48000141978264 447.14999900758266 1409.7100054174662 2754.5399986952543 2995.7299993783236 364.1500005722046 691.1599993258715 823.8899978846312 1756.2100010067225 174.43999980390072 304.520002245903 178.86999906599522 0 476.47999823093414 1279.7300027757883 248.32000298798084 267.3400012999773 477.05000245571136 969.3400026112795 241.50000363588333 174.43999980390072 584.5799981802702 239.30999970436096 2026.389996767044 386.2400000542402 304.91999927163124 268.27999994158745 0 56.19999925792217 865.4999997615814 7320.080007970333 8820.620008036494 4.000001806765795 -46.33999978750944 5.8000009171664715 -4.9599981643259525 -32.82999964430928 7.530001118779182
348 0 1 0 0 0 1 1 0 0 0 0 0 1 0 0 0 0 0 0 0 0 0 0 0 0 0 1 0 0 0 0 0 0 0 0 0 0 0 74.81999945640564 0 0 0 74.81999945640564 74.81999945640564 0 0 0 0 0 74.81999945640564 0 0 0 0 0 0 0 0 0 0 0 0 0 74.81999945640564 0 0 0 0 0 0 0 0 0 0 0.0 74.81999945640564 74.81999945640564 1.0000000298023224 -0.3999999985098839 1.0000000223517418 0.7400000281631947 0.0 0.7400000281631947 348 8 8 2 2 5 6 1 5 0 3 3 7 1 0 1 1 5 1 2 0 0 1 4 2 0 0 1 2 1 1 0 0 1 0 3 0 0 251.0400018543005 716.160002887249 214.97999939322472 62.5800017118454 84.92000086605549 501.1800034940243 74.81999945640564 426.36000403761864 0 64.74000108242035 123.20000113546848 641.8600013554096 74.81999945640564 0 103.02000135183334 111.95999804139137 426.36000403761864 103.53999927639961 62.5800017118454 0 0 89.77000164985657 336.59000238776207 62.5800017118454 0 0 74.81999945640564 20.17999978363514 103.53999927639961 111.95999804139137 0 0 103.02000135183334 0 64.74000108242035 0 0 101.90000113844872 800.3100026398897 967.2000047415495 -3.9999997057020664 -6.399999976158142 -3.999999824911356 -5.349999688565731 -4.429999947547913 -2.5699997767806053 348 22 13 4 7 15 9 3 6 2 5 9 9 3 2 1 2 6 1 7 0 0 2 4 6 0 3 1 5 1 2 0 2 1 0 5 0 1 458.05000311136246 1233.8100042790174 370.1799993664026 224.7300017029047 181.5700009316206 863.6300049126148 367.93000027537346 495.70000463724136 22.299999818205833 74.14000105857849 188.15000140666962 810.2000026702881 367.93000027537346 26.71000027656555 103.02000135183334 210.9599987566471 495.70000463724136 103.53999927639961 224.7300017029047 0 0 159.1100022494793 336.59000238776207 168.53000244498253 0 50.050000220537186 74.81999945640564 35.07999983429909 103.53999927639961 210.9599987566471 0 293.1100008189678 103.02000135183334 0 74.14000105857849 0 56.19999925792217 194.54000198841095 1372.2800034433603 1714.1600072085857 -2.999999474734068 -14.719999931752682 -2.4599997587502003 -5.579999525099993 -8.21999992057681 -0.9699996784329414 348 33 33 12 9 24 21 9 12 4 9 14 22 7 3 3 8 12 2 9 1 0 4 8 8 2 5 2 6 2 6 2 5 2 1 8 0 1 984.0200041085482 2873.780005097389 792.5299986749887 304.520002245903 535.9599996805191 2081.2500064224005 1008.7300036549568 1072.5200027674437 80.23999939858913 177.440000385046 513.559999987483 1748.010001897812 854.440001308918 105.54000103473663 235.28000009059906 501.0499993264675 1072.5200027674437 174.43999980390072 304.520002245903 58.079999923706055 0 330.7099997997284 741.8100029677153 248.32000298798084 154.29000234603882 188.44999895989895 135.32000017166138 89.83000093698502 174.43999980390072 381.92999951541424 119.11999981105328 719.1200011372566 143.53000062704086 91.7499994635582 119.36000046133995 0 56.19999925792217 354.9900014102459 3305.8800049573183 3938.0400086045265 -2.999998953193426 -27.969999875873327 -2.099999487400055 -8.269999116659164 -15.469999819993973 -2.059999465942383 348 38 42 13 9 28 29 15 14 5 9 18 24 13 5 4 8 14 2 9 1 0 6 8 8 2 7 5 7 2 6 2 8 3 1 8 0 1 1551.4500107467175 4102.8300068080425 849.6999998390675 304.520002245903 963.5100056827068 3253.130006968975 2034.8400057703257 1218.2900011986494 104.36999890208244 177.440000385046 974.1500076502562 1893.7800003290176 1880.5500034242868 269.5500011742115 292.4500012546778 501.0499993264675 1218.2900011986494 174.43999980390072 304.520002245903 58.079999923706055 0 476.47999823093414 741.8100029677153 248.32000298798084 154.29000234603882 477.05000245571136 537.2100031524897 204.65000393986702 174.43999980390072 381.92999951541424 119.11999981105328 1343.3400002717972 200.70000179111958 91.7499994635582 119.36000046133995 0 56.19999925792217 536.1000002324581 4839.710014566779 5758.650016456842 1.0000013448297977 -33.799999840557575 2.3500006906688213 -5.9499987326562405 -22.359999746084213 3.590000782161951 348 42 51 16 9 34 35 19 16 8 12 20 27 17 6 6 9 16 2 9 3 0 7 9 8 2 7 7 7 2 7 2 10 4 2 9 0 1 1915.7600087672472 5315.780002221465 1197.6499964892864 304.520002245903 1406.3300068229437 4118.130005732179 2727.570003554225 1390.5600021779537 277.48000141978264 447.14999900758266 1161.8700060099363 2226.2799995988607 2573.280001208186 364.1500005722046 480.16999961435795 661.2799976170063 1390.5600021779537 174.43999980390072 304.520002245903 178.86999906599522 0 601.2399991303682 789.3200030475855 248.32000298798084 154.29000234603882 477.05000245571136 839.3600036352873 204.65000393986702 174.43999980390072 542.159997805953 119.11999981105328 1733.9199975728989 315.3800016194582 164.78999799489975 268.27999994158745 0 56.19999925792217 769.0099995583296 6185.610012307763 7509.020012408495 3.0000015944242477 -40.33999980986118 4.800000816583633 -4.459998425096273 -28.909999687224627 6.250000946223736
349 0 1 0 0 0 1 0 1 0 0 0 1 0 0 0 0 1 0 0 0 0 0 1 0 0 0 0 0 0 0 0 0 0 0 0 0 0 0 117.34000106155872 0 0 0 117.34000106155872 0 117.34000106155872 0 0 0 117.34000106155872 0 0 0 0 117.34000106155872 0 0 0 0 0 117.34000106155872 0 0 0 0 0 0 0 0 0 0 0 0 0 0 8.449999764561653 107.30000126361847 117.34000106155872 -0.999999962747097 -0.3999999985098839 -0.9999999701976776 -0.7299999594688416 0.0 -0.8199999630451202 349 4 6 2 2 1 4 1 3 0 0 2 5 1 0 1 1 3 1 2 0 0 0 3 2 0 0 1 1 1 1 0 0 1 0 0 0 0 167.34000098705292 550.2299997657537 214.97999939322472 62.5800017118454 1.219999998807907 335.25000037252903 74.81999945640564 260.4300009161234 0 0 104.24000135064125 475.9299982339144 74.81999945640564 0 103.02000135183334 111.95999804139137 260.4300009161234 103.53999927639961 62.5800017118454 0 0 0 260.4300009161234 62.5800017118454 0 0 74.81999945640564 1.219999998807907 103.53999927639961 111.95999804139137 0 0 103.02000135183334 0 0 0 0 68.72000040113926 607.7399995028973 717.5700007528067 -1.9999998100101948 -3.999999985098839 -1.9999998845160007 -2.469999812543392 -2.429999977350235 -1.1099998578429222 349 15 9 3 5 9 6 2 4 1 2 7 7 2 1 1 2 4 1 5 0 0 1 3 5 0 3 1 3 1 2 0 1 1 0 2 0 0 313.77000176906586 882.1900033652782 313.98000010848045 117.58000212907791 105.66000007092953 568.2100032567978 218.01000069081783 350.20000256597996 20.139999821782112 5.390000104904175 183.15000149607658 664.7000005990267 218.01000069081783 7.130000114440918 103.02000135183334 210.9599987566471 350.20000256597996 103.53999927639961 117.58000212907791 0 0 89.77000164985657 260.4300009161234 117.58000212907791 0 50.050000220537186 74.81999945640564 30.079999923706055 103.53999927639961 210.9599987566471 0 143.1900012344122 103.02000135183334 0 5.390000104904175 0 0 148.0400007069111 953.7100026756525 1216.1000049561262 -1.999999638646841 -9.959999956190586 -1.729999829083681 -3.6899996660649776 -5.749999951571226 -0.6999997645616531 349 31 22 7 8 22 15 5 10 3 9 12 17 4 2 2 5 10 2 8 1 0 4 6 8 1 4 1 6 2 4 1 3 1 1 8 0 0 778.9600043296814 1917.260004967451 468.1000002026558 248.32000298798084 406.11000077426434 1449.1600047647953 535.8900015801191 913.2700031846762 76.61999951303005 177.440000385046 346.8200016915798 1361.0400023758411 496.9100010842085 26.71000027656555 194.77000081539154 273.32999938726425 913.2700031846762 174.43999980390072 248.32000298798084 58.079999923706055 0 330.7099997997284 582.5600033849478 248.32000298798084 38.980000495910645 62.21999993920326 74.81999945640564 89.83000093698502 174.43999980390072 255.1899990439415 18.140000343322754 422.09000162780285 103.02000135183334 91.7499994635582 119.36000046133995 0 0 291.29000005126 2273.13000677526 2772.8400088101625 -4.999999169260263 -22.409999903291464 -4.369999594986439 -9.379999317228794 -11.219999879598618 -4.529999561607838 349 36 36 13 9 25 23 10 13 4 9 16 23 8 5 4 8 13 2 9 1 0 5 8 8 2 6 4 6 2 6 2 4 3 1 8 0 1 1297.6700069755316 3038.920008599758 849.6999998390675 304.520002245903 685.6000024080276 2189.2200087606907 1063.240006789565 1125.9800019711256 80.23999939858913 177.440000385046 720.3700038790703 1801.4700011014938 908.9500044435263 269.5500011742115 292.4500012546778 501.0499993264675 1125.9800019711256 174.43999980390072 304.520002245903 58.079999923706055 0 384.16999900341034 741.8100029677153 248.32000298798084 154.29000234603882 338.0900016874075 390.450002476573 89.83000093698502 174.43999980390072 381.92999951541424 119.11999981105328 518.5000019669533 200.70000179111958 91.7499994635582 119.36000046133995 0 56.19999925792217 415.61000107228756 3691.4800117760897 4416.830014973879 -2.999998837709427 -30.109999854117632 -1.7399994246661663 -9.369998946785927 -18.53999976441264 -1.3799993731081486 349 40 47 15 9 32 32 17 15 8 10 19 26 15 6 5 9 15 2 9 1 0 6 9 8 2 7 7 7 2 6 3 8 3 2 9 0 1 1794.970009624958 4645.72000579536 1042.9299982637167 304.520002245903 1285.5400076806545 3602.790007531643 2336.9900062531233 1265.8000012785196 277.48000141978264 326.3599998652935 1047.1900061815977 2061.4800003021955 2182.7000039070845 364.1500005722046 365.4899997860193 621.2399992197752 1265.8000012785196 174.43999980390072 304.520002245903 58.079999923706055 0 476.47999823093414 789.3200030475855 248.32000298798084 154.29000234603882 477.05000245571136 839.3600036352873 204.65000393986702 174.43999980390072 381.92999951541424 239.30999970436096 1343.3400002717972 200.70000179111958 164.78999799489975 268.27999994158745 0 56.19999925792217 674.0400014817715 5568.940012589097 6718.1700168401 2.0000015012919903 -37.93999981880188 3.8000007681548595 -3.879998542368412 -25.6099997125566 5.620000887662172
350 1 0 0 1 0 0 0 0 0 0 0 0 0 0 0 0 0 0 1 0 0 0 0 1 0 0 0 0 0 0 0 0 0 0 0 0 0 62.5800017118454 0 0 62.5800017118454 0 0 0 0 0 0 0 0 0 0 0 0 0 0 62.5800017118454 0 0 0 0 62.5800017118454 0 0 0 0 0 0 0 0 0 0 0 0 0 1.5800000429153442 51.74000144004822 62.5800017118454 7.450580596923828e-9 -0.3999999985098839 0.0 -0.28999999165534973 -0.4699999988079071 0.09000000357627869 350 10 6 2 4 4 4 2 2 0 0 5 5 2 0 1 1 2 2 4 0 0 0 2 4 0 2 1 2 2 1 0 1 1 0 0 0 0 315.31000179052353 607.6000017821789 214.97999939322472 117.58000212907791 23.2899998575449 392.62000238895416 218.01000069081783 174.61000169813633 0 0 126.31000120937824 461.0099995434284 218.01000069081783 0 103.02000135183334 111.95999804139137 174.61000169813633 174.43999980390072 117.58000212907791 0 0 0 174.61000169813633 117.58000212907791 0 12.169999718666077 74.81999945640564 11.120000138878822 174.43999980390072 111.95999804139137 0 143.1900012344122 103.02000135183334 0 0 0 0 110.89000035822392 742.2600014358759 922.9100035727024 2.3469328880310059e-7 -6.399999976158142 1.1548399925231934e-7 -1.6799997612833977 -3.8499999567866325 0.2100001573562622 350 28 14 4 6 20 10 5 5 3 7 11 10 5 3 1 3 5 2 6 1 0 1 4 6 0 4 2 6 2 3 0 3 1 0 6 0 0 699.0400021672249 1418.880005568266 380.7500007003546 155.78000240027905 339.24999971687794 1038.1300048679113 541.620002001524 496.51000286638737 78.07999940216541 109.11999943852425 255.07000222802162 948.6800020188093 541.620002001524 107.6499996483326 103.02000135183334 277.72999934852123 496.51000286638737 174.43999980390072 155.78000240027905 58.079999923706055 0 89.77000164985657 406.7400012165308 155.78000240027905 0 62.21999993920326 173.03999961912632 89.83000093698502 174.43999980390072 277.72999934852123 0 368.58000238239765 103.02000135183334 0 51.03999951481819 0 0 268.90999960899353 1740.0800055116415 2196.000007137656 6.370246410369873e-7 -17.879999913275242 0.8100002892315388 -4.159999426454306 -10.07999987527728 0.8000003546476364 350 35 33 12 8 24 21 9 12 4 9 15 22 7 5 4 8 12 2 8 1 0 4 8 8 2 5 3 6 2 6 2 4 3 1 8 0 0 1187.210006594658 2772.350007995963 793.5000005811453 248.32000298798084 559.370003387332 1978.8500074148178 906.3300046473742 1072.5200027674437 80.23999939858913 177.440000385046 594.1400048583746 1748.010001897812 752.0400023013353 285.3199998140335 292.4500012546778 501.0499993264675 1072.5200027674437 174.43999980390072 248.32000298798084 58.079999923706055 0 330.7099997997284 741.8100029677153 248.32000298798084 154.29000234603882 211.8600026667118 233.54000033438206 89.83000093698502 174.43999980390072 381.92999951541424 119.11999981105328 518.5000019669533 200.70000179111958 91.7499994635582 119.36000046133995 0 0 393.32000079751015 3380.31001059711 4039.80001398921 -2.9999989047646523 -28.509999860078096 -1.7399994619190693 -10.00999902933836 -17.08999977633357 -1.9599994234740734 350 38 47 16 9 28 31 16 15 6 9 19 26 13 6 6 9 15 2 9 1 0 5 10 8 3 5 6 8 2 6 3 7 5 1 8 0 1 1415.1200100630522 4184.020005017519 1040.7499981671572 304.520002245903 785.7600070983171 3143.270006850362 1848.9000059366226 1294.3700009137392 157.55000039935112 177.440000385046 814.0800060033798 2090.049999937415 1581.5600046366453 364.1500005722046 363.3099996894598 621.2399992197752 1294.3700009137392 174.43999980390072 304.520002245903 58.079999923706055 0 384.16999900341034 910.2000019103289 248.32000298798084 267.3400012999773 211.8600026667118 642.4400030970573 238.9100036472082 174.43999980390072 381.92999951541424 239.30999970436096 939.120001539588 271.5600002259016 91.7499994635582 119.36000046133995 0 56.19999925792217 526.9500004351139 4859.790013462305 5756.690015479922 1.0000014305114746 -36.15999982506037 2.6200007274746895 -3.6099986508488655 -20.279999751597643 3.490000855177641 350 46 64 22 11 38 42 21 21 9 11 28 34 18 6 9 11 21 3 11 2 1 7 14 9 3 8 8 10 2 8 3 10 6 3 9 0 2 2075.4100093841553 6238.190002083778 1337.089998781681 343.640002399683 1567.7900073826313 4901.100003302097 2821.550001949072 2079.5500013530254 281.8700013309717 370.00999949872494 1449.550006210804 2965.4500008523464 2554.2100006490946 364.1500005722046 532.8899996429682 711.4599996954203 2079.5500013530254 175.18999981880188 343.640002399683 101.72999955713749 0.7500000149011612 572.3999964743853 1507.1500048786402 250.90000295639038 267.3400012999773 533.0400023013353 969.3400026112795 382.8700042515993 174.43999980390072 472.1499999910593 239.30999970436096 1584.869998037815 332.0500016063452 200.839998036623 268.27999994158745 0 92.73999944329262 889.4499976783991 7113.010011523962 8596.220012813807 1.8700957298278809e-6 -48.029999781399965 1.8900009505450726 -7.37999814376235 -33.309999626129866 4.220001116394997
351 1 0 0 1 0 0 0 0 0 0 0 0 0 0 0 0 0 0 1 0 0 0 0 1 0 0 0 0 0 0 0 0 0 0 0 0 0 0.0 0 0 0.0 0 0 0 0 0 0 0 0 0 0 0 0 0 0 0.0 0 0 0 0 0.0 0 0 0 0 0 0 0 0 0 0 0 0 0 0.0 0.0 0.0 7.450580596923828e-9 -0.3999999985098839 0.0 0.0 0.0 0.0 351 17 4 1 4 12 3 1 2 1 4 8 3 1 1 1 0 2 1 4 0 0 0 2 4 0 2 1 5 1 0 0 0 1 0 4 0 0 280.9400011897087 352.4500025063753 103.02000135183334 113.20000211894512 77.20999950170517 249.43000115454197 74.81999945640564 174.61000169813633 20.139999821782112 9.820000126957893 150.2700009047985 278.15000097453594 74.81999945640564 7.130000114440918 103.02000135183334 0 174.61000169813633 103.53999927639961 113.20000211894512 0 0 0 174.61000169813633 113.20000211894512 0 12.169999718666077 74.81999945640564 35.07999983429909 103.53999927639961 0 0 0 103.02000135183334 0 9.820000126957893 0 0 102.58000038564205 487.26000271737576 653.5300035178661 -0.9999997355043888 -8.759999960660934 -0.7299999035894871 -2.939999770373106 -4.919999945908785 0.4200001433491707 351 33 26 9 8 23 17 7 10 3 9 12 20 6 3 1 8 10 2 8 1 0 3 7 8 1 5 2 6 2 6 2 4 1 0 8 0 0 1009.540006428957 2168.6100062429905 604.0700006783009 248.32000298798084 505.05000369250774 1564.5400055646896 730.5200020819902 834.0200034826994 25.919999703764915 177.440000385046 404.71000495553017 1509.5100026130676 691.5400015860796 107.6499996483326 103.02000135183334 501.0499993264675 834.0200034826994 174.43999980390072 248.32000298798084 58.079999923706055 0 238.52000081539154 595.5000026673079 248.32000298798084 38.980000495910645 211.8600026667118 173.03999961912632 89.83000093698502 174.43999980390072 381.92999951541424 119.11999981105328 518.5000019669533 103.02000135183334 0 119.36000046133995 0 0 281.2600015103817 2713.810008838773 3204.0700123757124 -2.999999061226845 -24.679999887943268 -2.189999535679817 -8.389999195933342 -13.039999835193157 -2.209999494254589 351 35 38 13 9 24 25 12 13 4 9 15 23 10 5 4 8 13 2 9 1 0 5 8 8 2 5 5 6 2 6 2 5 3 1 8 0 1 1171.440007954836 3343.4000095278025 849.6999998390675 304.520002245903 559.370003387332 2493.700009688735 1367.7200077176094 1125.9800019711256 80.23999939858913 177.440000385046 594.1400048583746 1801.4700011014938 1213.4300053715706 269.5500011742115 292.4500012546778 501.0499993264675 1125.9800019711256 174.43999980390072 304.520002245903 58.079999923706055 0 384.16999900341034 741.8100029677153 248.32000298798084 154.29000234603882 211.8600026667118 537.2100031524897 89.83000093698502 174.43999980390072 381.92999951541424 119.11999981105328 676.2200022190809 200.70000179111958 91.7499994635582 119.36000046133995 0 56.19999925792217 424.2900002449751 3862.500014618039 4595.0800168812275 -0.9999987930059433 -30.509999852627516 0.2600006125867367 -6.499998904764652 -18.029999773949385 0.9800006784498692 351 42 49 16 9 33 33 17 16 7 11 21 27 15 6 6 9 16 2 9 2 0 5 11 8 2 7 7 8 2 6 3 8 4 2 9 0 1 1872.8800089657307 4808.890006914735 1050.8699982315302 304.520002245903 1300.0000069737434 3758.0200086832047 2287.6600043028593 1470.3600043803453 214.03000137209892 370.00999949872494 1089.3900058567524 2266.0400034040213 2133.3700019568205 364.1500005722046 373.4299997538328 621.2399992197752 1470.3600043803453 174.43999980390072 304.520002245903 101.72999955713749 0 384.16999900341034 1086.190005376935 248.32000298798084 154.29000234603882 477.05000245571136 839.3600036352873 238.9100036472082 174.43999980390072 381.92999951541424 239.30999970436096 1294.0099983215332 208.64000175893307 164.78999799489975 268.27999994158745 0 56.19999925792217 682.1899999976158 5750.430014356971 6895.800017252564 1.0000015385448933 -39.04999981448054 2.7100007832050323 -3.6999984793365 -25.049999713897705 5.060000944882631 351 47 67 20 9 39 47 23 24 9 12 27 36 20 7 9 10 24 2 9 3 0 8 16 8 3 8 8 10 2 7 3 12 5 4 9 0 1 2249.6400069743395 6858.499998301268 1296.3399983495474 304.520002245903 1644.930006891489 5562.15999995172 3263.070000678301 2299.0899992734194 281.8700013309717 447.14999900758266 1492.3900060504675 3137.1899986714125 2995.7299993783236 463.8199986219406 576.4799994975328 663.6599995940924 2299.0899992734194 174.43999980390072 304.520002245903 178.86999906599522 0 664.7099957019091 1634.3800035715103 248.32000298798084 267.3400012999773 533.0400023013353 969.3400026112795 382.8700042515993 174.43999980390072 424.3499998897314 239.30999970436096 2026.389996767044 271.5600002259016 304.91999927163124 268.27999994158745 0 56.19999925792217 940.6799987107515 7790.980006322265 9390.010006606579 -0.999997965991497 -49.09999977052212 1.0700010880827904 -8.97999794781208 -34.96999962255359 3.650001283735037
352 1 0 0 0 0 0 0 0 0 0 0 1 0 0 0 0 0 1 0 0 0 0 0 0 0 0 0 0 1 0 0 0 0 0 0 0 0 103.53999927639961 0 0 0 0 0 0 0 0 0 0 103.53999927639961 0 0 0 0 0 103.53999927639961 0 0 0 0 0 0 0 0 0 0 103.53999927639961 0 0 0 0 0 0 0 0 22.759999752044678 80.77999952435493 103.53999927639961 2.2351741790771484e-8 -0.3999999985098839 1.4901161193847656e-8 0.23000001907348633 0.0 0.23000001907348633 352 7 4 2 4 3 2 1 1 1 1 2 3 1 0 1 1 1 1 4 0 0 0 1 4 0 0 1 1 1 1 0 0 1 0 1 0 0 222.34000150859356 394.18000258505344 202.02000206708908 113.20000211894512 25.739999935030937 192.16000051796436 74.81999945640564 117.34000106155872 20.139999821782112 4.380000114440918 104.24000135064125 319.8800010532141 74.81999945640564 0 103.02000135183334 99.00000071525574 117.34000106155872 103.53999927639961 113.20000211894512 0 0 0 117.34000106155872 113.20000211894512 0 0 74.81999945640564 1.219999998807907 103.53999927639961 99.00000071525574 0 0 103.02000135183334 0 4.380000114440918 0 0 76.28000029921532 497.7000034302473 636.6600039154291 1.4901161193847656e-7 -4.889999981969595 0.09000005945563316 -1.319999884814024 -2.4099999852478504 0.24000007659196854 352 18 12 3 5 12 9 2 7 1 6 6 10 2 1 1 2 7 1 5 0 0 3 4 5 0 2 1 3 1 2 0 1 1 0 6 0 0 337.9800019711256 1092.8900035768747 313.98000010848045 117.58000212907791 129.87000027298927 778.9100034683943 203.80000026524067 575.1100032031536 20.139999821782112 77.38000094890594 135.37000085413456 889.6100012362003 203.80000026524067 7.130000114440918 103.02000135183334 210.9599987566471 575.1100032031536 103.53999927639961 117.58000212907791 0 0 238.52000081539154 336.59000238776207 117.58000212907791 0 12.169999718666077 74.81999945640564 20.17999978363514 103.53999927639961 210.9599987566471 0 128.98000080883503 103.02000135183334 0 77.38000094890594 0 0 122.80000130832195 1218.7800035476685 1451.0100053697824 -4.99999950453639 -12.35999994724989 -4.729999739676714 -7.2599995620548725 -6.409999925643206 -4.059999704360962 352 31 23 8 8 24 15 6 9 4 9 14 15 5 2 3 4 9 2 8 1 0 3 6 7 1 5 2 6 2 2 2 3 3 0 8 0 1 887.0100067853928 1974.0800058543682 586.9799996167421 262.93000197410583 559.370003387332 1387.100006237626 634.1100017428398 752.9900044947863 80.23999939858913 177.440000385046 502.3900053948164 1257.5100028663874 595.1300012469292 26.71000027656555 200.70000179111958 330.0799985677004 752.9900044947863 174.43999980390072 262.93000197410583 58.079999923706055 0 238.52000081539154 514.4700036793947 206.73000271618366 38.980000495910645 211.8600026667118 173.03999961912632 89.83000093698502 174.43999980390072 210.9599987566471 119.11999981105328 422.09000162780285 200.70000179111958 0 119.36000046133995 0 56.19999925792217 298.35000225901604 2435.8700072020292 2941.33001203835 -2.9999991804361343 -23.29999990016222 -2.2799996212124825 -7.779999271035194 -12.749999850988388 -1.799999549984932 352 37 38 13 9 26 25 12 13 4 9 17 23 10 5 4 8 13 2 9 1 0 5 8 8 2 7 4 6 2 6 2 6 3 1 8 0 1 1436.6300077438354 3456.600005105138 849.6999998390675 304.520002245903 824.5600031763315 2606.9000052660704 1480.9200032949448 1125.9800019711256 80.23999939858913 177.440000385046 859.3300046473742 1801.4700011014938 1326.630000948906 269.5500011742115 292.4500012546778 501.0499993264675 1125.9800019711256 174.43999980390072 304.520002245903 58.079999923706055 0 384.16999900341034 741.8100029677153 248.32000298798084 154.29000234603882 477.05000245571136 380.30000101029873 89.83000093698502 174.43999980390072 381.92999951541424 119.11999981105328 946.3299999386072 200.70000179111958 91.7499994635582 119.36000046133995 0 56.19999925792217 474.2900007367134 4155.430009037256 4973.470012247562 -0.9999987855553627 -31.309999849647284 0.2600006051361561 -8.349998876452446 -20.49999974295497 0.7100006602704525 352 39 51 14 9 29 37 18 19 6 9 19 29 16 6 5 8 19 2 9 1 0 6 13 8 2 7 6 7 2 6 2 10 3 2 8 0 1 1646.0500101447105 5440.5200064480305 922.739998370409 304.520002245903 1016.6900071799755 4517.7800080776215 2564.3200047314167 1953.4600033462048 157.55000039935112 177.440000385046 1047.1900061815977 2628.950002476573 2410.030002385378 364.1500005722046 365.4899997860193 501.0499993264675 1953.4600033462048 174.43999980390072 304.520002245903 58.079999923706055 0 476.47999823093414 1476.9800051152706 248.32000298798084 154.29000234603882 477.05000245571136 642.4400030970573 204.65000393986702 174.43999980390072 381.92999951541424 119.11999981105328 1767.5899992883205 200.70000179111958 164.78999799489975 119.36000046133995 0 56.19999925792217 678.0500013977289 6051.790014222264 7244.120016992092 -0.9999983720481396 -38.15999981760979 0.6200008876621723 -6.349998392164707 -26.039999712258577 2.8700010292232037
353 0 1 1 0 0 0 0 0 0 0 1 0 0 0 1 0 0 0 0 0 0 0 0 0 0 0 0 0 0 0 0 0 1 0 0 0 0 0 103.02000135183334 103.02000135183334 0 0 0 0 0 0 0 103.02000135183334 0 0 0 103.02000135183334 0 0 0 0 0 0 0 0 0 0 0 0 0 0 0 0 0 103.02000135183334 0 0 0 0 32.490000784397125 55.18000018596649 103.02000135183334 -3.725290298461914e-9 -0.3999999985098839 -1.1175870895385742e-8 -0.8899999968707561 -0.9799999892711639 -1.1175870895385742e-8 353 4 4 1 3 1 3 2 1 1 0 1 2 2 0 1 0 1 1 3 0 0 0 1 3 0 0 1 0 1 0 0 1 1 0 0 0 0 216.74000139534473 424.16000267863274 103.02000135183334 113.20000211894512 20.139999821782112 321.1400013267994 203.80000026524067 117.34000106155872 20.139999821782112 0 103.02000135183334 220.88000033795834 203.80000026524067 0 103.02000135183334 0 117.34000106155872 103.53999927639961 113.20000211894512 0 0 0 117.34000106155872 113.20000211894512 0 0 74.81999945640564 0 103.53999927639961 0 0 128.98000080883503 103.02000135183334 0 0 0 0 71.91000029444695 540.2000031769276 661.0400038957596 1.0000001415610313 -3.6899999864399433 1.0900000743567944 -0.7099998854100704 -1.9399999864399433 0.6900000795722008 353 18 9 3 5 11 6 3 3 1 4 7 7 3 1 1 2 3 2 5 1 0 0 3 5 0 2 1 4 2 2 0 2 1 0 3 0 0 408.11000160872936 935.2400040030479 313.98000010848045 117.58000212907791 129.09999938309193 621.2600038945675 346.99000149965286 274.2700023949146 20.139999821782112 66.70999991893768 145.27000099420547 659.6700009554625 346.99000149965286 7.130000114440918 103.02000135183334 210.9599987566471 274.2700023949146 174.43999980390072 117.58000212907791 58.079999923706055 0 0 274.2700023949146 117.58000212907791 0 12.169999718666077 74.81999945640564 30.079999923706055 174.43999980390072 210.9599987566471 0 272.1700020432472 103.02000135183334 0 8.629999995231628 0 0 139.00000004470348 1096.8300040513277 1363.4900054335594 3.8370490074157715e-7 -11.159999951720238 0.2700001709163189 -3.429999675601721 -6.299999933689833 -0.1599998027086258 353 32 24 8 7 23 16 7 9 3 9 14 16 6 3 3 5 9 2 7 1 0 3 6 7 1 5 2 6 2 3 2 4 3 0 8 0 0 967.9500061571598 2149.1500072330236 597.5500009506941 206.73000271618366 555.7500035017729 1551.6000062823296 730.5200020819902 821.0800042003393 76.61999951303005 177.440000385046 502.3900053948164 1392.3700031638145 691.5400015860796 107.6499996483326 200.70000179111958 396.8499991595745 821.0800042003393 174.43999980390072 206.73000271618366 58.079999923706055 0 238.52000081539154 582.5600033849478 206.73000271618366 38.980000495910645 211.8600026667118 173.03999961912632 89.83000093698502 174.43999980390072 277.72999934852123 119.11999981105328 518.5000019669533 200.70000179111958 0 119.36000046133995 0 0 322.9400008916855 2647.3100095540285 3193.7200129032135 -1.9999991357326508 -23.479999892413616 -1.1899995878338814 -8.31999921426177 -14.039999824017286 -1.1399995237588882 353 36 35 13 9 26 22 9 13 5 9 16 23 7 5 4 8 13 2 9 1 0 5 8 8 2 6 3 6 2 6 2 4 3 1 8 0 1 1309.2000056058168 2882.010006457567 849.6999998390675 304.520002245903 738.7800039052963 2032.3100066184998 906.3300046473742 1125.9800019711256 133.4200008958578 177.440000385046 720.3700038790703 1801.4700011014938 752.0400023013353 281.07999980449677 292.4500012546778 501.0499993264675 1125.9800019711256 174.43999980390072 304.520002245903 58.079999923706055 0 384.16999900341034 741.8100029677153 248.32000298798084 154.29000234603882 338.0900016874075 233.54000033438206 89.83000093698502 174.43999980390072 381.92999951541424 119.11999981105328 518.5000019669533 200.70000179111958 91.7499994635582 119.36000046133995 0 56.19999925792217 420.04000256955624 3591.820008471608 4324.630012959242 -3.9999988563358784 -30.19999985396862 -2.6499994434416294 -10.099998977035284 -18.0899997651577 -2.5599994026124477 353 42 61 19 9 32 42 19 23 6 10 24 35 16 6 8 10 23 2 9 1 0 7 16 8 3 7 6 9 2 7 3 10 6 2 9 0 1 1948.1200086176395 6302.13000304997 1237.839996472001 304.520002245903 1318.7600056529045 5064.290006577969 2483.0600043982267 2581.230002179742 157.55000039935112 303.87999853491783 1375.310004338622 3419.330001577735 2215.7200030982494 364.1500005722046 517.9799976199865 663.6599995940924 2581.230002179742 174.43999980390072 304.520002245903 58.079999923706055 0 644.8499959260225 1936.3800062537193 248.32000298798084 267.3400012999773 477.05000245571136 642.4400030970573 380.2800042629242 174.43999980390072 424.3499998897314 239.30999970436096 1573.280000001192 353.1899996250868 164.78999799489975 245.79999861121178 0 56.19999925792217 842.5900009721518 6979.270009145141 8407.80001206696 -3.999998178333044 -43.35999979823828 -2.37999901548028 -8.64999819174409 -27.81999969854951 -0.8099988400936127
354 1 0 0 1 0 0 0 0 0 0 0 0 0 0 0 0 0 0 1 0 0 0 0 1 0 0 0 0 0 0 0 0 0 0 0 0 0 50.620000407099724 0 0 50.620000407099724 0 0 0 0 0 0 0 0 0 0 0 0 0 0 50.620000407099724 0 0 0 0 50.620000407099724 0 0 0 0 0 0 0 0 0 0 0 0 0 3.0799999237060547 44.50000052154064 50.620000407099724 7.450580596923828e-9 -0.3999999985098839 0.0 0.09000000357627869 0.0 0.0 354 9 3 2 4 4 1 1 0 1 1 3 2 1 1 1 1 0 1 4 1 0 0 0 4 0 2 0 0 1 1 0 1 1 0 0 0 0 294.1200011521578 331.0000028759241 202.02000206708908 113.20000211894512 90.38999946415424 128.98000080883503 128.98000080883503 0 20.139999821782112 58.079999923706055 115.19000107049942 202.53999999165535 128.98000080883503 7.130000114440918 103.02000135183334 99.00000071525574 0 103.53999927639961 113.20000211894512 58.079999923706055 0 0 0 113.20000211894512 0 12.169999718666077 0 0 103.53999927639961 99.00000071525574 0 128.98000080883503 103.02000135183334 0 0 0 0 77.1900003105402 486.2800034582615 645.260003849864 1.0000001303851604 -5.1599999740719795 1.2700000293552876 -0.6299999207258224 -2.9199999757111073 0.9500000216066837 354 25 14 4 5 18 10 5 5 2 8 10 9 4 2 2 2 5 2 5 1 0 2 3 5 1 3 2 5 2 1 1 2 2 0 7 0 0 766.1900057792664 1250.720004528761 343.5100008100271 117.58000212907791 460.5600038766861 907.2100037187338 484.1900021582842 423.0200015604496 74.45999951660633 139.46000088751316 390.17000409960747 797.4400015473366 445.21000166237354 88.06999948620796 143.53000062704086 199.98000018298626 423.0200015604496 174.43999980390072 117.58000212907791 58.079999923706055 0 148.74999916553497 274.2700023949146 117.58000212907791 38.980000495910645 161.81000244617462 173.03999961912632 84.83000102639198 174.43999980390072 99.00000071525574 100.97999946773052 272.1700020432472 143.53000062704086 0 81.3800009638071 0 0 260.18000142276287 1669.5200065076351 2091.3700098246336 5.774199962615967e-7 -16.319999925792217 0.5400002636015415 -5.139999456703663 -10.11999986693263 0.4800003208220005 354 35 30 10 9 24 20 8 12 4 9 14 20 7 5 3 6 12 2 9 1 0 4 8 8 1 5 3 6 2 4 2 4 3 0 8 0 1 1182.9700065851212 2538.5300058722496 713.7200000882149 304.520002245903 559.370003387332 1824.8100057840347 791.020002797246 1033.7900029867887 80.23999939858913 177.440000385046 502.3900053948164 1665.0500018298626 752.0400023013353 281.07999980449677 200.70000179111958 456.8199990391731 1033.7900029867887 174.43999980390072 304.520002245903 58.079999923706055 0 291.9800000190735 741.8100029677153 248.32000298798084 38.980000495910645 211.8600026667118 233.54000033438206 89.83000093698502 174.43999980390072 337.69999922811985 119.11999981105328 518.5000019669533 200.70000179111958 0 119.36000046133995 0 56.19999925792217 339.64000102877617 3197.380008712411 3801.74001185596 -3.999998938292265 -27.309999864548445 -2.73999947309494 -10.16999902203679 -16.619999777525663 -2.0999994054436684 354 38 45 16 9 27 29 12 17 5 9 19 28 10 6 6 9 17 2 9 1 0 6 11 8 2 6 5 7 2 6 3 5 5 1 8 0 1 1426.5300060808659 4048.870003834367 1040.7499981671572 304.520002245903 773.0400036126375 3008.1200056672096 1385.530004069209 1622.5900015980005 133.4200008958578 177.440000385046 825.4900020211935 2418.2700006216764 1231.2400017231703 364.1500005722046 363.3099996894598 621.2399992197752 1622.5900015980005 174.43999980390072 304.520002245903 58.079999923706055 0 501.19999642670155 1121.390005171299 248.32000298798084 154.29000234603882 338.0900016874075 485.5300009548664 124.09000064432621 174.43999980390072 381.92999951541424 239.30999970436096 745.7100007683039 271.5600002259016 91.7499994635582 119.36000046133995 0 56.19999925792217 576.1899999380112 4632.570007845759 5608.8200108110905 -4.999998599290848 -34.86999982967973 -3.4699992798268795 -8.119998663663864 -20.229999743402004 -1.5099991634488106 354 46 72 22 10 38 50 22 28 9 12 28 40 19 7 10 10 28 3 10 3 1 8 20 8 3 7 8 10 2 7 3 11 7 3 9 0 2 2171.17000579834 7563.4100065380335 1370.9199980795383 341.06000243127346 1552.1900057345629 6192.490008458495 3066.550003349781 3125.940005108714 267.6000013500452 424.669997677207 1475.1900057643652 3964.040004506707 2799.2100020498037 463.8199986219406 614.5199990421534 663.6599995940924 3125.940005108714 175.18999981880188 341.06000243127346 178.86999906599522 0.7500000149011612 716.0499959737062 2409.890009135008 248.32000298798084 267.3400012999773 477.05000245571136 969.3400026112795 382.8700042515993 174.43999980390072 424.3499998897314 239.30999970436096 1829.8699994385242 413.68000100553036 200.839998036623 245.79999861121178 0 92.73999944329262 1031.670001283288 8256.610011160374 10002.93001370132 -5.9999978467822075 -51.09999976307154 -3.929998829960823 -11.139997825026512 -35.36999962106347 -0.6399986259639263
355 0 0 0 0 1 0 0 0 1 0 0 0 0 0 0 0 0 0 0 0 0 0 0 0 0 0 0 0 0 0 0 0 0 0 0 0 0 0 0 0 0 20.139999821782112 0 0 0 20.139999821782112 0 0 0 0 0 0 0 0 0 0 0 0 0 0 0 0 0 0 0 0 0 0 0 0 0 0 0 0 1.900000050663948 0.0 20.139999821782112 1.1175870895385742e-8 -0.48999999836087227 0.09000000357627869 0.10999999567866325 0.019999992102384567 0.0 355 7 3 2 3 3 1 1 0 1 1 2 2 1 1 1 1 0 1 3 0 0 0 0 3 0 1 0 0 1 1 0 1 1 0 1 0 0 165.66999991238117 331.0000028759241 202.02000206708908 50.620000407099724 24.51999993622303 128.98000080883503 128.98000080883503 0 20.139999821782112 4.380000114440918 103.02000135183334 202.53999999165535 128.98000080883503 7.130000114440918 103.02000135183334 99.00000071525574 0 103.53999927639961 50.620000407099724 0 0 0 0 50.620000407099724 0 0.0 0 0 103.53999927639961 99.00000071525574 0 128.98000080883503 103.02000135183334 0 4.380000114440918 0 0 67.90000046789646 395.63000217080116 516.8100026100874 1.0000001154839993 -4.359999977052212 1.2700000293552876 -0.8299999386072159 -2.4499999769032 0.860000018030405 355 16 12 4 4 11 8 3 5 1 5 7 8 2 1 2 2 5 1 4 0 0 2 3 4 1 2 1 3 1 1 1 1 2 0 5 0 0 333.17000195384026 1028.200003966689 343.5100008100271 113.20000211894512 129.44000026583672 684.690003156662 242.7800007611513 441.9100023955107 20.139999821782112 76.95000094175339 175.88000012934208 745.4300018548965 203.80000026524067 7.130000114440918 143.53000062704086 199.98000018298626 441.9100023955107 103.53999927639961 113.20000211894512 0 0 148.74999916553497 293.1600032299757 113.20000211894512 38.980000495910645 12.169999718666077 74.81999945640564 20.17999978363514 103.53999927639961 99.00000071525574 100.97999946773052 128.98000080883503 143.53000062704086 0 76.95000094175339 0 0 119.54000125825405 1163.4000040441751 1381.5100057423115 -1.9999995790421963 -11.559999950230122 -1.7299997992813587 -5.029999651014805 -5.9399999268352985 -1.8999997861683369 355 31 26 8 8 22 18 7 11 2 8 15 17 6 2 3 4 11 2 8 1 0 4 7 7 1 6 3 6 2 2 2 3 3 0 7 0 1 1034.510006904602 2169.070004761219 586.9799996167421 262.93000197410583 589.6800033301115 1582.090005144477 694.6100024580956 887.4800026863813 22.299999818205833 139.46000088751316 628.6200044155121 1392.0000010579824 655.6300019621849 85.960000872612 200.70000179111958 330.0799985677004 887.4800026863813 174.43999980390072 262.93000197410583 58.079999923706055 0 291.9800000190735 595.5000026673079 206.73000271618366 38.980000495910645 338.0900016874075 233.54000033438206 89.83000093698502 174.43999980390072 210.9599987566471 119.11999981105328 422.09000162780285 200.70000179111958 0 81.3800009638071 0 56.19999925792217 287.3200026601553 2713.35000705719 3225.880011484027 -3.9999990984797478 -23.519999898970127 -3.4599995464086533 -8.779999140650034 -14.039999824017286 -2.129999451339245 355 36 36 12 9 26 24 10 14 4 9 16 24 9 4 3 8 14 2 9 1 0 5 9 8 1 7 4 6 2 6 2 5 3 0 8 0 1 1353.5600069761276 3210.8500047028065 757.9500003755093 304.520002245903 824.5600031763315 2452.900004327297 1164.9900022745132 1287.910002052784 80.23999939858913 177.440000385046 767.580005183816 1963.4000011831522 1126.0100017786026 186.48000040650368 200.70000179111958 501.0499993264675 1287.910002052784 174.43999980390072 304.520002245903 58.079999923706055 0 384.16999900341034 903.7400030493736 248.32000298798084 38.980000495910645 477.05000245571136 380.30000101029873 89.83000093698502 174.43999980390072 381.92999951541424 119.11999981105328 745.7100007683039 200.70000179111958 0 119.36000046133995 0 56.19999925792217 436.68999992311 3865.8000084757805 4644.650011077523 -3.999998800456524 -30.23999986052513 -2.91999938338995 -10.339998882263899 -19.229999762028456 -2.1499993205070496 355 41 57 16 9 30 41 18 23 5 11 20 34 16 6 6 9 23 2 9 2 0 8 15 8 2 7 6 7 2 6 3 10 4 2 9 0 1 1842.6900055408478 6323.680009931326 1170.5699995607138 304.520002245903 1189.2000030726194 5153.110010370612 2564.3200047314167 2588.7900056391954 133.4200008958578 347.52999816834927 1155.3700031936169 3430.4800065606833 2410.030002385378 364.1500005722046 447.1199991852045 667.2500011175871 2588.7900056391954 174.43999980390072 304.520002245903 101.72999955713749 0 773.2899982482195 1815.500007390976 248.32000298798084 154.29000234603882 477.05000245571136 642.4400030970573 231.200001552701 174.43999980390072 381.92999951541424 285.32000160217285 1767.5899992883205 282.33000119030476 164.78999799489975 245.79999861121178 0 56.19999925792217 843.270003259182 6850.310011833906 8299.790016368032 -4.999998215585947 -40.869999807327986 -3.4699990078806877 -10.139998205006123 -29.17999968677759 -0.5799988508224487
356 0 1 1 0 0 0 0 0 0 0 0 1 0 0 0 1 0 0 0 0 0 0 0 0 0 0 0 0 0 1 0 0 0 0 0 0 0 0 99.00000071525574 99.00000071525574 0 0 0 0 0 0 0 0 99.00000071525574 0 0 0 99.00000071525574 0 0 0 0 0 0 0 0 0 0 0 0 0 99.00000071525574 0 0 0 0 0 0 0 2.359999895095825 81.44000101089478 99.00000071525574 7.450580596923828e-9 -0.3999999985098839 0.0 -0.06999999284744263 -0.4699999988079071 0.0 356 7 3 1 2 4 2 0 2 1 3 0 4 0 1 0 1 2 1 2 0 0 2 0 2 0 0 0 0 1 1 0 0 0 0 3 0 0 233.99000085890293 247.7499998807907 99.00000071525574 50.620000407099724 92.84000088274479 148.74999916553497 0 148.74999916553497 20.139999821782112 72.70000106096268 0 351.2899991571903 0 7.130000114440918 0 99.00000071525574 148.74999916553497 103.53999927639961 50.620000407099724 0 0 148.74999916553497 0 50.620000407099724 0 0 0 0 103.53999927639961 99.00000071525574 0 0 0 0 72.70000106096268 0 0 66.56000085175037 388.71000020205975 501.88000056147575 -1.9999998286366463 -4.359999977052212 -1.729999914765358 -2.319999862462282 -1.979999978095293 -1.4999999105930328 356 15 13 5 5 10 8 3 5 1 5 6 8 2 1 2 2 5 1 5 0 0 2 3 4 1 1 1 3 1 1 1 1 2 0 5 0 1 321.0000022351742 1001.5600041002035 316.8700009435415 169.4000013768673 117.27000054717064 684.690003156662 242.7800007611513 441.9100023955107 20.139999821782112 76.95000094175339 163.710000410676 662.5900027304888 203.80000026524067 7.130000114440918 143.53000062704086 117.14000105857849 441.9100023955107 103.53999927639961 169.4000013768673 0 0 148.74999916553497 293.1600032299757 113.20000211894512 38.980000495910645 0.0 74.81999945640564 20.17999978363514 103.53999927639961 99.00000071525574 18.140000343322754 128.98000080883503 143.53000062704086 0 76.95000094175339 0 56.19999925792217 124.68000142276287 1120.47000426054 1342.7000061571598 -1.9999995939433575 -11.559999950230122 -1.72999981418252 -4.7999997064471245 -5.429999936372042 -2.0899998284876347 356 28 25 8 8 20 17 6 11 2 8 13 16 5 2 3 4 11 1 8 1 0 4 7 7 1 5 2 5 1 2 2 3 3 0 7 0 1 940.9500065892935 2154.8700021654367 586.9799996167421 262.93000197410583 567.020003542304 1567.8900025486946 680.4099998623133 887.4800026863813 22.299999818205833 139.46000088751316 605.9600046277046 1321.1000005304813 641.4299993664026 85.960000872612 200.70000179111958 330.0799985677004 887.4800026863813 103.53999927639961 262.93000197410583 58.079999923706055 0 291.9800000190735 595.5000026673079 206.73000271618366 38.980000495910645 320.43000181019306 135.32000017166138 84.83000102639198 103.53999927639961 210.9599987566471 119.11999981105328 506.10999919474125 200.70000179111958 0 81.3800009638071 0 56.19999925792217 238.36000216007233 2671.770005390048 3118.120008572936 -4.999999165534973 -21.91999990493059 -4.459999583661556 -8.119999211281538 -12.659999836236238 -2.539999507367611 356 35 34 12 9 25 22 11 11 4 8 17 20 10 4 4 7 11 2 9 1 0 4 7 8 1 7 4 6 2 5 2 6 3 1 7 0 1 1315.5800074785948 3166.990002900362 771.0199990272522 304.520002245903 786.5800036787987 2395.97000387311 1508.4900011867285 887.4800026863813 80.23999939858913 139.46000088751316 840.6200037151575 1503.000001937151 1469.5100006908178 186.48000040650368 273.7400003224611 441.0799994468689 887.4800026863813 174.43999980390072 304.520002245903 58.079999923706055 0 291.9800000190735 595.5000026673079 248.32000298798084 38.980000495910645 477.05000245571136 380.30000101029873 89.83000093698502 174.43999980390072 321.9599996358156 119.11999981105328 1089.209999680519 200.70000179111958 73.03999853134155 81.3800009638071 0 56.19999925792217 396.32000175118446 3841.84000569582 4562.810009777546 1.087784767150879e-6 -29.03999986499548 1.080000527203083 -6.309998970478773 -18.7199997715652 2.0800006091594696 356 39 56 17 9 28 39 17 22 4 11 20 33 15 5 7 9 22 2 9 3 0 9 13 8 2 7 5 6 2 7 2 10 5 2 8 0 1 1557.4200068861246 6180.520002633333 1279.2799958884716 304.520002245903 945.3500023186207 4901.240006744862 2459.090004786849 2442.1500019580126 80.23999939858913 298.22999952733517 1128.6800024062395 3277.8699993789196 2304.80000244081 269.5500011742115 561.7999990135431 661.2799976170063 2442.1500019580126 174.43999980390072 304.520002245903 178.86999906599522 0 865.5999974757433 1576.5500044822693 248.32000298798084 154.29000234603882 477.05000245571136 537.2100031524897 89.83000093698502 174.43999980390072 542.159997805953 119.11999981105328 1767.5899992883205 397.0100010186434 164.78999799489975 119.36000046133995 0 56.19999925792217 797.2100000232458 6427.340009227395 7818.180008918047 -4.999998323619366 -39.30999981984496 -3.739999081939459 -11.759998351335526 -28.429999705404043 -1.7499989606440067
357 1 0 0 0 1 0 0 0 0 1 0 0 0 0 0 0 0 0 0 0 0 0 0 0 0 0 0 0 0 0 0 0 0 0 1 0 0 4.380000114440918 0 0 0 4.380000114440918 0 0 0 0 4.380000114440918 0 0 0 0 0 0 0 0 0 0 0 0 0 0 0 0 0 0 0 0 0 0 0 0 4.380000114440918 0 0 3.6600000858306885 0.7200000286102295 4.380000114440918 7.450580596923828e-9 -0.3999999985098839 0.0 -0.41999998688697815 -0.5099999904632568 0.09000000357627869 357 9 4 1 2 7 3 1 2 1 4 2 4 1 0 0 1 2 1 2 0 0 1 1 2 0 0 1 2 1 1 0 0 0 0 4 0 0 197.43000011146069 319.3200022429228 99.00000071525574 0.0 114.03000065684319 220.32000152766705 74.81999945640564 145.5000020712614 20.139999821782112 73.71000105142593 20.17999978363514 348.04000206291676 74.81999945640564 0 0 99.00000071525574 145.5000020712614 103.53999927639961 0.0 0 0 69.34000059962273 76.16000147163868 0.0 0 0 74.81999945640564 20.17999978363514 103.53999927639961 99.00000071525574 0 0 0 0 73.71000105142593 0 0 71.38000074028969 409.7800018340349 536.8900021761656 -0.9999997951090336 -5.689999978989363 -0.9099998995661736 -2.469999819993973 -2.959999967366457 -0.5799998752772808 357 19 18 6 7 13 12 4 8 2 6 7 12 3 1 2 3 8 1 7 0 0 3 5 6 1 2 1 3 1 2 1 2 2 0 6 0 1 409.1500029116869 1496.3000032305717 428.8299989849329 224.7300017029047 152.25000089406967 1067.4700042456388 392.70000034570694 674.7700038999319 22.299999818205833 77.38000094890594 196.10000075399876 1007.4100022763014 353.7199998497963 7.130000114440918 143.53000062704086 229.09999909996986 674.7700038999319 103.53999927639961 224.7300017029047 0 0 238.52000081539154 436.25000308454037 168.53000244498253 38.980000495910645 32.390000343322754 74.81999945640564 20.17999978363514 103.53999927639961 210.9599987566471 18.140000343322754 278.90000039339066 143.53000062704086 0 77.38000094890594 0 56.19999925792217 145.7900019735098 1661.9800030887127 1927.7500059604645 -3.999999411404133 -15.649999935179949 -3.639999706298113 -6.719999514520168 -7.859999913722277 -2.8699996806681156 357 34 31 12 9 24 19 8 11 3 8 17 20 7 3 4 7 11 2 9 1 0 4 7 8 1 7 3 6 2 5 2 4 3 1 7 0 1 1234.6400081068277 2599.0300039052963 789.7299999594688 304.520002245903 732.2600039839745 1809.3000039458275 921.8200012594461 887.4800026863813 25.919999703764915 139.46000088751316 859.3300046473742 1503.000001937151 882.8400007635355 105.54000103473663 292.4500012546778 441.0799994468689 887.4800026863813 174.43999980390072 304.520002245903 58.079999923706055 0 291.9800000190735 595.5000026673079 248.32000298798084 38.980000495910645 477.05000245571136 233.54000033438206 89.83000093698502 174.43999980390072 321.9599996358156 119.11999981105328 649.3000004291534 200.70000179111958 91.7499994635582 81.3800009638071 0 56.19999925792217 344.24000184237957 3241.9400074929 3859.590011715889 -2.999999016523361 -27.07999987900257 -2.189999535679817 -7.849999118596315 -15.489999812096357 -1.5299994722008705 357 37 44 14 9 27 30 16 14 5 9 18 24 14 5 5 8 14 2 9 1 0 6 8 8 2 7 5 6 2 6 2 9 3 2 8 0 1 1436.6300077438354 4393.790003865957 922.739998370409 304.520002245903 848.6900026798248 3471.0500054955482 2252.760004296899 1218.2900011986494 104.36999890208244 177.440000385046 932.3700031787157 1893.7800003290176 2098.47000195086 269.5500011742115 365.4899997860193 501.0499993264675 1218.2900011986494 174.43999980390072 304.520002245903 58.079999923706055 0 476.47999823093414 741.8100029677153 248.32000298798084 154.29000234603882 477.05000245571136 537.2100031524897 89.83000093698502 174.43999980390072 381.92999951541424 119.11999981105328 1561.2599987983704 200.70000179111958 164.78999799489975 119.36000046133995 0 56.19999925792217 533.9300002157688 4993.980008810759 5934.790010511875 2.0000013522803783 -34.19999983906746 3.3500006906688213 -4.619998704642057 -22.86999973654747 4.720000792294741 357 42 55 16 9 32 39 20 19 6 12 20 30 18 6 6 9 19 2 9 3 0 6 13 8 2 7 7 7 2 7 2 11 4 2 9 0 1 1915.7600087672472 5928.810002759099 1197.6499964892864 304.520002245903 1289.7000052779913 4731.160006269813 2933.900004044175 1797.2600022256374 160.84999987483025 447.14999900758266 1161.8700060099363 2632.9799996465445 2779.6100016981363 364.1500005722046 480.16999961435795 661.2799976170063 1797.2600022256374 174.43999980390072 304.520002245903 178.86999906599522 0 476.47999823093414 1320.7800039947033 248.32000298798084 154.29000234603882 477.05000245571136 839.3600036352873 204.65000393986702 174.43999980390072 542.159997805953 119.11999981105328 1940.249998062849 315.3800016194582 164.78999799489975 268.27999994158745 0 56.19999925792217 801.7099975049496 6636.420013129711 8005.420011401176 1.0000017061829567 -40.959999807178974 2.6200009137392044 -6.92999829724431 -29.80999968573451 4.500001065433025
358 1 0 0 0 1 0 0 0 0 1 0 0 0 0 0 0 0 0 0 0 0 0 0 0 0 0 0 0 0 0 0 0 0 0 1 0 0 59.350000977516174 0 0 0 59.350000977516174 0 0 0 0 59.350000977516174 0 0 0 0 0 0 0 0 0 0 0 0 0 0 0 0 0 0 0 0 0 0 0 0 59.350000977516174 0 0 21.6200008392334 29.480000138282776 59.350000977516174 7.450580596923828e-9 -0.3999999985098839 0.0 -0.32999998331069946 -0.5099999904632568 0.09000000357627869 358 7 5 2 2 6 3 1 2 0 4 2 3 1 0 0 1 2 0 2 0 0 1 1 1 0 1 1 1 0 1 0 0 0 0 4 0 1 218.89999985694885 375.52000150084496 155.1999999731779 56.19999925792217 218.89999985694885 220.32000152766705 74.81999945640564 145.5000020712614 0 73.71000105142593 145.18999880552292 244.50000278651714 74.81999945640564 0 0 99.00000071525574 145.5000020712614 0 56.19999925792217 0 0 69.34000059962273 76.16000147163868 0.0 0 126.22999902069569 74.81999945640564 18.959999784827232 0 99.00000071525574 0 0 0 0 73.71000105142593 0 56.19999925792217 61.03000155091286 479.5499999374151 594.4200013577938 -0.9999998435378075 -4.799999982118607 -0.9999999329447746 -3.099999811500311 -4.469999939203262 -0.40999990329146385 358 16 12 4 5 10 8 4 4 1 5 5 7 3 2 1 2 4 1 5 0 0 2 2 4 1 2 1 2 1 1 1 2 1 0 5 0 1 513.2100006192923 1015.5099977850914 213.84999959170818 157.7699999809265 242.27999956905842 801.6599981933832 490.9299983382225 310.7299998551607 20.139999821782112 76.95000094175339 185.69999808073044 531.4100001901388 451.94999784231186 85.960000872612 40.50999927520752 117.14000105857849 310.7299998551607 103.53999927639961 157.7699999809265 0 0 148.74999916553497 161.98000068962574 101.57000072300434 38.980000495910645 126.22999902069569 74.81999945640564 18.959999784827232 103.53999927639961 99.00000071525574 18.140000343322754 377.1299983859062 40.50999927520752 0 76.95000094175339 0 56.19999925792217 118.10000087320805 1315.2599971294403 1548.8599982261658 4.1350722312927246e-7 -11.429999943822622 0.45000018924474716 -1.3799996562302113 -6.1899999268352985 1.2500002086162567 358 28 28 9 8 20 19 8 11 2 7 14 17 7 2 3 5 11 1 8 0 0 4 7 7 1 5 2 6 1 3 2 5 3 0 7 0 1 877.1900046169758 2632.4500016123056 624.6499998122454 262.93000197410583 503.26000156998634 2007.8000018000603 1120.319999113679 887.4800026863813 22.299999818205833 81.3800009638071 600.280002579093 1358.7700007259846 1081.3399986177683 85.960000872612 200.70000179111958 367.7499987632036 887.4800026863813 103.53999927639961 262.93000197410583 0 0 291.9800000190735 595.5000026673079 206.73000271618366 38.980000495910645 309.7499998509884 135.32000017166138 89.83000093698502 103.53999927639961 248.62999895215034 119.11999981105328 946.0199984461069 200.70000179111958 0 81.3800009638071 0 56.19999925792217 248.83000241219997 3062.230003103614 3531.9400060474873 -2.999999113380909 -23.119999900460243 -2.459999553859234 -7.299999143928289 -14.579999823123217 -0.28999946266412735 358 34 41 16 9 24 25 13 12 3 8 19 23 12 3 6 9 12 2 9 1 0 5 7 8 1 7 5 6 2 7 2 7 4 2 7 0 1 1234.6400081068277 4060.760000258684 1197.6499964892864 304.520002245903 732.2600039839745 2863.1100037693977 1883.3200018554926 979.7900019139051 25.919999703764915 139.46000088751316 1047.0500030070543 1815.5099993348122 1844.340001359582 105.54000103473663 480.16999961435795 661.2799976170063 979.7900019139051 174.43999980390072 304.520002245903 58.079999923706055 0 384.2899992465973 595.5000026673079 248.32000298798084 38.980000495910645 477.05000245571136 537.2100031524897 89.83000093698502 174.43999980390072 542.159997805953 119.11999981105328 1307.1299982070923 315.3800016194582 164.78999799489975 81.3800009638071 0 56.19999925792217 468.4400000870228 4463.500007838011 5321.320008069277 1.0000011511147022 -31.07999986410141 1.8100005574524403 -5.549998924136162 -20.739999782294035 2.730000641196966 358 40 53 16 9 30 37 17 20 5 11 20 31 15 5 6 9 20 2 9 3 0 7 13 8 2 7 5 7 2 7 2 10 4 2 8 0 1 1672.2400098890066 5716.700002223253 1197.6499964892864 304.520002245903 1084.300004824996 4519.050005733967 2459.090004786849 2059.960000947118 104.36999890208244 298.22999952733517 1161.8700060099363 2895.679998368025 2304.80000244081 269.5500011742115 480.16999961435795 661.2799976170063 2059.960000947118 174.43999980390072 304.520002245903 178.86999906599522 0 601.2399991303682 1458.7200018167496 248.32000298798084 154.29000234603882 477.05000245571136 537.2100031524897 204.65000393986702 174.43999980390072 542.159997805953 119.11999981105328 1767.5899992883205 315.3800016194582 164.78999799489975 119.36000046133995 0 56.19999925792217 719.8999991118908 6212.200011789799 7493.310011014342 -2.99999837577343 -38.999999821186066 -1.649999126791954 -10.479998424649239 -27.539999715983868 -0.029999010264873505
359 0 1 0 0 0 1 0 1 0 0 0 1 0 0 0 0 1 0 0 0 0 0 1 0 0 0 0 0 0 0 0 0 0 0 0 0 0 0 76.16000147163868 0 0 0 76.16000147163868 0 76.16000147163868 0 0 0 76.16000147163868 0 0 0 0 76.16000147163868 0 0 0 0 0 76.16000147163868 0 0 0 0 0 0 0 0 0 0 0 0 0 0 0.0 70.66000147163868 76.16000147163868 -0.999999962747097 -0.3999999985098839 -0.9999999701976776 -0.8199999630451202 0.0 -0.9099999666213989 359 7 4 1 3 5 3 2 1 0 4 1 1 2 0 0 0 1 0 3 0 0 0 1 2 0 0 1 1 0 0 0 1 0 0 4 0 1 143.62000115215778 357.0999997705221 56.19999925792217 107.14999957382679 92.67000083625317 300.90000051259995 224.73999904096127 76.16000147163868 0 73.71000105142593 18.959999784827232 76.16000147163868 224.73999904096127 0 0 0 76.16000147163868 0 107.14999957382679 0 0 0 76.16000147163868 50.95000031590462 0 0 74.81999945640564 18.959999784827232 0 0 0 149.91999958455563 0 0 73.71000105142593 0 56.19999925792217 41.46000097692013 429.3099997639656 500.7200009226799 1.0000001341104507 -4.399999983608723 1.0000000521540642 -1.3299998380243778 -3.9599999487400055 1.6500000916421413 359 19 16 5 5 14 11 7 4 2 6 6 9 6 2 0 4 4 1 5 0 0 2 2 4 1 3 2 3 1 3 1 4 0 0 6 0 1 673.7900016009808 1625.0399967134 322.96999855339527 145.34999984502792 417.44000068306923 1302.0699981600046 991.3399983048439 310.7299998551607 22.299999818205833 77.38000094890594 317.75999991595745 681.0399984270334 952.3599978089333 85.960000872612 0 266.7699992954731 310.7299998551607 103.53999927639961 145.34999984502792 0 0 148.74999916553497 161.98000068962574 89.15000058710575 38.980000495910645 297.5800001323223 135.32000017166138 20.17999978363514 103.53999927639961 248.62999895215034 18.140000343322754 817.0399976372719 0 0 77.38000094890594 0 56.19999925792217 164.0200017094612 2003.9699966907501 2321.1299981325865 3.0000005401670933 -14.719999931752682 3.540000256150961 0.570000484585762 -8.619999904185534 4.5600003041327 359 31 37 14 9 22 23 11 12 3 7 17 21 10 3 5 8 12 1 9 0 0 5 7 8 1 6 4 6 1 6 2 6 3 2 7 0 1 956.020004928112 3644.699999153614 1022.9999967813492 304.520002245903 524.5400013327599 2621.700002372265 1641.9100004583597 979.7900019139051 25.919999703764915 81.3800009638071 782.7300004512072 1684.6399989277124 1602.929999962449 105.54000103473663 365.4899997860193 601.3099977374077 979.7900019139051 103.53999927639961 304.520002245903 0 0 384.2899992465973 595.5000026673079 248.32000298798084 38.980000495910645 327.4099997282028 438.990002989769 89.83000093698502 103.53999927639961 482.1899979263544 119.11999981105328 1163.93999697268 200.70000179111958 164.78999799489975 81.3800009638071 0 56.19999925792217 350.8300004899502 3958.9500036090612 4626.640003785491 -0.9999989420175552 -28.279999874532223 -0.18999948352575302 -5.899999018758535 -18.379999805241823 1.6200005933642387 359 41 46 16 9 30 30 16 14 4 12 20 25 14 5 6 9 14 2 9 3 0 7 7 8 2 7 5 7 2 7 2 9 4 2 9 0 1 1821.160009369254 4647.150002583861 1197.6499964892864 304.520002245903 1178.9000046104193 3449.500006094575 2252.760004296899 1196.740001797676 50.049999207258224 447.14999900758266 1161.8700060099363 2032.459999218583 2098.47000195086 269.5500011742115 480.16999961435795 661.2799976170063 1196.740001797676 174.43999980390072 304.520002245903 178.86999906599522 0 601.2399991303682 595.5000026673079 248.32000298798084 154.29000234603882 477.05000245571136 537.2100031524897 204.65000393986702 174.43999980390072 542.159997805953 119.11999981105328 1561.2599987983704 315.3800016194582 164.78999799489975 268.27999994158745 0 56.19999925792217 586.3600001335144 5468.070011124015 6518.360011160374 2.00000137463212 -36.10999983176589 3.2600006759166718 -5.369998689740896 -25.129999730736017 4.540000773966312 359 41 55 19 9 33 36 19 17 7 12 21 30 17 5 7 11 17 2 9 3 0 7 10 8 2 7 7 7 2 8 3 10 4 3 9 0 1 1821.160009369254 5923.16000457108 1623.5800002217293 304.520002245903 1353.150005325675 4299.580004349351 2757.140003427863 1542.4400009214878 224.29999992251396 447.14999900758266 1265.9500072449446 2700.0100008398294 2602.8500010818243 269.5500011742115 584.2500008493662 983.1300001144409 1542.4400009214878 174.43999980390072 304.520002245903 178.86999906599522 0 601.2399991303682 941.2000017911196 248.32000298798084 154.29000234603882 477.05000245571136 839.3600036352873 204.65000393986702 174.43999980390072 691.0599974244833 292.0700026899576 1763.489997446537 315.3800016194582 268.869999229908 268.27999994158745 0 56.19999925792217 804.8499992489815 6572.300013959408 7968.620013862848 2.000001609325409 -41.17999981343746 3.5300008207559586 -5.369998417794704 -29.499999701976776 5.660000957548618
360 1 0 0 0 1 0 0 0 0 0 1 0 0 0 0 0 0 0 0 0 0 0 0 0 0 0 0 1 0 0 0 0 0 0 0 0 0 18.959999784827232 0 0 0 18.959999784827232 0 0 0 0 0 18.959999784827232 0 0 0 0 0 0 0 0 0 0 0 0 0 0 0 0 18.959999784827232 0 0 0 0 0 0 0 0 0 7.899999812245369 3.0999999344348907 18.959999784827232 7.450580596923828e-9 -0.3999999985098839 0.0 -0.5799999833106995 -0.9799999892711639 0.09000000357627869 360 10 5 1 2 9 4 2 2 1 4 4 3 2 0 0 1 2 0 2 0 0 0 2 2 0 1 1 3 0 1 0 1 0 0 4 0 0 182.23000140488148 498.6799977719784 111.95999804139137 50.95000031590462 133.44000108540058 386.719999730587 224.73999904096127 161.98000068962574 2.1599999964237213 73.71000105142593 57.570000037550926 273.9399987310171 224.73999904096127 0 0 111.95999804139137 161.98000068962574 0 50.95000031590462 0 0 0 161.98000068962574 50.95000031590462 0 32.390000343322754 74.81999945640564 25.179999694228172 0 111.95999804139137 0 149.91999958455563 0 0 73.71000105142593 0 0 55.85000114142895 586.8399976789951 683.0699991732836 2.1979212760925293e-7 -6.4899999760091305 0.09000010043382645 -0.7799997813999653 -3.4499999582767487 1.0700001530349255 360 25 18 8 9 18 10 4 6 3 7 10 12 3 1 2 5 6 1 9 0 0 2 4 8 1 3 2 5 1 4 1 1 1 1 7 0 1 537.9500034451485 1344.220004349947 524.299999460578 304.520002245903 192.4300007224083 819.920004889369 324.22000025212765 495.70000463724136 25.919999703764915 81.3800009638071 279.9000008702278 872.5700033009052 285.239999756217 19.580000162124634 194.77000081539154 273.32999938726425 495.70000463724136 103.53999927639961 304.520002245903 0 0 159.1100022494793 336.59000238776207 248.32000298798084 38.980000495910645 50.050000220537186 135.32000017166138 35.07999983429909 103.53999927639961 255.1899990439415 18.140000343322754 149.91999958455563 103.02000135183334 91.7499994635582 81.3800009638071 0 56.19999925792217 195.98000147938728 1580.69000518322 1908.0900074988604 -1.9999994114041328 -18.539999924600124 -1.5499997586011887 -5.199999559670687 -8.799999911338091 -0.8099997341632843 360 35 39 13 9 26 26 14 12 5 9 16 22 12 4 4 8 12 2 9 1 0 5 7 8 2 6 5 6 2 6 2 7 3 1 8 0 1 1206.0500056445599 3706.4900070279837 849.6999998390675 304.520002245903 699.0499999523163 2856.790007188916 1877.120005518198 979.6700016707182 104.36999890208244 177.440000385046 709.6900019198656 1655.1600008010864 1722.8300031721592 188.61000180244446 292.4500012546778 501.0499993264675 979.6700016707182 174.43999980390072 304.520002245903 58.079999923706055 0 384.16999900341034 595.5000026673079 248.32000298798084 154.29000234603882 327.4099997282028 537.2100031524897 89.83000093698502 174.43999980390072 381.92999951541424 119.11999981105328 1185.6200000196695 200.70000179111958 91.7499994635582 119.36000046133995 0 56.19999925792217 467.4500011652708 4201.210008442402 5016.910011574626 2.0000012144446373 -31.52999985590577 3.170000609010458 -4.889998883008957 -20.639999765902758 3.6900006718933582 360 41 47 16 9 33 31 17 14 7 12 20 25 15 5 6 9 14 2 9 3 0 6 8 8 2 7 6 7 2 7 2 9 4 2 9 0 1 1821.160009369254 4865.620002523065 1197.6499964892864 304.520002245903 1353.150005325675 3667.970006033778 2449.680004835129 1218.2900011986494 224.29999992251396 447.14999900758266 1161.8700060099363 2054.0099986195564 2295.39000248909 269.5500011742115 480.16999961435795 661.2799976170063 1218.2900011986494 174.43999980390072 304.520002245903 178.86999906599522 0 476.47999823093414 741.8100029677153 248.32000298798084 154.29000234603882 477.05000245571136 734.1300036907196 204.65000393986702 174.43999980390072 542.159997805953 119.11999981105328 1561.2599987983704 315.3800016194582 164.78999799489975 268.27999994158745 0 56.19999925792217 699.8799992054701 5697.190011948347 6911.080011814833 3.000001437962055 -37.97999982535839 4.53000070899725 -5.119998604059219 -27.619999706745148 5.990000814199448 360 43 56 18 9 35 38 20 18 8 12 22 30 18 6 7 10 18 2 9 3 0 7 11 8 2 7 7 8 2 8 2 11 4 3 9 0 1 1950.0200084745884 5970.380000546575 1450.629997342825 304.520002245903 1440.5900065302849 4519.75000320375 2929.8000022023916 1589.950001001358 277.48000141978264 447.14999900758266 1300.2100069522858 2574.5699980407953 2775.509999856353 364.1500005722046 584.2500008493662 810.1799972355366 1589.950001001358 174.43999980390072 304.520002245903 178.86999906599522 0 601.2399991303682 988.7100018709898 248.32000298798084 154.29000234603882 477.05000245571136 839.3600036352873 238.9100036472082 174.43999980390072 691.0599974244833 119.11999981105328 1936.1499962210655 315.3800016194582 268.869999229908 268.27999994158745 0 56.19999925792217 844.6799998730421 6749.860010445118 8197.880010440946 2.000001698732376 -42.73999980092049 3.800000876188278 -6.129998307675123 -30.829999674111605 5.740001030266285
361 0 1 0 0 0 1 1 0 0 0 0 0 1 0 0 0 0 0 0 0 0 0 0 0 0 0 0 0 0 0 0 1 0 0 0 0 0 0 149.91999958455563 0 0 0 149.91999958455563 149.91999958455563 0 0 0 0 0 149.91999958455563 0 0 0 0 0 0 0 0 0 0 0 0 0 0 0 0 0 0 149.91999958455563 0 0 0 0 0 0.20000000298023224 146.5399995148182 149.91999958455563 1.0000000223517418 -0.3999999985098839 1.0000000149011612 0.8900000303983688 -0.4699999988079071 1.2700000256299973 361 5 4 1 2 4 3 1 2 1 1 2 3 1 0 0 1 2 0 2 0 0 0 2 2 0 1 0 1 0 1 0 1 0 0 1 0 0 144.90000070631504 349.5700004696846 37.670000195503235 92.5400005877018 54.520000115036964 311.90000027418137 149.91999958455563 161.98000068962574 2.1599999964237213 1.0099999904632568 51.350000128149986 199.65000088512897 149.91999958455563 0 0 37.670000195503235 161.98000068962574 0 92.5400005877018 0 0 0 161.98000068962574 92.5400005877018 0 32.390000343322754 0 18.959999784827232 0 37.670000195503235 0 149.91999958455563 0 0 1.0099999904632568 0 0 25.570000305771828 443.27000054717064 496.63000117242336 -0.9999998472630978 -4.089999984949827 -0.9099999219179153 -0.8999998345971107 -2.429999977350235 0.3300001248717308 361 18 15 6 6 15 9 6 3 2 5 9 7 5 0 1 4 3 0 6 0 0 1 2 5 1 4 3 4 0 3 1 2 0 1 5 0 1 545.3000016212463 1255.7800012975931 322.2799973934889 186.9400001168251 420.3400006443262 933.5000039041042 681.7500015646219 251.7500023394823 5.779999881982803 74.14000105857849 432.1699991673231 426.0800010114908 642.7700010687113 0 91.7499994635582 174.32999867200851 251.7500023394823 0 186.9400001168251 0 0 89.77000164985657 161.98000068962574 130.74000085890293 38.980000495910645 315.24000000953674 292.2300023138523 25.179999694228172 0 156.18999832868576 18.140000343322754 350.53999875485897 0 91.7499994635582 74.14000105857849 0 56.19999925792217 140.31000089645386 1575.230001449585 1806.8600028008223 3.000000435858965 -14.179999947547913 3.180000174790621 0.2700003497302532 -7.799999922513962 3.800000201910734 361 35 40 15 9 26 25 13 12 4 9 19 21 11 4 6 8 12 1 9 0 0 6 6 8 2 6 4 7 1 7 1 7 4 2 9 0 1 1340.8100076764822 3998.1400002092123 1096.669997021556 304.520002245903 850.3900028169155 2901.4700031876564 1929.1500029861927 972.3200002014637 50.049999207258224 268.27999994158745 1012.2300032824278 1636.159997627139 1774.8600006401539 188.61000180244446 480.16999961435795 560.2999981492758 972.3200002014637 103.53999927639961 304.520002245903 0 0 476.47999823093414 495.84000197052956 248.32000298798084 154.29000234603882 327.4099997282028 438.990002989769 204.65000393986702 103.53999927639961 542.159997805953 18.140000343322754 1335.869997650385 315.3800016194582 164.78999799489975 268.27999994158745 0 56.19999925792217 493.0300005078316 4499.200006350875 5389.000007092953 1.000001147389412 -31.439999856054783 2.0800005421042442 -3.119998939335346 -20.419999808073044 4.13000064343214 361 41 52 18 9 33 34 17 17 7 12 21 29 15 5 7 10 17 2 9 3 0 7 10 8 2 7 6 7 2 8 2 9 4 3 9 0 1 1821.160009369254 5442.7500030994415 1450.629997342825 304.520002245903 1353.150005325675 3992.1200057566166 2449.680004835129 1542.4400009214878 224.29999992251396 447.14999900758266 1265.9500072449446 2527.059997960925 2295.39000248909 269.5500011742115 584.2500008493662 810.1799972355366 1542.4400009214878 174.43999980390072 304.520002245903 178.86999906599522 0 601.2399991303682 941.2000017911196 248.32000298798084 154.29000234603882 477.05000245571136 734.1300036907196 204.65000393986702 174.43999980390072 691.0599974244833 119.11999981105328 1561.2599987983704 315.3800016194582 268.869999229908 268.27999994158745 0 56.19999925792217 781.0799995660782 6139.980012536049 7488.21001239121 1.5497207641601563e-6 -39.97999981790781 1.5300007835030556 -7.949998497962952 -28.559999704360962 3.0300008952617645 361 43 59 19 9 34 40 21 19 7 12 22 33 19 5 7 11 19 3 9 3 0 7 12 8 2 7 7 8 3 8 3 12 4 3 9 0 1 2039.8600103855133 6487.1700014323 1623.5800002217293 304.520002245903 1387.4100050330162 4863.59000121057 3109.2900014668703 1754.2999997437 224.29999992251396 447.14999900758266 1300.2100069522858 3096.3100009709597 2954.9999991208315 269.5500011742115 584.2500008493662 983.1300001144409 1754.2999997437 358.8800011128187 304.520002245903 178.86999906599522 0 601.2399991303682 1153.0600006133318 248.32000298798084 154.29000234603882 477.05000245571136 839.3600036352873 238.9100036472082 358.8800011128187 691.0599974244833 292.0700026899576 2115.639995485544 315.3800016194582 268.869999229908 268.27999994158745 0 56.19999925792217 926.709998100996 7182.760013595223 8751.330011740327 2.000001758337021 -43.579999804496765 3.530000925064087 -5.729998253285885 -31.279999688267708 5.7900010868906975
362 1 0 0 0 1 0 0 0 0 0 1 0 0 0 0 0 0 0 0 0 0 0 0 0 0 1 0 0 0 0 0 0 0 0 0 0 0 32.390000343322754 0 0 0 32.390000343322754 0 0 0 0 0 32.390000343322754 0 0 0 0 0 0 0 0 0 0 0 0 0 0 32.390000343322754 0 0 0 0 0 0 0 0 0 0 0 15.020000457763672 15.199999809265137 32.390000343322754 7.450580596923828e-9 -0.3999999985098839 0.0 0.07000002264976501 -0.5099999904632568 0.27000001072883606 362 7 6 3 2 6 3 1 2 1 0 6 4 1 0 1 2 2 0 2 0 0 1 1 2 0 2 0 3 0 2 0 1 0 1 0 0 0 167.77000050246716 461.49000020325184 135.97999975085258 92.5400005877018 77.38999991118908 325.51000045239925 149.91999958455563 175.59000086784363 2.1599999964237213 0 166.97999937832355 219.82000115513802 149.91999958455563 0 91.7499994635582 44.23000028729439 175.59000086784363 0 92.5400005877018 0 0 89.77000164985657 85.81999921798706 92.5400005877018 0 50.050000220537186 0 25.179999694228172 0 44.23000028729439 0 149.91999958455563 0 91.7499994635582 0 0 0 63.579999536275864 540.4900006949902 631.4200007021427 -0.9999998323619366 -5.689999978989363 -0.9099999368190765 -1.949999876320362 -3.369999974966049 -0.4899999275803566 362 21 16 5 6 16 11 5 6 3 5 9 10 4 2 1 4 6 0 6 0 0 2 4 6 1 2 2 6 0 4 0 2 0 1 5 0 0 553.070006147027 1466.6100049614906 307.9099976718426 197.70000258088112 282.63000202178955 1158.700007289648 640.1500042676926 518.5500030219555 29.909999385476112 52.76999957859516 291.7000025212765 734.7100012302399 524.8400024175644 102.65000092983246 91.7499994635582 216.15999820828438 518.5500030219555 0 197.70000258088112 0 0 181.96000063419342 336.59000238776207 197.70000258088112 115.31000185012817 50.050000220537186 231.73000159859657 149.9000028371811 0 216.15999820828438 0 293.1100008189678 0 91.7499994635582 52.76999957859516 0 0 189.6399994790554 1735.6300092190504 2049.5900104939938 -0.9999994188547134 -16.00999992713332 -0.3699997253715992 -3.1299995221197605 -7.919999938458204 -0.14999967068433762 362 33 31 10 9 28 21 12 9 7 9 14 18 10 2 2 7 9 2 9 0 0 2 7 8 2 6 5 6 2 6 1 5 1 1 9 0 1 1271.0000062286854 3030.510008648038 651.0399999320507 304.520002245903 969.8900024294853 2379.470008715987 1555.3600058108568 824.1100029051304 224.29999992251396 268.27999994158745 672.0800033807755 1398.620002567768 1401.070003464818 102.65000092983246 194.77000081539154 400.069999858737 824.1100029051304 174.43999980390072 304.520002245903 0 0 181.96000063419342 642.150002270937 248.32000298798084 154.29000234603882 327.4099997282028 635.9100035279989 149.9000028371811 174.43999980390072 381.92999951541424 18.140000343322754 765.1599999368191 103.02000135183334 91.7499994635582 268.27999994158745 0 56.19999925792217 482.1000003963709 3704.1400120556355 4525.810014799237 3.0000010430812836 -28.769999880343676 3.990000505000353 -1.7499990239739418 -19.289999809116125 5.8400005884468555 362 41 49 16 9 33 33 19 14 7 12 20 25 17 5 6 9 14 2 9 3 0 6 8 8 2 7 7 7 2 7 2 10 4 2 9 0 1 1821.160009369254 5143.510001242161 1197.6499964892864 304.520002245903 1353.150005325675 3945.8600047528744 2727.570003554225 1218.2900011986494 224.29999992251396 447.14999900758266 1161.8700060099363 2054.0099986195564 2573.280001208186 269.5500011742115 480.16999961435795 661.2799976170063 1218.2900011986494 174.43999980390072 304.520002245903 178.86999906599522 0 476.47999823093414 741.8100029677153 248.32000298798084 154.29000234603882 477.05000245571136 839.3600036352873 204.65000393986702 174.43999980390072 542.159997805953 119.11999981105328 1733.9199975728989 315.3800016194582 164.78999799489975 268.27999994158745 0 56.19999925792217 721.1199984997511 5945.300011277199 7188.970010533929 5.000001490116119 -38.77999982237816 6.530000746250153 -2.7299985364079475 -27.619999706745148 7.890000872313976 362 43 59 19 9 35 40 22 18 8 12 23 30 19 6 8 10 18 2 9 3 0 7 11 8 3 7 7 8 2 8 2 12 5 3 9 0 1 1950.0200084745884 6270.859998732805 1458.5699973106384 304.520002245903 1440.5900065302849 4812.290001422167 3222.340000420809 1589.950001001358 277.48000141978264 447.14999900758266 1308.1500069200993 2574.5699980407953 2954.9999991208315 364.1500005722046 592.1900008171797 810.1799972355366 1589.950001001358 174.43999980390072 304.520002245903 178.86999906599522 0 601.2399991303682 988.7100018709898 248.32000298798084 267.3400012999773 477.05000245571136 839.3600036352873 238.9100036472082 174.43999980390072 691.0599974244833 119.11999981105328 2115.639995485544 323.3200015872717 268.869999229908 268.27999994158745 0 56.19999925792217 865.8699996173382 7020.7600088864565 8498.360008627176 4.000001735985279 -43.93999979645014 5.800000891089439 -3.0899982526898384 -30.75999967381358 8.44000107422471
363 0 1 1 0 0 0 0 0 0 0 0 1 0 0 0 1 0 0 0 0 0 0 0 0 0 0 0 0 0 1 0 0 0 0 0 0 0 0 37.670000195503235 37.670000195503235 0 0 0 0 0 0 0 0 37.670000195503235 0 0 0 37.670000195503235 0 0 0 0 0 0 0 0 0 0 0 0 0 37.670000195503235 0 0 0 0 0 0 0 0.0 36.510000228881836 37.670000195503235 7.450580596923828e-9 -0.3999999985098839 0.0 0.09000000357627869 0.0 0.0 363 4 5 3 2 4 2 2 0 2 0 3 2 2 0 1 2 0 0 2 0 0 0 0 2 0 1 1 1 0 2 0 1 0 1 0 0 0 129.93000084161758 442.81000147759914 135.97999975085258 92.5400005877018 63.67999975383282 306.83000172674656 306.83000172674656 0 26.28999949991703 0 129.13999971747398 44.23000028729439 306.83000172674656 0 91.7499994635582 44.23000028729439 0 0 92.5400005877018 0 0 0 0 92.5400005877018 0 32.390000343322754 156.91000214219093 4.999999910593033 0 44.23000028729439 0 149.91999958455563 0 91.7499994635582 0 0 0 70.58999912440777 510.9300026446581 599.0300018191338 2.000000111758709 -4.5799999833106995 2.180000029504299 1.5300000868737698 -2.8799999840557575 2.410000041127205 363 17 12 4 4 14 8 5 3 3 4 8 6 4 2 1 3 3 0 4 0 0 1 2 4 1 2 2 5 0 3 0 2 0 1 4 0 0 582.7700041532516 1088.0600065141916 195.9499996304512 130.74000085890293 379.29000174999237 892.1100068837404 640.3600045442581 251.7500023394823 29.909999385476112 159.3299994468689 281.80000238120556 355.9500025063753 525.05000269413 102.65000092983246 91.7499994635582 104.200000166893 251.7500023394823 0 130.74000085890293 0 0 89.77000164985657 161.98000068962574 130.74000085890293 115.31000185012817 50.050000220537186 217.41000285744667 140.00000269711018 0 104.200000166893 0 307.6399998366833 0 91.7499994635582 159.3299994468689 0 0 157.8499999344349 1465.160009548068 1700.7400100529194 2.0000004321336746 -12.80999993905425 2.6300001852214336 1.320000320672989 -6.0299999602139 3.1700002141296864 363 30 31 9 8 26 22 13 9 5 9 14 15 11 2 2 6 9 0 8 1 0 3 6 7 2 6 5 6 0 5 1 6 0 2 8 0 1 1119.8400056362152 3035.8900028169155 522.0599963963032 253.9000018388033 969.3300025314093 2513.8300064206123 1782.5700046122074 731.2600018084049 149.84000040590763 342.1799995601177 642.1000005602837 1032.3300009518862 1628.2800022661686 102.65000092983246 164.78999799489975 301.06999914348125 731.2600018084049 0 253.9000018388033 77.13999950885773 0 235.41999983787537 495.84000197052956 197.70000258088112 154.29000234603882 327.4099997282028 635.9100035279989 149.9000028371811 0 282.9299988001585 18.140000343322754 992.3699987381697 0 164.78999799489975 265.04000005126 0 56.19999925792217 401.07000041007996 3597.5000061541796 4305.570008859038 4.0000009797513485 -26.58999988809228 4.810000479221344 1.5700009278953075 -16.81999983265996 6.65000057220459 363 39 53 17 9 31 36 20 16 7 11 20 27 18 5 7 9 16 2 9 2 0 7 9 8 2 6 7 7 2 7 2 11 4 3 9 0 1 1613.4400067180395 5724.819998607039 1301.7299977242947 304.520002245903 1145.4300026744604 4423.090000882745 2980.3100006580353 1442.7800002247095 224.29999992251396 389.0699990838766 1116.310004517436 2278.4999976456165 2826.0199983119965 269.5500011742115 584.2500008493662 661.2799976170063 1442.7800002247095 174.43999980390072 304.520002245903 120.78999914228916 0 601.2399991303682 841.5400010943413 248.32000298798084 154.29000234603882 327.4099997282028 839.3600036352873 204.65000393986702 174.43999980390072 542.159997805953 119.11999981105328 1986.6599946767092 315.3800016194582 268.869999229908 268.27999994158745 0 56.19999925792217 771.8799986988306 6240.320006027818 7562.560005247593 4.000001564621925 -39.579999819397926 5.530000805854797 -2.1399984508752823 -27.469999723136425 7.840000964701176 363 43 60 19 9 36 41 22 19 8 12 23 32 19 5 7 11 19 2 9 3 0 7 12 8 3 8 7 8 2 8 3 12 4 3 9 0 1 1911.4100089222193 6600.220000386238 1623.5800002217293 304.520002245903 1513.1300037056208 4976.640000164509 3222.340000420809 1754.2999997437 294.02999874949455 447.14999900758266 1356.2000067979097 2911.8699996620417 2954.9999991208315 269.5500011742115 584.2500008493662 983.1300001144409 1754.2999997437 174.43999980390072 304.520002245903 178.86999906599522 0 601.2399991303682 1153.0600006133318 248.32000298798084 267.3400012999773 533.0400023013353 839.3600036352873 238.9100036472082 174.43999980390072 691.0599974244833 292.0700026899576 2115.639995485544 315.3800016194582 268.869999229908 268.27999994158745 0 56.19999925792217 956.8899976760149 7205.3200101703405 8805.660008057952 3.000001773238182 -44.46999980136752 4.620000924915075 -5.959998227655888 -32.85999966785312 6.740001086145639
364 0 1 1 0 0 0 0 0 0 0 1 0 0 0 1 0 0 0 0 0 0 0 0 0 0 0 0 0 0 0 0 0 0 1 0 0 0 0 91.7499994635582 91.7499994635582 0 0 0 0 0 0 0 91.7499994635582 0 0 0 91.7499994635582 0 0 0 0 0 0 0 0 0 0 0 0 0 0 0 0 0 0 91.7499994635582 0 0 0 17.729999482631683 71.84999990463257 91.7499994635582 -7.450580596923828e-9 -0.3999999985098839 -1.4901161193847656e-8 -0.39000001549720764 -0.4699999988079071 -0.23000001907348633 364 4 5 3 1 4 2 2 0 1 1 3 2 1 0 1 2 0 0 1 0 0 0 0 1 1 2 1 0 0 2 0 0 0 1 1 0 0 240.55999997258186 408.2000037431717 135.97999975085258 41.59000027179718 223.099999204278 272.2200039923191 272.2200039923191 0 24.12999950349331 148.9199994802475 141.79999968409538 44.23000028729439 156.91000214219093 0 91.7499994635582 44.23000028729439 0 0 41.59000027179718 0 0 0 0 41.59000027179718 115.31000185012817 50.050000220537186 156.91000214219093 0 0 44.23000028729439 0 0 0 91.7499994635582 148.9199994802475 0 0 124.45000022649765 519.9200028330088 672.8900032192469 2.0000000968575478 -4.089999984949827 2.09000002220273 1.3100000768899918 -3.3899999745190144 2.080000016838312 364 13 11 4 3 13 7 4 3 5 2 7 6 3 2 1 3 3 0 3 0 0 2 1 3 1 2 2 4 0 3 0 1 0 1 2 0 0 572.7900041937828 1082.7900035977364 195.9499996304512 130.74000085890293 489.24000281095505 886.8400039672852 619.0600041151047 267.7799998521805 149.84000040590763 149.34999948740005 281.80000238120556 371.9800000190735 503.7500022649765 102.65000092983246 91.7499994635582 104.200000166893 267.7799998521805 0 130.74000085890293 0 0 181.96000063419342 85.81999921798706 130.74000085890293 115.31000185012817 50.050000220537186 353.8300026804209 140.00000269711018 0 104.200000166893 0 149.91999958455563 0 91.7499994635582 149.34999948740005 0 0 242.14999951422215 1437.920007392764 1805.4200081974268 1.0000004023313522 -11.789999943226576 1.8100001774728298 -0.9599996730685234 -8.029999937862158 1.7800001837313175 364 23 21 6 6 20 15 9 6 5 7 9 11 8 2 1 5 6 0 6 0 0 2 4 6 1 2 4 6 0 5 0 4 0 1 7 0 0 705.9900056421757 2044.9300073981285 374.6799982637167 197.70000258088112 555.4800025373697 1670.2500091344118 1151.7000061124563 518.5500030219555 149.84000040590763 205.68999907374382 291.7000025212765 801.480001822114 1036.3900042623281 102.65000092983246 91.7499994635582 282.9299988001585 518.5500030219555 0 197.70000258088112 0 0 181.96000063419342 336.59000238776207 197.70000258088112 115.31000185012817 50.050000220537186 489.15000285208225 149.9000028371811 0 282.9299988001585 0 547.2400014102459 0 91.7499994635582 205.68999907374382 0 0 296.24999974668026 2413.0200108736753 2900.760013446212 3.0000007301568985 -19.789999913424253 3.810000356286764 0.7400006391108036 -10.899999905377626 4.300000421702862 364 36 40 11 9 29 29 17 12 6 10 17 20 15 3 4 6 12 2 9 1 0 4 8 8 2 6 7 7 2 5 1 8 1 3 9 0 1 1483.830006211996 4131.000001519918 729.1599989831448 304.520002245903 1081.6400032192469 3401.8400025367737 2359.3000026643276 1042.539999872446 204.16000010073185 345.4199994504452 903.9500042498112 1518.049998819828 2205.010000318289 183.5900003015995 371.89000058174133 301.06999914348125 1042.539999872446 174.43999980390072 304.520002245903 77.13999950885773 0 327.72999906539917 714.8100008070469 248.32000298798084 154.29000234603882 327.4099997282028 839.3600036352873 204.65000393986702 174.43999980390072 282.9299988001585 18.140000343322754 1365.6499966830015 103.02000135183334 268.869999229908 268.27999994158745 0 56.19999925792217 631.77000002563 4791.4800054878 5818.990007832646 5.000001281499863 -32.94999985769391 6.0800006575882435 0.9900012537837029 -21.029999781399965 8.050000797957182 364 43 59 19 9 35 40 22 18 7 12 24 30 19 5 8 10 18 2 9 3 0 7 11 8 3 8 7 8 2 8 2 12 4 4 9 0 1 1911.4100089222193 6298.969998806715 1486.6799973845482 304.520002245903 1443.4000048786402 4812.290001422167 3222.340000420809 1589.950001001358 224.29999992251396 447.14999900758266 1392.250006839633 2574.5699980407953 2954.9999991208315 269.5500011742115 620.3000008910894 810.1799972355366 1589.950001001358 174.43999980390072 304.520002245903 178.86999906599522 0 601.2399991303682 988.7100018709898 248.32000298798084 267.3400012999773 533.0400023013353 839.3600036352873 238.9100036472082 174.43999980390072 691.0599974244833 119.11999981105328 2115.639995485544 315.3800016194582 304.91999927163124 268.27999994158745 0 56.19999925792217 881.989998370409 6950.360008656979 8434.680007651448 4.000001709908247 -43.579999804496765 5.530000876635313 -5.629998285323381 -32.409999661147594 7.510001037269831
365 0 1 0 0 0 1 1 0 0 0 0 0 1 0 0 0 0 0 0 0 0 0 0 0 0 0 1 0 0 0 0 0 0 0 0 0 0 0 156.91000214219093 0 0 0 156.91000214219093 156.91000214219093 0 0 0 0 0 156.91000214219093 0 0 0 0 0 0 0 0 0 0 0 0 0 156.91000214219093 0 0 0 0 0 0 0 0 0 0 9.82999962568283 140.42000260949135 156.91000214219093 1.0000000298023224 -0.3999999985098839 1.0000000223517418 1.1100000366568565 -0.4699999988079071 1.1800000295042992 365 3 4 3 1 3 1 1 0 1 1 2 2 1 0 1 2 0 0 1 0 0 0 0 1 0 0 1 1 0 2 0 0 0 1 1 0 0 305.3300027549267 292.8900018930435 135.97999975085258 41.59000027179718 287.8700019866228 156.91000214219093 156.91000214219093 0 24.12999950349331 148.9199994802475 206.5700024664402 44.23000028729439 156.91000214219093 0 91.7499994635582 44.23000028729439 0 0 41.59000027179718 0 0 0 0 41.59000027179718 0 0 156.91000214219093 114.820003002882 0 44.23000028729439 0 0 0 91.7499994635582 148.9199994802475 0 0 72.25999917089939 529.1000048965216 622.3500041514635 1.0000000707805157 -3.2899999879300594 1.0900000110268593 0.8000000454485416 -2.3699999935925007 1.0800000056624413 365 11 10 4 3 11 6 6 0 5 2 5 3 5 2 1 3 0 0 3 0 0 0 0 3 1 2 2 2 0 3 0 3 0 1 2 0 0 552.6100044101477 1190.6500025242567 195.9499996304512 130.74000085890293 469.0600030273199 994.7000028938055 994.7000028938055 0 149.84000040590763 149.34999948740005 261.6200025975704 104.200000166893 879.3900010436773 102.65000092983246 91.7499994635582 104.200000166893 0 0 130.74000085890293 0 0 0 0 130.74000085890293 115.31000185012817 50.050000220537186 353.8300026804209 119.82000291347504 0 104.200000166893 0 525.5599983632565 0 91.7499994635582 149.34999948740005 0 0 228.45999993383884 1556.2200068980455 1893.100007340312 6.000000320374966 -10.589999947696924 6.810000117868185 5.010000266134739 -7.009999956935644 7.130000147968531 365 23 26 8 4 22 18 10 8 5 8 12 13 9 2 3 5 8 0 4 2 0 3 5 4 1 3 4 6 0 4 1 5 0 3 6 0 0 894.4000037163496 2565.1500028669834 457.98000033199787 130.74000085890293 810.8500023335218 2107.1700025349855 1477.860003888607 629.3099986463785 149.84000040590763 322.09999810159206 607.7800030559301 818.4199997484684 1362.5500020384789 102.65000092983246 268.869999229908 189.11000110208988 629.3099986463785 0 130.74000085890293 120.78999914228916 0 235.41999983787537 393.88999880850315 130.74000085890293 115.31000185012817 189.01000098884106 561.0900040715933 149.9000028371811 0 170.97000075876713 18.140000343322754 801.4599979668856 0 268.869999229908 201.3099989593029 0 0 340.8599997162819 3014.1900074630976 3609.3900069892406 2.000000812113285 -21.789999905973673 2.8100004009902477 0.720000721514225 -12.789999883621931 4.1700004525482655 365 35 46 13 8 30 33 20 13 6 11 18 21 18 3 5 7 13 1 8 2 0 4 9 7 2 6 7 7 1 6 1 11 2 3 9 0 1 1371.2100075483322 5107.799997732043 958.2199969142675 253.9000018388033 1140.7000019848347 4149.580000817776 2980.3100006580353 1169.2700001597404 219.56999923288822 389.0699990838766 972.7800038903952 1701.4699981212616 2826.0199983119965 181.48000168800354 440.7200002223253 461.29999743402004 1169.2700001597404 70.9000005275011 253.9000018388033 120.78999914228916 0 327.72999906539917 841.5400010943413 197.70000258088112 154.29000234603882 327.4099997282028 839.3600036352873 204.65000393986702 70.9000005275011 443.1599970906973 18.140000343322754 1986.6599946767092 171.85000099241734 268.869999229908 268.27999994158745 0 56.19999925792217 692.519997432828 5523.59000711143 6698.580004513264 7.0000013671815395 -34.94999985024333 8.080000706017017 1.5400013700127602 -24.239999763667583 10.340000867843628 365 44 62 19 10 39 43 25 18 11 12 24 30 21 5 8 10 18 2 10 3 0 7 11 9 4 8 7 8 2 8 2 14 4 4 9 0 1 2107.6400088965893 6841.449995607138 1486.6799973845482 500.750002220273 1679.5800028443336 5354.7699982225895 3700.1299991756678 1654.6399990469217 460.47999788820744 447.14999900758266 1392.250006839633 2639.259996086359 3345.389998227358 269.5500011742115 620.3000008910894 810.1799972355366 1654.6399990469217 174.43999980390072 500.750002220273 178.86999906599522 0 601.2399991303682 1053.3999999165535 444.55000296235085 354.7400009483099 533.0400023013353 839.3600036352873 238.9100036472082 174.43999980390072 691.0599974244833 119.11999981105328 2506.0299945920706 315.3800016194582 304.91999927163124 268.27999994158745 0 56.19999925792217 1098.1099965423346 7608.370005264878 9409.570002391934 7.000001825392246 -47.13999979197979 8.890000931918621 -3.269998162984848 -35.79999964311719 10.460001099854708
366 0 0 0 0 1 0 0 0 1 0 0 0 0 0 0 0 0 0 0 0 0 0 0 0 0 0 0 0 0 0 0 0 0 0 0 0 0 0 0 0 0 24.12999950349331 0 0 0 24.12999950349331 0 0 0 0 0 0 0 0 0 0 0 0 0 0 0 0 0 0 0 0 0 0 0 0 0 0 0 0 20.359999611973763 2.319999933242798 24.12999950349331 1.1175870895385742e-8 -0.48999999836087227 0.09000000357627869 1.1175870895385742e-8 -0.48999999836087227 0.09000000357627869 366 2 6 3 0 5 3 3 0 3 1 2 2 2 0 1 2 0 0 0 0 0 0 0 0 1 0 2 1 0 2 0 0 0 1 1 0 0 263.7400024831295 605.1200042814016 135.97999975085258 0 407.80000300705433 469.14000453054905 469.14000453054905 0 144.06000052392483 148.9199994802475 206.5700024664402 44.23000028729439 353.8300026804209 0 91.7499994635582 44.23000028729439 0 0 0 0 0 0 0 0 115.31000185012817 0 353.8300026804209 114.820003002882 0 44.23000028729439 0 0 0 91.7499994635582 148.9199994802475 0 0 177.06999982893467 766.9500066936016 1012.920007288456 3.0000001341104507 -4.669999983161688 3.2700000517070293 2.7300001084804535 -3.859999980777502 2.9900000356137753 366 8 8 4 1 9 4 3 1 4 1 5 4 2 2 1 3 1 0 1 0 0 1 0 1 1 2 2 2 0 3 0 0 0 1 1 0 0 463.03000381588936 757.2800031453371 195.9499996304512 41.59000027179718 465.01000313460827 561.3300035148859 469.14000453054905 92.18999898433685 146.22000052034855 148.9199994802475 261.6200025975704 196.38999915122986 353.8300026804209 102.65000092983246 91.7499994635582 104.200000166893 92.18999898433685 0 41.59000027179718 0 0 92.18999898433685 0 41.59000027179718 115.31000185012817 50.050000220537186 353.8300026804209 119.82000291347504 0 104.200000166893 0 0 0 91.7499994635582 148.9199994802475 0 0 232.01999965310097 1030.290006890893 1366.530007481575 2.0000002570450306 -8.099999956786633 2.720000099390745 1.2100001871585846 -5.599999960511923 2.3200000785291195 366 15 15 5 3 15 10 7 3 5 3 8 7 6 2 1 4 3 0 3 0 0 2 1 3 1 2 2 5 0 4 0 4 0 1 3 0 0 620.6700038313866 1546.8800060153008 262.7200002223253 130.74000085890293 537.1200024485588 1284.1600057929754 1016.380005940795 267.7799998521805 149.84000040590763 187.3299989849329 291.7000025212765 438.7500006109476 901.0700040906668 102.65000092983246 91.7499994635582 170.97000075876713 267.7799998521805 0 130.74000085890293 0 0 181.96000063419342 85.81999921798706 130.74000085890293 115.31000185012817 50.050000220537186 353.8300026804209 149.9000028371811 0 170.97000075876713 0 547.2400014102459 0 91.7499994635582 187.3299989849329 0 0 275.0499996840954 1878.7800080478191 2317.390010252595 4.000000491738319 -14.18999993428588 4.810000222176313 2.4000004082918167 -8.429999936372042 4.650000248104334 366 25 29 8 6 21 21 13 8 5 7 11 15 12 2 2 6 8 1 6 0 0 2 6 6 1 3 6 6 1 5 1 6 0 2 7 0 0 789.0600058883429 2997.9400057196617 496.8999998420477 197.70000258088112 567.6500022560358 2501.040005877614 1794.2700040340424 706.7700018435717 149.84000040590763 205.68999907374382 407.9500034749508 1078.740001514554 1678.9600021839142 102.65000092983246 195.83000069856644 301.06999914348125 706.7700018435717 70.9000005275011 197.70000258088112 0 0 181.96000063419342 524.8100012093782 197.70000258088112 115.31000185012817 62.21999993920326 741.1400034725666 149.9000028371811 70.9000005275011 282.9299988001585 18.140000343322754 937.8199987113476 0 195.83000069856644 205.68999907374382 0 0 376.37999853491783 3305.130011498928 3936.840012013912 5.000000938773155 -23.789999898523092 5.810000490397215 2.3600008971989155 -14.389999855309725 6.9200005903840065 366 47 53 14 11 35 39 25 14 7 13 22 22 21 7 7 6 14 2 11 4 0 4 10 10 4 7 8 8 2 5 1 13 3 4 9 0 1 2521.2700052708387 5839.479996293783 937.0600000172853 706.5600020438433 1384.9700023978949 4902.419996276498 3685.639996036887 1216.7800002396107 208.55000001192093 554.1099991649389 1202.100004836917 1692.2899991869926 3330.8999950885773 520.050000295043 579.7900016158819 301.06999914348125 1216.7800002396107 174.43999980390072 706.5600020438433 285.8299992233515 0 327.72999906539917 889.0500011742115 650.3600027859211 354.7400009483099 383.3999995738268 1066.2200023680925 238.9100036472082 174.43999980390072 282.9299988001585 18.140000343322754 2264.6799927204847 274.8700023442507 304.91999927163124 268.27999994158745 0 56.19999925792217 956.0599979758263 7019.310002118349 8569.300001576543 11.000001657754183 -42.519999794662 12.890000831335783 2.7200016863644123 -31.04999965801835 14.680001012980938
367 1 0 0 0 1 0 0 0 0 1 0 0 0 0 0 0 0 0 0 0 0 0 0 0 0 0 0 0 0 0 0 0 0 0 1 0 0 148.9199994802475 0 0 0 148.9199994802475 0 0 0 0 148.9199994802475 0 0 0 0 0 0 0 0 0 0 0 0 0 0 0 0 0 0 0 0 0 0 0 0 148.9199994802475 0 0 20.59000039100647 119.63999891281128 148.9199994802475 7.450580596923828e-9 -0.3999999985098839 0.0 -0.4899999797344208 -0.9799999892711639 0.09000000357627869 367 2 3 1 0 5 2 2 0 3 1 2 0 2 0 1 0 0 0 0 0 0 0 0 0 0 0 2 1 0 0 0 0 0 1 1 0 0 263.7400024831295 445.5800021439791 91.7499994635582 0 407.80000300705433 353.8300026804209 353.8300026804209 0 144.06000052392483 148.9199994802475 206.5700024664402 0 353.8300026804209 0 91.7499994635582 0 0 0 0 0 0 0 0 0 0 0 353.8300026804209 114.820003002882 0 0 0 0 0 91.7499994635582 148.9199994802475 0 0 151.42999900877476 640.4300053417683 853.3800051510334 2.000000100582838 -3.469999987632036 2.2700000405311584 1.3400001116096973 -3.859999980777502 2.400000050663948 367 4 6 3 1 5 3 3 0 3 1 2 2 2 1 1 2 0 0 1 0 0 0 0 1 1 0 2 1 0 2 0 0 0 1 1 0 0 388.4000035226345 605.1200042814016 135.97999975085258 41.59000027179718 407.80000300705433 469.14000453054905 469.14000453054905 0 144.06000052392483 148.9199994802475 206.5700024664402 44.23000028729439 353.8300026804209 83.07000076770782 91.7499994635582 44.23000028729439 0 0 41.59000027179718 0 0 0 0 41.59000027179718 115.31000185012817 0 353.8300026804209 114.820003002882 0 44.23000028729439 0 0 0 91.7499994635582 148.9199994802475 0 0 186.23999966681004 876.5000078380108 1137.580008327961 3.000000160187483 -5.339999973773956 3.4500000588595867 2.3800001442432404 -4.659999962896109 3.35000004991889 367 11 10 4 3 11 6 5 1 5 2 5 4 4 2 1 3 1 0 3 0 0 1 0 3 1 2 2 2 0 3 0 2 0 1 2 0 0 552.6100044101477 1064.9200029820204 195.9499996304512 130.74000085890293 469.0600030273199 868.9700033515692 776.7800043672323 92.18999898433685 149.84000040590763 149.34999948740005 261.6200025975704 196.38999915122986 661.4700025171041 102.65000092983246 91.7499994635582 104.200000166893 92.18999898433685 0 130.74000085890293 0 0 92.18999898433685 0 130.74000085890293 115.31000185012817 50.050000220537186 353.8300026804209 119.82000291347504 0 104.200000166893 0 307.6399998366833 0 91.7499994635582 149.34999948740005 0 0 234.45999969542027 1425.5100070983171 1767.3700077980757 4.000000335276127 -10.589999947696924 4.810000132769346 2.8100002631545067 -6.539999958127737 4.770000148564577 367 21 23 7 6 18 16 10 6 5 5 10 11 9 2 2 5 6 0 6 0 0 2 4 6 1 2 3 6 0 5 0 6 0 2 5 0 0 826.2900038212538 2498.840006813407 478.75999949872494 331.3500008434057 542.1300024539232 2020.080007314682 1540.6500047594309 479.4300025552511 149.84000040590763 192.33999899029732 395.7800037562847 762.3600013554096 1425.3400029093027 102.65000092983246 195.83000069856644 282.9299988001585 479.4300025552511 0 331.3500008434057 0 0 181.96000063419342 297.4700019210577 331.3500008434057 115.31000185012817 50.050000220537186 414.3300033956766 149.9000028371811 0 282.9299988001585 0 1011.0099995136261 0 195.83000069856644 192.33999899029732 0 0 349.3700001388788 2898.7800086289644 3474.9700110405684 4.000000722706318 -19.789999913424253 4.8100003488361835 2.9500006586313248 -11.369999904185534 5.780000422149897 367 42 51 14 10 31 37 23 14 7 10 20 22 21 8 6 7 14 1 10 3 0 4 10 9 2 6 8 8 1 6 1 13 2 4 7 0 1 2379.3900053203106 5827.869991093874 1042.2199957966805 655.9400016367435 1206.560003221035 4785.6499952971935 3568.869995057583 1216.7800002396107 277.04000064730644 433.43999837338924 1032.130001977086 1737.6499995291233 3340.509994253516 779.2299998402596 536.0499977767467 449.9699987620115 1216.7800002396107 70.9000005275011 655.9400016367435 227.74999929964542 0 327.72999906539917 889.0500011742115 599.7400023788214 228.36000080406666 257.1700005531311 1066.2200023680925 238.9100036472082 70.9000005275011 431.8299984186888 18.140000343322754 2274.2899918854237 231.1299985051155 304.91999927163124 205.68999907374382 0 56.19999925792217 967.3999963402748 6916.170000523329 8484.299997061491 9.000001590698957 -39.58999979868531 11.070000812411308 2.9900016486644745 -29.51999968662858 13.600001011043787
368 0 0 0 0 1 0 0 0 1 0 0 0 0 0 0 0 0 0 0 0 0 0 0 0 0 0 0 0 0 0 0 0 0 0 0 0 0 0 0 0 0 63.450000047683716 0 0 0 63.450000047683716 0 0 0 0 0 0 0 0 0 0 0 0 0 0 0 0 0 0 0 0 0 0 0 0 0 0 0 0 20.740000009536743 10.859999656677246 63.450000047683716 1.1175870895385742e-8 -0.48999999836087227 0.09000000357627869 1.1175870895385742e-8 -0.48999999836087227 0.09000000357627869 368 2 1 0 0 5 1 1 0 3 1 1 0 1 0 0 0 0 0 0 0 0 0 0 0 0 0 1 1 0 0 0 0 0 0 1 0 0 263.7400024831295 196.92000053822994 0 0 407.80000300705433 196.92000053822994 196.92000053822994 0 144.06000052392483 148.9199994802475 114.820003002882 0 196.92000053822994 0 0 0 0 0 0 0 0 0 0 0 0 0 196.92000053822994 114.820003002882 0 0 0 0 0 0 148.9199994802475 0 0 123.86999990046024 428.16000282764435 604.7200035452843 1.0000000782310963 -2.6699999906122684 1.2700000330805779 0.6200000904500484 -2.919999983161688 1.4500000402331352 368 3 5 2 0 5 3 3 0 3 1 2 1 2 1 1 1 0 0 0 0 0 0 0 0 1 0 2 1 0 1 0 0 0 1 1 0 0 346.8100032508373 567.4500040858984 98.30999955534935 0 407.80000300705433 469.14000453054905 469.14000453054905 0 144.06000052392483 148.9199994802475 206.5700024664402 6.560000091791153 353.8300026804209 83.07000076770782 91.7499994635582 6.560000091791153 0 0 0 0 0 0 0 0 115.31000185012817 0 353.8300026804209 114.820003002882 0 6.560000091791153 0 0 0 91.7499994635582 148.9199994802475 0 0 186.23999966681004 798.4000073373318 1058.3200078606606 3.0000001452863216 -4.5399999767541885 3.4500000588595867 2.200000137090683 -4.659999962896109 3.2600000463426113 368 8 8 4 1 8 4 3 1 3 1 5 4 2 2 1 3 1 0 1 0 0 1 0 1 1 2 2 2 0 3 0 0 0 1 1 0 0 463.03000381588936 757.2800031453371 195.9499996304512 41.59000027179718 462.85000313818455 561.3300035148859 469.14000453054905 92.18999898433685 144.06000052392483 148.9199994802475 261.6200025975704 196.38999915122986 353.8300026804209 102.65000092983246 91.7499994635582 104.200000166893 92.18999898433685 0 41.59000027179718 0 0 92.18999898433685 0 41.59000027179718 115.31000185012817 50.050000220537186 353.8300026804209 119.82000291347504 0 104.200000166893 0 0 0 91.7499994635582 148.9199994802475 0 0 231.599999666214 1028.5500068813562 1364.3700074851513 2.0000002458691597 -7.60999995842576 2.6300000958144665 0.6100001931190491 -6.10999995097518 2.230000074952841 368 18 20 5 5 16 15 10 5 5 4 8 9 9 2 1 4 5 0 5 1 0 2 3 5 1 2 3 5 0 4 0 6 0 1 3 0 0 937.8200038224459 2274.200005248189 262.7200002223253 340.930000692606 644.0800026059151 2011.4800050258636 1540.1200042366982 471.3600007891655 149.84000040590763 294.28999914228916 291.7000025212765 642.3300015479326 1424.81000238657 102.65000092983246 91.7499994635582 170.97000075876713 471.3600007891655 0 340.930000692606 106.96000015735626 0 181.96000063419342 289.4000001549721 340.930000692606 115.31000185012817 50.050000220537186 459.06000262498856 149.9000028371811 0 170.97000075876713 0 965.7499997615814 0 91.7499994635582 187.3299989849329 0 0 396.2699975967407 2743.7000091820955 3361.8600094765425 5.000000663101673 -17.38999992236495 5.810000333935022 3.780000627040863 -10.42999990656972 6.160000402480364 368 36 44 11 9 26 33 21 12 6 9 16 19 18 6 5 6 12 1 9 2 0 2 10 8 3 4 8 7 1 6 0 10 1 4 7 1 0 2216.1900034695864 4921.890002682805 735.9999982565641 861.8200018256903 939.6700020283461 4185.890004426241 3093.980000242591 1091.91000418365 204.16000010073185 433.1399995982647 707.6400016844273 1493.5400036126375 2778.2199997901917 547.9599991887808 405.26999935507774 330.7299989014864 1091.91000418365 70.9000005275011 861.8200018256903 205.12000012397766 0 181.96000063419342 909.9500035494566 599.7400023788214 315.76000045239925 118.20999978482723 1143.6000036895275 184.16000254452229 70.9000005275011 330.7299989014864 0 1634.6199961006641 116.44999867677689 288.82000067830086 228.01999947428703 262.0799994468689 0 790.7299997210503 6077.880005061626 7342.240006253123 9.000001380220056 -34.15999983251095 10.620000714436173 2.4800014328211546 -24.98999972268939 11.540000880137086
369 0 0 0 0 1 0 0 0 1 0 0 0 0 0 0 0 0 0 0 0 0 0 0 0 0 0 0 0 0 0 0 0 0 0 0 0 0 0 0 0 0 56.4800009727478 0 0 0 56.4800009727478 0 0 0 0 0 0 0 0 0 0 0 0 0 0 0 0 0 0 0 0 0 0 0 0 0 0 0 0 34.480000257492065 19.110000610351563 56.4800009727478 1.1175870895385742e-8 -0.48999999836087227 0.09000000357627869 -0.5099999792873859 -0.9999999888241291 0.09000000357627869 369 2 2 0 0 5 2 2 0 3 1 1 0 1 0 0 0 0 0 0 0 0 0 0 0 1 0 1 1 0 0 0 0 0 0 1 0 0 263.7400024831295 312.2300023883581 0 0 407.80000300705433 312.2300023883581 312.2300023883581 0 144.06000052392483 148.9199994802475 114.820003002882 0 196.92000053822994 0 0 0 0 0 0 0 0 0 0 0 115.31000185012817 0 196.92000053822994 114.820003002882 0 0 0 0 0 0 148.9199994802475 0 0 149.51000072062016 512.3300038576126 720.0300053954124 2.0000000968575478 -3.0699999891221523 2.2700000442564487 1.7500000968575478 -2.919999983161688 2.2700000442564487 369 5 7 3 0 6 4 3 1 3 1 3 3 2 2 1 2 1 0 0 0 0 1 0 0 1 0 2 2 0 2 0 0 0 1 1 0 0 371.390003323555 719.6100029498339 158.27999943494797 0 412.80000291764736 561.3300035148859 469.14000453054905 92.18999898433685 144.06000052392483 148.9199994802475 211.57000237703323 158.71999895572662 353.8300026804209 102.65000092983246 91.7499994635582 66.52999997138977 92.18999898433685 0 0 0 0 92.18999898433685 0 0 115.31000185012817 0 353.8300026804209 119.82000291347504 0 66.52999997138977 0 0 0 91.7499994635582 148.9199994802475 0 0 201.299999371171 932.870006531477 1235.0600067973137 2.0000002160668373 -6.009999964386225 2.6300000958144665 0.8300001621246338 -5.129999961704016 1.870000060647726 369 12 12 5 2 13 7 5 2 5 3 6 6 4 2 1 4 2 0 2 0 0 2 0 2 1 2 2 3 0 4 0 2 0 1 3 0 0 549.5400037318468 1153.4200069606304 262.7200002223253 79.79000054299831 516.9400026649237 890.7000067383051 708.7400061041117 181.96000063419342 149.84000040590763 187.3299989849329 271.52000273764133 352.93000139296055 593.4300042539835 102.65000092983246 91.7499994635582 170.97000075876713 181.96000063419342 0 79.79000054299831 0 0 181.96000063419342 0 79.79000054299831 115.31000185012817 50.050000220537186 353.8300026804209 129.72000305354595 0 170.97000075876713 0 239.60000157356262 0 91.7499994635582 187.3299989849329 0 0 264.7099998295307 1443.4900090247393 1852.8000110983849 3.000000387430191 -11.789999943226576 3.8100001625716686 1.7300002947449684 -6.5099999494850636 2.7700001560151577 369 25 27 7 6 22 20 13 7 6 6 12 13 11 2 2 5 7 1 6 1 0 2 5 6 2 4 4 6 1 5 0 7 0 2 5 0 0 1116.1500036269426 2862.200003415346 410.72999830543995 340.930000692606 805.830001577735 2451.470005109906 1854.3800036460161 597.0900014638901 204.16000010073185 299.2999991476536 430.17000183463097 950.9200007915497 1626.0200028419495 102.65000092983246 127.79999950528145 282.9299988001585 597.0900014638901 70.9000005275011 340.930000692606 106.96000015735626 0 181.96000063419342 415.13000082969666 340.930000692606 228.36000080406666 118.20999978482723 634.6600041091442 184.16000254452229 70.9000005275011 282.9299988001585 0 991.3599987328053 0 127.79999950528145 192.33999899029732 0 0 495.55999821424484 3415.2600059062243 4182.510007143021 6.000000886619091 -23.479999899864197 6.90000044554472 1.210000902414322 -16.919999815523624 7.2800005450844765 369 47 55 17 13 35 38 23 15 8 12 23 26 20 6 7 9 15 3 13 2 1 2 13 11 3 5 10 10 2 6 3 10 2 5 10 1 1 2451.1900066137314 5783.159999027848 1040.4299973249435 922.620002001524 1109.2600047886372 4742.730001702905 3322.179999381304 1420.550002321601 261.7300015091896 444.0399996936321 890.4900014549494 2127.0800043046474 3006.4199989289045 528.6899988204241 486.2499978542328 546.5799996703863 1420.550002321601 160.70000232756138 922.620002001524 205.12000012397766 0.7500000149011612 181.96000063419342 1238.5900016874075 652.9400027543306 315.76000045239925 118.20999978482723 1371.8000028282404 285.2800038009882 159.95000231266022 330.7299989014864 215.85000076889992 1634.6199961006641 124.38999864459038 361.8599992096424 238.91999956965446 262.0799994468689 7.59999980032444 886.980000898242 7065.870004311204 8496.83000716567 8.00000168196857 -44.33999979496002 9.80000082962215 1.630001725628972 -29.769999653100967 12.180001052096486
370 0 1 0 0 0 1 1 0 0 0 0 0 1 0 0 0 0 0 0 0 0 0 0 0 0 0 1 0 0 0 0 0 0 0 0 0 0 0 196.92000053822994 0 0 0 196.92000053822994 196.92000053822994 0 0 0 0 0 196.92000053822994 0 0 0 0 0 0 0 0 0 0 0 0 0 196.92000053822994 0 0 0 0 0 0 0 0 0 0 23.949999570846558 165.30000077188015 196.92000053822994 1.0000000298023224 -0.3999999985098839 1.0000000223517418 1.4000000283122063 0.0 1.0000000223517418 370 3 2 0 0 5 2 2 0 3 1 1 0 1 1 0 0 0 0 0 0 0 0 0 0 1 0 1 1 0 0 0 0 0 0 1 0 0 346.8100032508373 312.2300023883581 0 0 407.80000300705433 312.2300023883581 312.2300023883581 0 144.06000052392483 148.9199994802475 114.820003002882 0 196.92000053822994 83.07000076770782 0 0 0 0 0 0 0 0 0 0 115.31000185012817 0 196.92000053822994 114.820003002882 0 0 0 0 0 0 148.9199994802475 0 0 158.68000055849552 580.2900047302246 803.1000061631203 2.0000001154839993 -3.339999981224537 2.450000051409006 1.310000129044056 -3.7199999652802944 2.540000054985285 370 5 6 3 1 6 3 3 0 3 1 3 2 2 1 1 2 0 0 1 0 0 0 0 1 1 0 2 2 0 2 0 0 0 1 1 0 0 393.40000343322754 627.420003965497 158.27999943494797 41.59000027179718 412.80000291764736 469.14000453054905 469.14000453054905 0 144.06000052392483 148.9199994802475 211.57000237703323 66.52999997138977 353.8300026804209 83.07000076770782 91.7499994635582 66.52999997138977 0 0 41.59000027179718 0 0 0 0 41.59000027179718 115.31000185012817 0 353.8300026804209 119.82000291347504 0 66.52999997138977 0 0 0 91.7499994635582 148.9199994802475 0 0 193.71999956667423 893.8600076138973 1164.8800079226494 3.0000001676380634 -5.73999997228384 3.4500000588595867 1.7400001287460327 -5.129999961704016 2.9600000344216824 370 12 13 5 2 13 8 7 1 5 3 6 5 6 2 1 4 1 0 2 0 0 1 0 2 1 2 3 3 0 4 0 3 0 1 3 0 0 549.5400037318468 1356.0700030475855 262.7200002223253 79.79000054299831 516.9400026649237 1093.3500028252602 1001.1600038409233 92.18999898433685 149.84000040590763 187.3299989849329 271.52000273764133 263.159999743104 885.8500019907951 102.65000092983246 91.7499994635582 170.97000075876713 92.18999898433685 0 79.79000054299831 0 0 92.18999898433685 0 79.79000054299831 115.31000185012817 50.050000220537186 459.06000262498856 129.72000305354595 0 170.97000075876713 0 426.7899993658066 0 91.7499994635582 187.3299989849329 0 0 265.79999901354313 1663.1400068998337 2055.45000718534 6.000000402331352 -12.18999994173646 6.810000170022249 6.180000312626362 -5.599999960511923 6.31000018492341 370 31 34 8 8 24 26 17 9 6 7 15 14 14 4 4 4 9 1 8 1 0 2 7 7 3 4 5 7 1 4 0 9 1 3 6 1 0 1811.270001232624 3879.8400008529425 519.3000001758337 799.2400001138449 782.6100023090839 3360.5400006771088 2632.410000130534 728.1300005465746 154.2300003170967 326.0099996626377 650.7000017464161 970.0000018328428 2316.649999678135 312.74999859929085 348.3299994170666 170.97000075876713 728.1300005465746 70.9000005275011 799.2400001138449 106.96000015735626 0 181.96000063419342 546.1699999123812 537.160000666976 315.76000045239925 118.20999978482723 861.5200028419495 184.16000254452229 70.9000005275011 170.97000075876713 0 1455.1299968361855 116.44999867677689 231.8800007402897 219.04999950528145 262.0799994468689 0 634.3299995958805 4833.330002129078 5845.340002402663 8.000001089647412 -28.41999986767769 9.260000543668866 2.060001140460372 -21.37999975681305 9.920000677928329 370 57 64 22 15 46 42 26 16 12 16 28 29 23 8 9 11 16 3 15 5 1 3 13 12 3 5 10 13 2 7 4 13 4 5 11 1 2 3031.950005337596 6651.549994662404 1338.0199990272522 943.2600022405386 1699.9600030481815 5313.529995635152 3853.979996263981 1459.549999371171 496.48000122606754 626.1499986499548 1235.2400025129318 2291.3400016129017 3538.2199958115816 734.2799987345934 657.1599993258715 671.8399999290705 1459.549999371171 160.70000232756138 943.2600022405386 383.9899991899729 0.7500000149011612 236.54000088572502 1223.009998485446 672.1600030213594 315.76000045239925 118.20999978482723 1371.8000028282404 459.12000338733196 159.95000231266022 373.14999927580357 298.6900006532669 2166.419992983341 295.30000011622906 361.8599992096424 242.15999945998192 262.0799994468689 9.019999772310257 1094.2199992388487 8356.510001838207 10180.730001240969 10.00000192783773 -53.639999747276306 12.520000895485282 0.3900019507855177 -37.4799995906651 13.800001131370664
371 1 0 0 0 1 0 0 0 0 0 1 0 0 0 0 0 0 0 0 0 0 0 0 0 0 0 0 1 0 0 0 0 0 0 0 0 0 114.820003002882 0 0 0 114.820003002882 0 0 0 0 0 114.820003002882 0 0 0 0 0 0 0 0 0 0 0 0 0 0 0 0 114.820003002882 0 0 0 0 0 0 0 0 0 3.7500000596046448 110.93000294268131 114.820003002882 7.450580596923828e-9 -0.3999999985098839 0.0 0.2199999988079071 0.03999999165534973 0.09000000357627869 371 3 4 1 0 5 3 3 0 3 1 1 1 2 1 0 1 0 0 0 0 0 0 0 0 1 0 2 1 0 1 0 0 0 0 1 0 0 346.8100032508373 475.7000046223402 6.560000091791153 0 407.80000300705433 469.14000453054905 469.14000453054905 0 144.06000052392483 148.9199994802475 114.820003002882 6.560000091791153 353.8300026804209 83.07000076770782 0 6.560000091791153 0 0 0 0 0 0 0 0 115.31000185012817 0 353.8300026804209 114.820003002882 0 6.560000091791153 0 0 0 0 148.9199994802475 0 0 168.51000018417835 726.5500074326992 966.5700083971024 3.0000001527369022 -4.139999978244305 3.450000073760748 2.5900001525878906 -4.1899999640882015 3.4900000654160976 371 9 9 4 2 9 5 4 1 4 1 5 4 3 2 1 3 1 0 2 0 0 1 0 2 1 2 2 2 0 3 0 1 0 1 1 0 0 501.2300040870905 915.0000033974648 195.9499996304512 79.79000054299831 466.47000302374363 719.0500037670135 626.8600047826767 92.18999898433685 147.6800004094839 148.9199994802475 261.6200025975704 196.38999915122986 511.5500029325485 102.65000092983246 91.7499994635582 104.200000166893 92.18999898433685 0 79.79000054299831 0 0 92.18999898433685 0 79.79000054299831 115.31000185012817 50.050000220537186 353.8300026804209 119.82000291347504 0 104.200000166893 0 157.72000025212765 0 91.7499994635582 148.9199994802475 0 0 231.80999965965748 1227.8800072968006 1563.9100078940392 3.000000286847353 -8.8999999538064 3.7200001142919064 2.3300002217292786 -5.599999960511923 3.4400001130998135 371 16 20 6 4 15 14 10 4 5 4 8 8 9 2 2 4 4 0 4 0 0 2 2 4 1 2 3 4 0 4 0 6 0 2 4 0 0 610.0900040715933 2285.480006173253 366.80000145733356 135.12000086903572 522.1600026786327 1918.6800047159195 1512.1900031864643 406.4900015294552 149.84000040590763 191.32999899983406 376.8200039714575 577.4600022882223 1396.8800013363361 102.65000092983246 195.83000069856644 170.97000075876713 406.4900015294552 0 135.12000086903572 0 0 181.96000063419342 224.53000089526176 135.12000086903572 115.31000185012817 50.050000220537186 459.06000262498856 130.94000305235386 0 170.97000075876713 0 937.8199987113476 0 195.83000069856644 191.32999899983406 0 0 328.5599991232157 2525.920010060072 3045.410010650754 6.000000603497028 -16.589999925345182 6.810000289231539 4.730000555515289 -8.939999926835299 6.640000361949205 371 33 41 10 6 30 31 20 11 8 9 17 19 17 3 4 6 11 2 6 2 0 2 9 6 3 5 7 8 2 5 1 10 0 4 7 0 0 1247.1700072437525 4305.779998421669 605.9899984151125 197.70000258088112 984.2100008875132 3699.7900000065565 2746.1199992597103 953.6700007468462 278.2799988389015 348.8099986165762 662.0400027036667 1414.6900022029877 2430.359998807311 183.5900003015995 304.91999927163124 301.06999914348125 953.6700007468462 159.95000231266022 197.70000258088112 120.78999914228916 0 181.96000063419342 771.7100001126528 197.70000258088112 315.76000045239925 118.20999978482723 839.3600036352873 238.9100036472082 159.95000231266022 282.9299988001585 18.140000343322754 1590.9999951720238 0 304.91999927163124 228.01999947428703 0 0 614.0299967974424 4834.030005410314 5831.230004504323 9.000001311302185 -33.12999985739589 10.260000687092543 1.8200013153254986 -23.29999976605177 11.24000084772706 371 57 67 22 14 47 45 28 17 12 16 29 31 24 7 9 11 17 4 14 4 1 4 13 11 4 8 10 11 3 7 4 14 4 5 12 1 2 3189.8100093603134 6804.779998868704 1382.079999357462 978.8200012594461 2026.8000047951937 5422.699999511242 4009.8199986815453 1412.8800008296967 493.519999563694 587.3399996608496 1593.130005955696 2348.210002347827 3655.0799977332354 478.0200003385544 646.4400003701448 671.8399999290705 1412.8800008296967 264.240001603961 978.8200012594461 285.8299992233515 0.7500000149011612 290.00000008940697 1122.8800007402897 652.9400027543306 354.7400009483099 533.0400023013353 1371.8000028282404 412.90000326931477 263.49000158905983 373.14999927580357 298.6900006532669 2283.279994904995 284.58000116050243 361.8599992096424 301.5100004374981 262.0799994468689 63.79999905824661 1120.5699988156557 8641.920007452369 10488.860007807612 11.000002009794116 -54.96999974921346 13.34000095911324 1.0200020726770163 -38.79999955371022 15.350001210346818
372 1 0 0 0 0 0 0 0 0 0 0 0 0 1 0 0 0 0 0 0 0 0 0 0 0 0 0 0 0 0 0 0 0 0 0 0 0 83.07000076770782 0 0 0 0 0 0 0 0 0 0 0 0 83.07000076770782 0 0 0 0 0 0 0 0 0 0 0 0 0 0 0 0 0 0 0 0 0 0 0 9.169999837875366 67.960000872612 83.07000076770782 1.862645149230957e-8 -0.26999999210238457 0.18000000715255737 -0.4399999678134918 -0.7999999821186066 0.27000001072883606 372 4 4 2 1 3 2 2 0 1 0 2 2 1 1 0 2 0 0 1 0 0 0 0 1 1 0 1 2 0 2 0 0 0 0 0 0 0 244.48000395298004 378.7600023597479 66.52999997138977 41.59000027179718 123.44000279903412 312.2300023883581 312.2300023883581 0 3.619999885559082 0 119.82000291347504 66.52999997138977 196.92000053822994 83.07000076770782 0 66.52999997138977 0 0 41.59000027179718 0 0 0 0 41.59000027179718 115.31000185012817 0 196.92000053822994 119.82000291347504 0 66.52999997138977 0 0 0 0 0 0 0 69.99000018835068 533.2800058722496 626.860006198287 2.0000001154839993 -3.559999980032444 2.2700000442564487 2.1100000478327274 -1.229999989271164 1.7400000132620335 372 12 13 5 2 13 8 6 2 5 3 6 6 5 2 1 4 2 0 2 0 0 1 1 2 1 2 3 3 0 4 0 2 0 1 3 0 0 549.5400037318468 1261.6300048679113 262.7200002223253 79.79000054299831 516.9400026649237 998.910004645586 828.5000050663948 170.4099995791912 149.84000040590763 187.3299989849329 271.52000273764133 341.38000033795834 713.1900032162666 102.65000092983246 91.7499994635582 170.97000075876713 170.4099995791912 0 79.79000054299831 0 0 92.18999898433685 78.22000059485435 79.79000054299831 115.31000185012817 50.050000220537186 459.06000262498856 129.72000305354595 0 170.97000075876713 0 254.13000059127808 0 91.7499994635582 187.3299989849329 0 0 244.55999971926212 1591.9700081050396 1961.0100090056658 4.000000417232513 -12.18999994173646 4.81000018492341 4.910000331699848 -5.599999960511923 5.040000203996897 372 26 26 6 6 22 20 12 8 6 5 13 13 11 3 2 4 8 1 6 0 0 2 6 6 1 4 6 7 1 4 0 5 0 2 5 0 0 946.9000047296286 2644.670008122921 366.80000145733356 197.70000258088112 698.8700014203787 2277.8700066655874 1599.7500062137842 678.1200004518032 204.16000010073185 192.33999899029732 498.20000302791595 919.9900017380714 1484.440004363656 183.5900003015995 195.83000069856644 170.97000075876713 678.1200004518032 70.9000005275011 197.70000258088112 0 0 181.96000063419342 496.1599998176098 197.70000258088112 115.31000185012817 118.20999978482723 764.5400041788816 184.16000254452229 70.9000005275011 170.97000075876713 0 719.9000001847744 0 195.83000069856644 192.33999899029732 0 0 469.9899982213974 3071.570011883974 3795.7300129532814 4.000000931322575 -23.349999893456697 5.08000048622489 -0.1299990564584732 -16.639999825507402 6.460000608116388 372 44 50 13 9 35 37 23 14 8 12 21 25 19 5 5 8 14 4 9 3 1 3 11 9 4 6 8 9 3 6 2 11 1 4 9 0 0 1723.5700090527534 5032.5899975299835 781.9199983775616 250.90000295639038 1185.5900062024593 4250.669999152422 3005.3199992775917 1245.3499998748302 261.7300015091896 414.5099985450506 822.960005402565 1977.900000602007 2650.579998329282 285.3199998140335 312.85999923944473 469.05999913811684 1245.3499998748302 264.240001603961 250.90000295639038 178.86999906599522 0.7500000149011612 235.41999983787537 1009.9300000369549 250.90000295639038 354.7400009483099 267.8500025123358 969.3400026112795 241.50000363588333 263.49000158905983 330.7299989014864 138.33000023663044 1681.2399957180023 7.939999967813492 304.91999927163124 235.6399994790554 0 0 679.3199976235628 5887.260008603334 7018.640008106828 9.00000163167715 -41.26999981328845 10.620000842958689 2.4300016053020954 -25.669999711215496 11.860001038759947 372 56 76 29 14 47 47 26 21 11 16 32 39 22 6 11 14 21 5 14 4 1 7 14 10 4 8 9 12 4 8 6 13 6 5 12 0 4 2437.280011162162 6937.23000125587 1667.6300001442432 352.66000217199326 1930.870007097721 5269.600001111627 3537.110000371933 1732.4900007396936 443.74000050127506 587.3399996608496 1594.4500077664852 2939.5500018894672 3182.369999423623 364.1500005722046 693.9100008159876 871.9600001126528 1732.4900007396936 335.850001052022 352.66000217199326 285.8299992233515 0.7500000149011612 509.94999930262566 1222.540001437068 250.90000295639038 354.7400009483099 533.0400023013353 1144.9400040954351 366.75000463426113 335.1000010371208 472.1499999910593 399.8100001215935 2037.429995328188 332.0500016063452 361.8599992096424 301.5100004374981 0 101.75999921560287 984.7999992221594 8153.290010973811 9819.000012934208 5.000002104789019 -57.809999745339155 7.070001006126404 -5.299997944384813 -38.289999563246965 8.740001201629639
373 0 1 1 0 0 0 0 0 0 0 0 1 0 0 0 1 0 0 0 0 0 0 0 0 0 0 0 0 0 1 0 0 0 0 0 0 0 0 6.560000091791153 6.560000091791153 0 0 0 0 0 0 0 0 6.560000091791153 0 0 0 6.560000091791153 0 0 0 0 0 0 0 0 0 0 0 0 0 6.560000091791153 0 0 0 0 0 0 0 0.0 5.840000092983246 6.560000091791153 7.450580596923828e-9 -0.3999999985098839 0.0 0.16999998688697815 0.0 -0.23000001907348633 373 8 7 4 1 8 3 2 1 3 1 5 4 1 2 1 3 1 0 1 0 0 1 0 1 1 2 1 2 0 3 0 0 0 1 1 0 0 314.5400043427944 560.3600026071072 195.9499996304512 41.59000027179718 200.2100025266409 364.41000297665596 272.2200039923191 92.18999898433685 29.909999385476112 0.4300000071525574 261.6200025975704 196.38999915122986 156.91000214219093 102.65000092983246 91.7499994635582 104.200000166893 92.18999898433685 0 41.59000027179718 0 0 92.18999898433685 0 41.59000027179718 115.31000185012817 50.050000220537186 156.91000214219093 119.82000291347504 0 104.200000166893 0 0 0 91.7499994635582 0.4300000071525574 0 0 132.25999942421913 719.4300068318844 904.8100063353777 1.0000002160668373 -7.209999959915876 1.6300000734627247 0.9900001138448715 -3.1299999840557575 1.230000052601099 373 18 16 5 5 16 11 7 4 5 4 8 8 6 2 1 4 4 0 5 0 0 2 2 5 1 2 2 5 0 4 0 4 0 1 4 0 0 629.0500038564205 1604.1500066518784 262.7200002223253 135.12000086903572 541.12000246346 1341.430006429553 1016.380005940795 325.0500004887581 149.84000040590763 191.32999899983406 291.7000025212765 496.0200012475252 901.0700040906668 102.65000092983246 91.7499994635582 170.97000075876713 325.0500004887581 0 135.12000086903572 0 0 181.96000063419342 143.08999985456467 135.12000086903572 115.31000185012817 50.050000220537186 353.8300026804209 149.9000028371811 0 170.97000075876713 0 547.2400014102459 0 91.7499994635582 191.32999899983406 0 0 280.3199997842312 1935.5400086045265 2383.0400109142065 3.000000551342964 -15.789999928325415 3.810000251978636 0.6500004753470421 -9.919999916106462 3.9900002889335155 373 29 29 7 7 24 22 13 9 6 7 12 16 12 3 1 6 9 1 7 0 0 2 7 7 1 4 7 7 1 5 1 5 0 1 7 0 0 924.7500063627958 2891.5000071823597 392.81999860703945 197.70000258088112 676.720003053546 2498.6800085753202 1674.5700056701899 824.1100029051304 204.16000010073185 205.68999907374382 358.6200033426285 1196.0800025761127 1559.2600038200617 183.5900003015995 91.7499994635582 301.06999914348125 824.1100029051304 70.9000005275011 197.70000258088112 0 0 181.96000063419342 642.150002270937 197.70000258088112 115.31000185012817 62.21999993920326 839.3600036352873 204.65000393986702 70.9000005275011 282.9299988001585 18.140000343322754 719.9000001847744 0 91.7499994635582 205.68999907374382 0 0 436.69999776780605 3337.080012872815 4020.4100136458874 4.000001043081284 -25.749999884516 5.080000553280115 1.0200009979307652 -15.189999837428331 6.290000669658184 373 42 45 15 9 33 30 17 13 7 12 20 23 14 6 6 8 13 2 9 3 0 3 10 8 3 6 7 8 2 6 2 7 2 4 9 0 1 1740.8200085312128 4320.330005839467 1022.360000371933 304.520002245903 1178.2100050896406 3297.970005467534 2173.500004455447 1124.4700010120869 224.29999992251396 447.14999900758266 971.8700079470873 1799.960000142455 1906.16000315547 364.1500005722046 465.1100017875433 501.0499993264675 1124.4700010120869 174.43999980390072 304.520002245903 178.86999906599522 0 235.41999983787537 889.0500011742115 248.32000298798084 267.3400012999773 267.8500025123358 839.3600036352873 238.9100036472082 174.43999980390072 381.92999951541424 119.11999981105328 1066.7999995201826 160.19000251591206 304.91999927163124 268.27999994158745 0 56.19999925792217 670.2999991476536 5162.220012739301 6285.450014293194 4.000001408159733 -37.44999982044101 5.710000682622194 -5.1999986208975315 -27.009999692440033 6.900000806897879 373 48 69 23 11 40 46 28 18 10 13 28 32 24 6 10 11 18 4 11 3 1 6 12 9 4 8 9 9 3 8 3 15 5 5 10 0 2 2126.9400105774403 6971.769996777177 1408.679998189211 314.700002014637 1600.0000056177378 5563.089998587966 3977.0199996232986 1586.0699989646673 351.6000001579523 473.8599995225668 1408.7100053876638 2561.0200002491474 3622.2799986749887 364.1500005722046 633.419999435544 711.4599996954203 1586.0699989646673 264.240001603961 314.700002014637 178.86999906599522 0.7500000149011612 476.47999823093414 1109.5900007337332 250.90000295639038 354.7400009483099 533.0400023013353 1144.9400040954351 241.50000363588333 263.49000158905983 472.1499999910593 239.30999970436096 2477.3399945795536 271.5600002259016 361.8599992096424 294.9900004565716 0 63.79999905824661 936.6400001049042 7864.05000577867 9451.06000752747 10.000001948326826 -51.319999769330025 11.980000969022512 -2.519998010247946 -37.24999958276749 13.100001189857721
374 1 0 0 1 0 0 0 0 0 0 0 0 0 0 0 0 0 0 1 0 0 0 0 1 0 0 0 0 0 0 0 0 0 0 0 0 0 41.59000027179718 0 0 41.59000027179718 0 0 0 0 0 0 0 0 0 0 0 0 0 0 41.59000027179718 0 0 0 0 41.59000027179718 0 0 0 0 0 0 0 0 0 0 0 0 0 0.0 41.59000027179718 41.59000027179718 7.450580596923828e-9 -0.3999999985098839 0.0 0.09000000357627869 0.0 0.09000000357627869 374 7 6 4 3 5 2 2 0 2 1 3 3 2 1 1 3 0 0 3 0 0 0 0 3 0 1 1 1 0 3 0 1 0 1 1 0 0 251.6300018876791 502.78000135719776 195.9499996304512 130.74000085890293 43.60000014305115 306.83000172674656 306.83000172674656 0 5.779999881982803 0.4300000071525574 129.13999971747398 104.200000166893 306.83000172674656 83.07000076770782 91.7499994635582 104.200000166893 0 0 130.74000085890293 0 0 0 0 130.74000085890293 0 32.390000343322754 156.91000214219093 4.999999910593033 0 104.200000166893 0 149.91999958455563 0 91.7499994635582 0.4300000071525574 0 0 61.879999339580536 672.6900037527084 760.1900031268597 2.0000001527369022 -6.049999970942736 2.3600000366568565 0.4800001084804535 -3.659999966621399 2.14000004529953 374 19 16 6 4 16 10 8 2 3 5 9 7 7 2 1 5 2 0 4 0 0 0 2 4 1 2 3 6 0 4 1 4 0 1 5 0 0 625.680003836751 1596.5100043267012 280.8600005656481 130.74000085890293 422.2000014334917 1315.650003761053 1151.6100039482117 164.03999981284142 29.909999385476112 192.33999899029732 291.7000025212765 353.1500009149313 1036.3000020980835 102.65000092983246 91.7499994635582 189.11000110208988 164.03999981284142 0 130.74000085890293 0 0 0 164.03999981284142 130.74000085890293 115.31000185012817 50.050000220537186 414.3300033956766 149.9000028371811 0 170.97000075876713 18.140000343322754 621.9699987024069 0 91.7499994635582 192.33999899029732 0 0 197.5399996638298 1945.9900074005127 2252.1000075489283 6.0000004991889 -15.209999930113554 6.630000207573175 5.440000377595425 -7.51999993994832 7.270000230520964 374 35 37 10 9 27 27 15 12 5 10 15 19 13 4 3 6 12 1 9 2 0 3 9 8 2 5 7 7 1 5 1 6 0 3 8 0 1 1317.1900073289871 3634.5700032562017 626.1399976313114 304.520002245903 885.3900031596422 3008.4300056248903 1931.4700046926737 1076.9600009322166 149.84000040590763 329.71999810636044 674.7000038772821 1448.930000603199 1777.1800023466349 262.4200010597706 268.869999229908 301.06999914348125 1076.9600009322166 70.9000005275011 304.520002245903 120.78999914228916 0 235.41999983787537 841.5400010943413 248.32000298798084 154.29000234603882 201.18000070750713 839.3600036352873 204.65000393986702 70.9000005275011 282.9299988001585 18.140000343322754 937.8199987113476 0 268.869999229908 208.92999896407127 0 56.19999925792217 488.079998254776 4259.320011213422 5101.6000109910965 3.0000012181699276 -30.729999858886003 4.1700006276369095 -0.7899988293647766 -18.79999979585409 5.640000753104687 374 43 53 15 9 35 38 21 17 7 12 22 27 19 5 6 8 17 2 9 3 0 6 11 8 2 8 7 8 2 6 2 12 3 3 9 0 1 1911.4100089222193 5601.3000011742115 1026.8199996054173 304.520002245903 1443.4000048786402 4574.480001568794 3109.2900014668703 1465.190000101924 224.29999992251396 447.14999900758266 1241.520006969571 2140.679999232292 2954.9999991208315 269.5500011742115 469.57000102102757 501.0499993264675 1465.190000101924 174.43999980390072 304.520002245903 178.86999906599522 0 476.47999823093414 988.7100018709898 248.32000298798084 154.29000234603882 533.0400023013353 839.3600036352873 238.9100036472082 174.43999980390072 381.92999951541424 119.11999981105328 2115.639995485544 200.70000179111958 268.869999229908 268.27999994158745 0 56.19999925792217 773.9499994516373 6425.160008713603 7737.010010018945 4.000001650303602 -41.17999981343746 5.530000861734152 -4.5899983532726765 -29.509999684989452 7.650001022964716 374 48 69 22 10 41 47 26 21 11 13 26 36 22 6 9 12 21 3 10 3 0 7 14 9 4 8 8 9 3 9 3 14 5 4 10 0 1 2126.9400105774403 7272.6499985307455 1662.6099973469973 307.10000221431255 1692.1400059610605 5610.040001183748 3674.4999991208315 1935.5400020629168 443.74000050127506 473.8599995225668 1402.7800067961216 3177.2000008821487 3319.7599981725216 364.1500005722046 628.2400008589029 978.1699972301722 1935.5400020629168 263.49000158905983 307.10000221431255 178.86999906599522 0 601.2399991303682 1334.3000029325485 250.90000295639038 354.7400009483099 533.0400023013353 969.3400026112795 241.50000363588333 263.49000158905983 738.8599975258112 239.30999970436096 2350.419995561242 323.3200015872717 304.91999927163124 294.9900004565716 0 56.19999925792217 1042.2899973392487 8086.950011700392 9843.33000960946 5.000002034008503 -51.40999976918101 7.070001054555178 -3.489997960627079 -35.65999962761998 9.030001264065504
375 0 0 0 0 1 0 0 0 1 0 0 0 0 0 0 0 0 0 0 0 0 0 0 0 0 0 0 0 0 0 0 0 0 0 0 0 0 0 0 0 0 2.1599999964237213 0 0 0 2.1599999964237213 0 0 0 0 0 0 0 0 0 0 0 0 0 0 0 0 0 0 0 0 0 0 0 0 0 0 0 0 0.41999998688697815 1.7400000095367432 2.1599999964237213 1.1175870895385742e-8 -0.48999999836087227 0.09000000357627869 0.5999999940395355 0.5099999904632568 0.09000000357627869 375 10 3 2 3 9 1 1 0 2 2 5 2 1 0 0 2 0 0 3 0 0 0 0 3 0 1 0 4 0 2 0 1 0 0 2 0 0 189.75000089406967 194.14999987185 44.23000028729439 130.74000085890293 64.78999991714954 149.91999958455563 149.91999958455563 0 5.779999881982803 1.4399999976158142 57.570000037550926 44.23000028729439 149.91999958455563 0 0 44.23000028729439 0 0 130.74000085890293 0 0 0 0 130.74000085890293 0 32.390000343322754 0 25.179999694228172 0 44.23000028729439 0 149.91999958455563 0 0 1.4399999976158142 0 0 30.57000021636486 343.9200002849102 389.6800006479025 1.0000001341104507 -6.179999977350235 1.1800000220537186 0.2600000873208046 -2.429999977350235 1.4900000467896461 375 20 17 6 5 16 11 6 5 3 5 9 10 6 2 1 5 5 0 5 0 0 1 4 5 0 3 4 5 0 4 1 2 0 1 5 0 0 337.31000193953514 1438.4900053143501 280.8600005656481 130.74000085890293 133.82999953627586 1157.630004748702 746.6300028264523 411.0000019222498 29.909999385476112 18.790000095963478 176.87999951839447 600.1100030243397 746.6300028264523 102.65000092983246 91.7499994635582 189.11000110208988 411.0000019222498 0 130.74000085890293 0 0 89.77000164985657 321.2300002723932 130.74000085890293 0 50.050000220537186 438.990002989769 35.07999983429909 0 170.97000075876713 18.140000343322754 307.6399998366833 0 91.7499994635582 18.790000095963478 0 0 143.14999848604202 1573.1000077575445 1805.7100066393614 1.0000005848705769 -16.00999992713332 1.630000278353691 -0.6399995386600494 -7.59999992325902 2.380000311881304 375 38 39 14 9 28 25 14 11 5 10 18 21 12 5 5 8 11 2 9 1 0 5 6 8 2 6 6 7 2 6 2 6 3 2 9 0 1 1536.3000072091818 3683.540004119277 922.739998370409 304.520002245903 950.5200034230947 2760.800005748868 1880.790004774928 880.0100009739399 106.53000018000603 311.9299995750189 897.5500034540892 1555.5000001043081 1726.5000024288893 269.5500011742115 365.4899997860193 501.0499993264675 880.0100009739399 174.43999980390072 304.520002245903 43.649999633431435 0 384.16999900341034 495.84000197052956 248.32000298798084 154.29000234603882 327.4099997282028 734.1300036907196 204.65000393986702 174.43999980390072 381.92999951541424 119.11999981105328 992.3699987381697 200.70000179111958 164.78999799489975 268.27999994158745 0 56.19999925792217 506.43000116944313 4461.270008102059 5326.370011508465 3.000001210719347 -32.599999845027924 4.350000578910112 -2.2799988500773907 -21.779999755322933 6.0200006775557995 375 42 52 15 9 34 37 20 17 7 12 21 27 18 5 6 8 17 2 9 3 0 6 11 8 2 7 7 8 2 6 2 11 3 3 9 0 1 1855.4200090765953 5421.810001909733 1026.8199996054173 304.520002245903 1387.4100050330162 4394.990002304316 2929.8000022023916 1465.190000101924 224.29999992251396 447.14999900758266 1185.5300071239471 2140.679999232292 2775.509999856353 269.5500011742115 469.57000102102757 501.0499993264675 1465.190000101924 174.43999980390072 304.520002245903 178.86999906599522 0 476.47999823093414 988.7100018709898 248.32000298798084 154.29000234603882 477.05000245571136 839.3600036352873 238.9100036472082 174.43999980390072 381.92999951541424 119.11999981105328 1936.1499962210655 200.70000179111958 268.869999229908 268.27999994158745 0 56.19999925792217 730.6300000846386 6242.700009018183 7501.530010908842 3.00000162050128 -40.379999816417694 4.530000846832991 -5.259998392313719 -28.59999969601631 6.470001000910997 375 45 62 20 9 39 42 24 18 10 12 26 30 21 6 9 10 18 2 9 3 0 6 12 8 3 8 8 9 2 7 3 13 5 4 9 0 1 2008.6000083088875 6543.799999713898 1465.909997627139 304.520002245903 1573.2900051027536 5077.890002086759 3442.5599999427795 1635.330002143979 351.6000001579523 447.14999900758266 1402.7800067961216 2591.239999458194 3175.2199986428022 364.1500005722046 628.2400008589029 781.469997510314 1635.330002143979 174.43999980390072 304.520002245903 178.86999906599522 0 476.47999823093414 1158.850003913045 248.32000298798084 267.3400012999773 533.0400023013353 969.3400026112795 241.50000363588333 174.43999980390072 542.159997805953 239.30999970436096 2205.8799960315228 323.3200015872717 304.91999927163124 268.27999994158745 0 56.19999925792217 932.3699980229139 7330.800009503961 8904.000008180737 6.000001817941666 -46.9199997857213 7.9800009205937386 -2.5299981720745564 -33.20999965071678 10.030001115053892
376 1 0 0 1 0 0 0 0 0 0 0 0 0 0 0 0 0 0 1 0 0 0 0 1 0 0 0 0 0 0 0 0 0 0 0 0 0 50.95000031590462 0 0 50.95000031590462 0 0 0 0 0 0 0 0 0 0 0 0 0 0 50.95000031590462 0 0 0 0 50.95000031590462 0 0 0 0 0 0 0 0 0 0 0 0 0 2.0300000458955765 48.92000027000904 50.95000031590462 7.450580596923828e-9 -0.3999999985098839 0.0 -1.099999986588955 -0.9799999892711639 -0.11999999731779099 376 9 5 2 3 7 3 2 1 1 3 3 3 2 0 0 2 1 0 3 0 0 0 1 3 0 1 1 2 0 1 1 1 0 0 3 0 0 192.50000095367432 342.39000231027603 55.81000053882599 130.74000085890293 63.92000009119511 286.58000177145004 210.42000029981136 76.16000147163868 2.1599999964237213 10.409999966621399 51.350000128149986 131.97000201046467 210.42000029981136 0 0 55.81000053882599 76.16000147163868 0 130.74000085890293 0 0 0 76.16000147163868 130.74000085890293 0 32.390000343322754 60.50000071525574 18.959999784827232 0 37.670000195503235 18.140000343322754 149.91999958455563 0 0 10.409999966621399 0 0 27.810000374913216 486.81000269949436 537.0500032603741 1.0000001825392246 -6.089999977499247 1.090000070631504 0.07000014185905457 -2.429999977350235 1.5200001001358032 376 22 22 9 6 18 13 8 5 2 7 12 10 7 1 3 5 5 0 6 0 0 1 4 5 1 3 4 6 0 4 1 3 1 2 7 0 1 430.8300037384033 1845.4900008440018 467.2699995189905 186.9400001168251 227.0400020033121 1378.2200013250113 1003.5300018489361 374.6899994760752 5.779999881982803 81.3800009638071 361.84000031650066 563.800000578165 964.5500013530254 78.83000075817108 221.95999915897846 189.11000110208988 374.6899994760752 0 186.9400001168251 0 0 53.459999203681946 321.2300002723932 130.74000085890293 38.980000495910645 50.050000220537186 438.990002989769 89.83000093698502 0 170.97000075876713 18.140000343322754 525.5599983632565 57.17000116407871 164.78999799489975 81.3800009638071 0 56.19999925792217 156.5800001770258 1992.3500044494867 2282.100004464388 3.000000599771738 -18.449999924749136 3.360000252723694 1.6200004890561104 -9.069999903440475 4.690000303089619 376 37 44 15 9 28 29 15 14 4 11 19 23 13 4 6 8 14 1 9 2 0 5 9 8 2 6 5 7 1 6 2 8 3 3 9 0 1 1461.6000068187714 4317.06000263989 1026.8199996054173 304.520002245903 971.1800019592047 3290.2400030344725 2111.18000254035 1179.0600004941225 50.049999207258224 389.0699990838766 1001.6300046890974 1783.6499990969896 1956.8900001943111 188.61000180244446 469.57000102102757 501.0499993264675 1179.0600004941225 103.53999927639961 304.520002245903 120.78999914228916 0 384.16999900341034 794.8900014907122 248.32000298798084 154.29000234603882 327.4099997282028 537.2100031524897 204.65000393986702 103.53999927639961 381.92999951541424 119.11999981105328 1419.6799970418215 200.70000179111958 268.869999229908 268.27999994158745 0 56.19999925792217 473.76000210642815 4977.140006661415 5828.710008665919 1.000001285225153 -33.839999847114086 2.0800006352365017 -5.039998795837164 -21.989999771118164 4.0400007404387 376 41 53 16 9 34 37 21 16 8 12 20 27 19 5 6 9 16 2 9 3 0 6 10 8 2 7 7 7 2 7 2 12 3 3 9 0 1 1821.160009369254 5714.01999938488 1187.049997895956 304.520002245903 1422.8800041526556 4526.970001488924 3109.2900014668703 1417.6800000220537 294.02999874949455 447.14999900758266 1151.270007416606 2253.3999974429607 2954.9999991208315 269.5500011742115 469.57000102102757 661.2799976170063 1417.6800000220537 174.43999980390072 304.520002245903 178.86999906599522 0 476.47999823093414 941.2000017911196 248.32000298798084 154.29000234603882 477.05000245571136 839.3600036352873 204.65000393986702 174.43999980390072 542.159997805953 119.11999981105328 2115.639995485544 200.70000179111958 268.869999229908 268.27999994158745 0 56.19999925792217 794.3199983239174 6472.960008189082 7829.210007503629 5.0000016167759895 -40.869999814778566 6.620000835508108 -2.679998405277729 -28.509999703615904 8.380000982433558 376 45 61 18 9 40 43 22 21 11 12 24 33 20 6 7 10 21 2 9 3 0 7 14 8 2 8 8 9 2 8 2 12 4 3 9 0 1 2147.3800089359283 6642.710001543164 1450.629997342825 304.520002245903 1820.9500034600496 5192.080004200339 3239.2700004428625 1952.8100037574768 460.47999788820744 447.14999900758266 1497.5700074136257 2937.430000796914 3084.9799980968237 364.1500005722046 584.2500008493662 810.1799972355366 1952.8100037574768 174.43999980390072 304.520002245903 178.86999906599522 0 601.2399991303682 1351.5700046271086 248.32000298798084 154.29000234603882 533.0400023013353 969.3400026112795 380.2800042629242 174.43999980390072 691.0599974244833 119.11999981105328 2115.639995485544 315.3800016194582 268.869999229908 268.27999994158745 0 56.19999925792217 1048.8799958527088 7519.450012281537 9250.5700083673 1.000001911073923 -47.00999978557229 3.0700010135769844 -5.9999980963766575 -33.619999665766954 5.550001189112663
377 1 0 0 0 1 0 0 0 0 1 0 0 0 0 0 0 0 0 0 0 0 0 0 0 0 0 0 0 0 0 0 0 0 0 1 0 0 1.0099999904632568 0 0 0 1.0099999904632568 0 0 0 0 1.0099999904632568 0 0 0 0 0 0 0 0 0 0 0 0 0 0 0 0 0 0 0 0 0 0 0 0 1.0099999904632568 0 0 0.0 1.0099999904632568 1.0099999904632568 7.450580596923828e-9 -0.3999999985098839 0.0 0.18000000715255737 0.0 0.18000000715255737 377 13 5 1 4 10 4 3 1 1 6 3 2 2 0 0 1 1 0 4 0 0 0 1 4 1 0 1 3 0 0 1 1 0 0 6 0 0 186.71000131964684 358.02000135183334 18.140000343322754 89.15000058710575 99.7200007289648 339.8800010085106 263.7199995368719 76.16000147163868 2.1599999964237213 77.38000094890594 20.17999978363514 94.30000181496143 224.73999904096127 0 0 18.140000343322754 76.16000147163868 0 89.15000058710575 0 0 0 76.16000147163868 89.15000058710575 38.980000495910645 0 74.81999945640564 20.17999978363514 0 0 18.140000343322754 149.91999958455563 0 0 77.38000094890594 0 0 35.83000077307224 486.1700017899275 546.8900026679039 2.000000223517418 -7.689999971538782 2.090000081807375 -0.6199998594820499 -2.939999967813492 1.74000009521842 377 28 25 10 9 20 15 5 10 3 7 13 17 4 2 3 6 10 1 9 0 0 4 6 8 1 4 3 6 1 4 2 1 3 0 7 0 1 671.2500049769878 1950.2200033217669 691.4200004041195 304.520002245903 259.3500015437603 1258.8000029176474 470.9800009280443 787.820001989603 25.919999703764915 81.3800009638071 352.75000266730785 1325.8800006210804 432.0000004321337 85.960000872612 200.70000179111958 434.51999935507774 787.820001989603 103.53999927639961 304.520002245903 0 0 291.9800000190735 495.84000197052956 248.32000298798084 38.980000495910645 62.21999993920326 282.08000084757805 89.83000093698502 103.53999927639961 315.39999954402447 119.11999981105328 149.91999958455563 200.70000179111958 0 81.3800009638071 0 56.19999925792217 212.9000016450882 2254.430005759001 2647.3900080025196 -4.999999191612005 -22.409999903291464 -4.3699996173381805 -7.809999275952578 -12.109999854117632 -2.1999995410442352 377 37 40 14 9 26 26 14 12 4 9 18 22 12 5 5 8 12 2 9 1 0 5 7 8 2 7 5 6 2 6 2 7 3 2 8 0 1 1436.6300077438354 3715.2600050866604 922.739998370409 304.520002245903 824.5600031763315 2792.5200067162514 1812.8500050455332 979.6700016707182 80.23999939858913 177.440000385046 932.3700031787157 1655.1600008010864 1658.5600026994944 269.5500011742115 365.4899997860193 501.0499993264675 979.6700016707182 174.43999980390072 304.520002245903 58.079999923706055 0 384.16999900341034 595.5000026673079 248.32000298798084 154.29000234603882 477.05000245571136 537.2100031524897 89.83000093698502 174.43999980390072 381.92999951541424 119.11999981105328 1121.3499995470047 200.70000179111958 164.78999799489975 119.36000046133995 0 56.19999925792217 454.2700011730194 4415.4300086945295 5232.130012229085 2.000001221895218 -32.10999984666705 3.2600005976855755 -3.199998863041401 -19.949999760836363 4.290000680834055 377 41 51 15 9 32 36 20 16 6 12 20 26 18 5 6 8 16 2 9 3 0 6 10 8 2 7 7 7 2 6 2 11 3 3 9 0 1 1821.160009369254 5374.300001829863 1026.8199996054173 304.520002245903 1289.7000052779913 4347.480002224445 2929.8000022023916 1417.6800000220537 160.84999987483025 447.14999900758266 1151.270007416606 2093.169999152422 2775.509999856353 269.5500011742115 469.57000102102757 501.0499993264675 1417.6800000220537 174.43999980390072 304.520002245903 178.86999906599522 0 476.47999823093414 941.2000017911196 248.32000298798084 154.29000234603882 477.05000245571136 839.3600036352873 204.65000393986702 174.43999980390072 381.92999951541424 119.11999981105328 1936.1499962210655 200.70000179111958 268.869999229908 268.27999994158745 0 56.19999925792217 695.1700000017881 6170.730009704828 7356.310011073947 4.000001564621925 -39.089999821037054 5.44000081345439 -3.9499984607100487 -27.129999708384275 7.020000953227282 377 44 64 19 9 36 45 24 21 8 12 24 33 21 6 8 10 21 2 9 3 0 7 14 8 3 7 8 9 2 7 3 13 5 3 9 0 1 2091.3900090903044 6924.859997734427 1429.8599975854158 304.520002245903 1581.9600071460009 5495.000000149012 3442.5599999427795 2052.440000206232 277.48000141978264 447.14999900758266 1449.5200075358152 3008.349997520447 3175.2199986428022 364.1500005722046 592.1900008171797 781.469997510314 2052.440000206232 174.43999980390072 304.520002245903 178.86999906599522 0 593.5099956542253 1458.9300045520067 248.32000298798084 267.3400012999773 477.05000245571136 969.3400026112795 380.2800042629242 174.43999980390072 542.159997805953 239.30999970436096 2205.8799960315228 323.3200015872717 268.869999229908 268.27999994158745 0 56.19999925792217 931.9499975144863 7709.810009688139 9293.730008244514 3.000001907348633 -46.33999978750944 4.8000010177493095 -2.7399980947375298 -30.64999968186021 6.99000121280551
378 1 0 0 0 1 0 0 0 0 1 0 0 0 0 0 0 0 0 0 0 0 0 0 0 0 0 0 0 0 0 0 0 0 0 1 0 0 8.969999969005585 0 0 0 8.969999969005585 0 0 0 0 8.969999969005585 0 0 0 0 0 0 0 0 0 0 0 0 0 0 0 0 0 0 0 0 0 0 0 0 8.969999969005585 0 0 0.0 8.969999969005585 8.969999969005585 7.450580596923828e-9 -0.3999999985098839 0.0 0.0 0.0 0.0 378 9 6 3 3 6 3 1 2 0 4 2 4 0 1 0 2 2 0 3 0 0 1 1 2 1 0 0 2 0 1 1 0 0 0 4 0 1 222.45000191032887 357.8200028836727 173.34000031650066 107.14999957382679 92.67000083625317 184.48000256717205 38.980000495910645 145.5000020712614 0 73.71000105142593 18.959999784827232 262.6400031298399 0 78.83000075817108 0 117.14000105857849 145.5000020712614 0 107.14999957382679 0 0 69.34000059962273 76.16000147163868 50.95000031590462 38.980000495910645 0 0 18.959999784827232 0 99.00000071525574 18.140000343322754 0 0 0 73.71000105142593 0 56.19999925792217 55.19000115990639 470.3700038790703 580.2700047940016 -0.9999998211860657 -5.869999971240759 -0.8199999369680882 -3.7399998381733894 -4.759999930858612 -0.44999993592500687 378 22 20 7 6 16 13 5 8 2 7 9 13 4 2 2 4 8 1 6 0 0 3 5 5 1 4 2 3 1 2 2 2 2 0 7 0 1 728.4100020229816 1584.1999988108873 409.67000041902065 195.97000025212765 421.4400006979704 1174.5299983918667 551.4299990534782 623.0999993383884 22.299999818205833 81.3800009638071 415.4400003552437 982.4299993366003 512.4499985575676 85.960000872612 97.68000043928623 255.79000072181225 623.0999993383884 103.53999927639961 195.97000025212765 0 0 202.20999836921692 420.8900009691715 139.77000099420547 38.980000495910645 297.5800001323223 135.32000017166138 20.17999978363514 103.53999927639961 136.67000091075897 119.11999981105328 377.1299983859062 97.68000043928623 0 81.3800009638071 0 56.19999925792217 156.7600015848875 2018.2099989503622 2334.910000652075 -2.999999340623617 -17.51999992132187 -2.4599996767938137 -4.499999396502972 -9.679999876767397 -0.8699996210634708 378 32 37 13 9 23 24 13 11 3 7 18 19 12 3 5 7 11 1 9 0 0 4 7 8 1 7 5 6 1 5 2 7 3 2 7 0 1 1105.6600076556206 3648.1000020504 862.7699984908104 304.520002245903 674.1800040602684 2785.3300035595894 1897.850000873208 887.4800026863813 25.919999703764915 81.3800009638071 932.3700031787157 1432.1000014096498 1858.8700003772974 105.54000103473663 365.4899997860193 441.0799994468689 887.4800026863813 103.53999927639961 304.520002245903 0 0 291.9800000190735 595.5000026673079 248.32000298798084 38.980000495910645 477.05000245571136 537.2100031524897 89.83000093698502 103.53999927639961 321.9599996358156 119.11999981105328 1321.6599972248077 200.70000179111958 164.78999799489975 81.3800009638071 0 56.19999925792217 352.1900014728308 4137.420007377863 4779.680009409785 2.000001072883606 -28.679999873042107 2.8100005239248276 -2.2599989883601665 -17.43999980762601 5.030000634491444 378 40 47 16 9 30 31 16 15 5 11 20 26 14 5 6 9 15 2 9 3 0 6 9 8 2 7 5 7 2 7 2 9 4 2 8 0 1 1672.2400098890066 4721.780000507832 1197.6499964892864 304.520002245903 1084.300004824996 3524.130004018545 2252.760004296899 1271.3699997216463 104.36999890208244 298.22999952733517 1161.8700060099363 2107.0899971425533 2098.47000195086 269.5500011742115 480.16999961435795 661.2799976170063 1271.3699997216463 174.43999980390072 304.520002245903 178.86999906599522 0 476.47999823093414 794.8900014907122 248.32000298798084 154.29000234603882 477.05000245571136 537.2100031524897 204.65000393986702 174.43999980390072 542.159997805953 119.11999981105328 1561.2599987983704 315.3800016194582 164.78999799489975 119.36000046133995 0 56.19999925792217 607.2699994295835 5416.190009608865 6498.390009298921 1.0000014156103134 -36.59999983012676 2.350000709295273 -6.389998659491539 -25.109999738633633 3.720000810921192 378 42 60 18 9 34 42 21 21 7 12 22 33 19 5 7 10 21 2 9 3 0 8 13 8 2 7 7 8 2 8 2 12 4 3 9 0 1 1962.53000998497 6598.969999358058 1450.629997342825 304.520002245903 1494.520005941391 5148.340002015233 3109.2900014668703 2039.0500005483627 224.29999992251396 447.14999900758266 1407.3200078606606 3023.6699975878 2954.9999991208315 269.5500011742115 584.2500008493662 810.1799972355366 2039.0500005483627 174.43999980390072 304.520002245903 178.86999906599522 0 718.2699965536594 1320.7800039947033 248.32000298798084 154.29000234603882 477.05000245571136 839.3600036352873 346.020004555583 174.43999980390072 691.0599974244833 119.11999981105328 2115.639995485544 315.3800016194582 268.869999229908 268.27999994158745 0 56.19999925792217 928.8399964570999 7216.550012037158 8785.800009265542 1.8030405044555664e-6 -43.579999804496765 1.5300009697675705 -6.489998213946819 -30.299999698996544 3.6500011309981346
379 1 0 0 1 0 0 0 0 0 0 0 0 0 0 0 0 0 0 1 0 0 0 0 1 0 0 0 0 0 0 0 0 0 0 0 0 0 0.0 0 0 0.0 0 0 0 0 0 0 0 0 0 0 0 0 0 0 0.0 0 0 0 0 0.0 0 0 0 0 0 0 0 0 0 0 0 0 0 0.0 0.0 0.0 7.450580596923828e-9 -0.3999999985098839 0.0 0.0 0.0 0.0 379 12 8 4 4 8 4 1 3 1 5 3 6 0 1 1 2 3 1 4 0 0 2 1 3 1 1 0 1 1 1 1 0 1 0 5 0 1 238.24000073969364 477.7400007247925 213.84999959170818 106.8199996650219 97.0900007635355 263.8900011330843 38.980000495910645 224.91000063717365 20.139999821782112 76.95000094175339 40.50999927520752 445.59000097215176 0 7.130000114440918 40.50999927520752 117.14000105857849 224.91000063717365 103.53999927639961 106.8199996650219 0 0 148.74999916553497 76.16000147163868 50.620000407099724 38.980000495910645 0.0 0 0.0 103.53999927639961 99.00000071525574 18.140000343322754 0 40.50999927520752 0 76.95000094175339 0 56.19999925792217 72.61000104248524 602.0000005066395 736.1200012862682 -1.999999739229679 -8.35999996215105 -1.7299998998641968 -2.0799998492002487 -2.48999996855855 -1.5499999187886715 379 27 23 7 8 19 16 7 9 2 8 12 13 6 2 3 3 9 1 8 1 0 3 6 7 1 3 3 6 1 1 2 3 3 0 7 0 1 763.9200034290552 1965.5400034189224 475.02000157535076 262.93000197410583 389.9900003820658 1490.5200018435717 778.630000025034 711.8900018185377 22.299999818205833 139.46000088751316 428.93000146746635 1033.5500016212463 739.6499995291233 85.960000872612 200.70000179111958 218.120000526309 711.8900018185377 103.53999927639961 262.93000197410583 58.079999923706055 0 202.20999836921692 509.6800034493208 206.73000271618366 38.980000495910645 138.39999873936176 233.54000033438206 89.83000093698502 103.53999927639961 99.00000071525574 119.11999981105328 506.10999919474125 200.70000179111958 0 81.3800009638071 0 56.19999925792217 239.9200020134449 2328.890004068613 2751.7600066661835 -1.999999225139618 -20.71999990940094 -1.4599996209144592 -6.069999288767576 -11.639999855309725 -0.3099995478987694 379 36 35 13 9 25 22 11 11 3 9 17 21 10 4 4 8 11 2 9 1 0 4 7 8 1 7 4 6 2 6 2 6 3 1 8 0 1 1353.5600069761276 3122.7500039488077 830.9899989068508 304.520002245903 770.2400034815073 2291.760005041957 1404.2800023555756 887.4800026863813 25.919999703764915 177.440000385046 840.6200037151575 1562.9700018167496 1365.300001859665 186.48000040650368 273.7400003224611 501.0499993264675 887.4800026863813 174.43999980390072 304.520002245903 58.079999923706055 0 291.9800000190735 595.5000026673079 248.32000298798084 38.980000495910645 477.05000245571136 380.30000101029873 89.83000093698502 174.43999980390072 381.92999951541424 119.11999981105328 985.0000008493662 200.70000179111958 73.03999853134155 119.36000046133995 0 56.19999925792217 363.5600016564131 3820.100007042289 4502.2300106287 1.0915100574493408e-6 -29.349999863654375 0.9900005236268044 -6.589998982846737 -18.739999763667583 1.6000005900859833 379 39 45 14 9 28 31 16 15 4 11 18 25 14 5 5 8 15 2 9 3 0 5 10 8 2 7 5 6 2 6 2 9 3 2 8 0 1 1557.4200068861246 4590.140005007386 922.739998370409 304.520002245903 945.3500023186207 3667.400006636977 2252.760004296899 1414.6400023400784 80.23999939858913 298.22999952733517 932.3700031787157 2090.1300014704466 2098.47000195086 269.5500011742115 365.4899997860193 501.0499993264675 1414.6400023400784 174.43999980390072 304.520002245903 178.86999906599522 0 384.16999900341034 1030.470003336668 248.32000298798084 154.29000234603882 477.05000245571136 537.2100031524897 89.83000093698502 174.43999980390072 381.92999951541424 119.11999981105328 1561.2599987983704 200.70000179111958 164.78999799489975 119.36000046133995 0 56.19999925792217 554.029999434948 5233.0100098103285 6227.8000112921 1.0000013932585716 -34.90999983623624 2.260000716894865 -6.979998663067818 -24.229999724775553 3.5400008149445057 379 45 67 20 9 35 47 22 25 7 12 25 37 20 7 9 10 25 2 9 3 0 7 18 8 2 7 8 9 2 7 3 12 6 3 9 0 1 2191.0600071400404 7408.060001134872 1511.489996984601 304.520002245903 1518.5100070983171 5896.570004150271 3150.0200017243624 2746.550002425909 214.03000137209892 447.14999900758266 1531.1500069350004 3702.4599997401237 2995.7299993783236 463.8199986219406 673.8200002163649 781.469997510314 2746.550002425909 174.43999980390072 304.520002245903 178.86999906599522 0 593.5099956542253 2153.0400067716837 248.32000298798084 154.29000234603882 477.05000245571136 969.3400026112795 380.2800042629242 174.43999980390072 542.159997805953 239.30999970436096 2026.389996767044 404.95000098645687 268.869999229908 268.27999994158745 0 56.19999925792217 1016.7200001776218 8102.19000929594 9813.150009647012 -2.9999979808926582 -47.319999776780605 -1.1099988967180252 -8.579997967928648 -32.369999662041664 1.3600012995302677
380 0 1 0 0 0 1 0 1 0 0 0 1 0 0 0 0 1 0 0 0 0 1 0 0 0 0 0 0 0 0 0 0 0 0 0 0 0 0 69.34000059962273 0 0 0 69.34000059962273 0 69.34000059962273 0 0 0 69.34000059962273 0 0 0 0 69.34000059962273 0 0 0 0 69.34000059962273 0 0 0 0 0 0 0 0 0 0 0 0 0 0 0 11.180000305175781 57.580000311136246 69.34000059962273 -0.999999962747097 -0.3999999985098839 -0.9999999701976776 -1.4199999570846558 -0.5099999904632568 -0.9999999701976776 380 5 6 3 2 3 3 1 2 0 3 1 3 0 1 1 1 2 0 2 0 0 2 0 1 1 0 0 0 0 1 0 0 1 0 3 0 1 79.8300011754036 383.43999890983105 195.70999924838543 56.19999925792217 72.70000106096268 187.72999966144562 38.980000495910645 148.74999916553497 0 72.70000106096268 40.50999927520752 247.7499998807907 0 7.130000114440918 40.50999927520752 99.00000071525574 148.74999916553497 0 56.19999925792217 0 0 148.74999916553497 0 0.0 38.980000495910645 0 0 0 0 99.00000071525574 0 0 40.50999927520752 0 72.70000106096268 0 56.19999925792217 44.87000131607056 383.66999876499176 463.27000008523464 -0.999999862164259 -4.269999977201223 -0.819999948143959 -1.4599998854100704 -2.5099999606609344 -0.6399999521672726 380 15 15 6 4 10 9 4 5 1 5 6 9 3 2 2 3 5 1 4 0 0 3 2 3 1 2 1 2 1 1 2 2 2 0 5 0 1 462.26000030338764 1220.0200003236532 372.0000002235174 106.8199996650219 242.27999956905842 848.0200001001358 469.9899995625019 378.0300005376339 20.139999821782112 76.95000094175339 242.86999924480915 699.6900003403425 431.00999906659126 85.960000872612 97.68000043928623 218.120000526309 378.0300005376339 103.53999927639961 106.8199996650219 0 0 202.20999836921692 175.82000216841698 50.620000407099724 38.980000495910645 126.22999902069569 74.81999945640564 18.959999784827232 103.53999927639961 99.00000071525574 119.11999981105328 356.1899996101856 97.68000043928623 0 76.95000094175339 0 56.19999925792217 120.8900008648634 1459.6599996387959 1702.420000448823 -0.9999995529651642 -12.22999994084239 -0.5499997921288013 -3.41999963670969 -6.739999908953905 -0.8199998028576374 380 24 24 8 7 17 16 7 9 2 7 11 14 6 2 3 4 9 1 7 0 0 3 6 6 1 4 2 4 1 2 2 4 3 0 7 0 1 825.5200042128563 2247.119999960065 586.9799996167421 258.55000196397305 455.97000117599964 1660.1400003433228 919.6999999433756 740.4400003999472 22.299999818205833 81.3800009638071 552.9900021851063 1174.0599982440472 880.7199994474649 85.960000872612 200.70000179111958 330.0799985677004 740.4400003999472 103.53999927639961 258.55000196397305 0 0 202.20999836921692 538.2300020307302 202.35000270605087 38.980000495910645 277.35999950766563 135.32000017166138 74.93000088632107 103.53999927639961 210.9599987566471 119.11999981105328 745.3999992758036 200.70000179111958 0 81.3800009638071 0 56.19999925792217 203.02000185847282 2683.0500018298626 3094.940003991127 -1.9999992474913597 -19.919999912381172 -1.4599996283650398 -5.619999278336763 -12.619999844580889 0.10000044107437134 380 33 35 11 9 24 24 11 13 3 8 17 21 10 2 4 6 13 2 9 1 0 4 9 8 1 7 4 6 2 4 2 6 3 1 7 0 1 1215.060007944703 3569.040002256632 764.459998935461 304.520002245903 732.2600039839745 2804.580003321171 1583.2199984788895 1221.3600048422813 25.919999703764915 139.46000088751316 840.6200037151575 1830.3200040012598 1544.2399979829788 85.960000872612 273.7400003224611 434.51999935507774 1221.3600048422813 174.43999980390072 304.520002245903 58.079999923706055 0 291.9800000190735 929.3800048232079 248.32000298798084 38.980000495910645 477.05000245571136 380.30000101029873 89.83000093698502 174.43999980390072 315.39999954402447 119.11999981105328 1163.93999697268 200.70000179111958 73.03999853134155 81.3800009638071 0 56.19999925792217 391.3500017821789 4099.500007092953 4810.0200099051 -1.9999988935887814 -28.409999880939722 -1.3699994310736656 -7.159998927265406 -17.989999789744616 0.6800006777048111 380 40 56 17 9 29 39 16 23 4 11 21 34 15 5 7 9 23 2 9 3 0 8 15 8 1 7 5 7 2 7 2 10 5 2 8 0 1 1698.7900075018406 6120.950000107288 1279.2799958884716 304.520002245903 1086.7200029343367 4841.670004218817 2343.780002936721 2497.890001282096 80.23999939858913 298.22999952733517 1270.0500030219555 3333.609998703003 2304.80000244081 269.5500011742115 561.7999990135431 661.2799976170063 2497.890001282096 174.43999980390072 304.520002245903 178.86999906599522 0 721.9499979764223 1775.9400033056736 248.32000298798084 38.980000495910645 477.05000245571136 537.2100031524897 231.200001552701 174.43999980390072 542.159997805953 119.11999981105328 1767.5899992883205 397.0100010186434 164.78999799489975 119.36000046133995 0 56.19999925792217 792.4699986577034 6506.350008234382 7899.980007007718 -6.999998297542334 -39.709999818354845 -5.739999063313007 -13.909998308867216 -28.89999970421195 -3.299998924136162
381 0 1 0 0 0 1 0 1 0 0 0 1 0 0 0 0 1 0 0 0 0 1 0 0 0 0 0 0 0 0 0 0 0 0 0 0 0 0 79.40999856591225 0 0 0 79.40999856591225 0 79.40999856591225 0 0 0 79.40999856591225 0 0 0 0 79.40999856591225 0 0 0 0 79.40999856591225 0 0 0 0 0 0 0 0 0 0 0 0 0 0 0 0.0 78.10999858379364 79.40999856591225 -0.999999962747097 -0.3999999985098839 -0.9999999701976776 -0.5999999642372131 0.0 -0.9999999701976776 381 3 7 3 1 1 4 1 3 0 1 2 4 0 1 2 1 3 0 1 0 0 2 1 1 1 0 0 0 0 1 0 0 2 0 1 0 0 10.370000004768372 484.0700015127659 196.68000115454197 0.0 3.2399998903274536 287.3900003582239 38.980000495910645 248.40999986231327 0 3.2399998903274536 97.68000043928623 347.410000577569 0 7.130000114440918 97.68000043928623 99.00000071525574 248.40999986231327 0 0.0 0 0 148.74999916553497 99.6600006967783 0.0 38.980000495910645 0 0 0 0 99.00000071525574 0 0 97.68000043928623 0 3.2399998903274536 0 0 16.730000257492065 451.81000123918056 494.44000151753426 -1.9999998360872269 -3.8699999786913395 -1.8199999146163464 -2.489999882876873 -1.9599999785423279 -2.2199999317526817 381 14 15 6 4 9 9 3 6 1 5 5 10 2 2 2 3 6 1 4 0 0 3 3 3 1 1 1 2 1 1 2 1 2 0 5 0 1 371.82000260055065 1059.5200017690659 372.0000002235174 106.8199996650219 151.84000186622143 687.5200015455484 228.4600020200014 459.059999525547 20.139999821782112 76.95000094175339 152.43000154197216 780.7199993282557 189.48000152409077 85.960000872612 97.68000043928623 218.120000526309 459.059999525547 103.53999927639961 106.8199996650219 0 0 202.20999836921692 256.8500011563301 50.620000407099724 38.980000495910645 0.0 60.50000071525574 54.75000110268593 103.53999927639961 99.00000071525574 119.11999981105328 128.98000080883503 97.68000043928623 0 76.95000094175339 0 56.19999925792217 93.6900011152029 1258.7900034934282 1451.4800041913986 -2.9999995455145836 -11.829999942332506 -2.54999977722764 -4.109999645501375 -5.289999920874834 -2.2499997913837433 381 25 24 8 7 18 16 8 8 2 8 12 12 7 2 4 3 8 1 7 1 0 3 5 6 1 4 4 4 1 1 2 3 3 1 7 0 1 894.280006095767 2128.070001989603 548.0600001066923 258.55000196397305 524.7300030589104 1580.0100018829107 925.3900007009506 654.6200011819601 22.299999818205833 139.46000088751316 636.7100026756525 976.2800009846687 886.41000020504 85.960000872612 273.7400003224611 218.120000526309 654.6200011819601 103.53999927639961 258.55000196397305 58.079999923706055 0 202.20999836921692 452.4100028127432 202.35000270605087 38.980000495910645 288.0400014668703 380.30000101029873 74.93000088632107 103.53999927639961 99.00000071525574 119.11999981105328 506.10999919474125 200.70000179111958 73.03999853134155 81.3800009638071 0 56.19999925792217 253.66000154614449 2582.4200055897236 3044.650007903576 7.450580596923828e-7 -20.319999910891056 0.540000356733799 -4.079999294131994 -12.149999845772982 1.3900004252791405 381 37 40 12 9 27 28 12 16 3 10 19 24 11 3 5 6 16 2 9 3 0 5 11 8 1 7 4 7 2 4 2 7 4 1 7 0 1 1558.1600070744753 4256.139996647835 846.0899983346462 304.520002245903 994.4200037419796 3410.0499983131886 1740.939998731017 1669.1099995821714 25.919999703764915 260.2500000298023 1063.6200037300587 2278.06999874115 1701.9599982351065 166.90000024437904 355.3699997216463 434.51999935507774 1669.1099995821714 174.43999980390072 304.520002245903 178.86999906599522 0 409.0099974423647 1260.1000021398067 248.32000298798084 38.980000495910645 477.05000245571136 380.30000101029873 231.200001552701 174.43999980390072 315.39999954402447 119.11999981105328 1321.6599972248077 282.33000119030476 73.03999853134155 81.3800009638071 0 56.19999925792217 517.5900013446808 4922.83000177145 5840.220003426075 -3.9999987222254276 -31.879999861121178 -3.189999330788851 -9.549998726695776 -21.95999975502491 -0.31999919936060905 381 43 61 17 9 30 44 17 27 4 12 20 39 16 7 6 10 27 2 9 3 0 8 19 8 1 7 5 7 2 7 3 11 4 2 9 0 1 2019.5000030994415 7065.63000921905 1330.7999978512526 304.520002245903 1213.1600010842085 5734.830011367798 2546.0100015848875 3188.8200097829103 80.23999939858913 424.669997677207 1155.3700031936169 4190.740008994937 2507.030001088977 463.8199986219406 447.1199991852045 827.4799994081259 3188.8200097829103 174.43999980390072 304.520002245903 178.86999906599522 0 773.4099984914064 2415.410011291504 248.32000298798084 38.980000495910645 477.05000245571136 537.2100031524897 231.200001552701 174.43999980390072 542.159997805953 285.32000160217285 1969.8199979364872 282.33000119030476 164.78999799489975 245.79999861121178 0 56.19999925792217 936.9900034815073 7558.460008144379 9165.370011717081 -9.999998070299625 -42.64999979361892 -8.379998903721571 -16.869998045265675 -32.739999670535326 -5.309998739510775
382 0 1 1 0 0 0 0 0 0 0 1 0 0 0 1 0 0 0 0 0 0 0 0 0 0 0 0 0 0 0 0 0 1 0 0 0 0 0 40.50999927520752 40.50999927520752 0 0 0 0 0 0 0 40.50999927520752 0 0 0 40.50999927520752 0 0 0 0 0 0 0 0 0 0 0 0 0 0 0 0 0 40.50999927520752 0 0 0 0 0.0 36.16999912261963 40.50999927520752 -3.725290298461914e-9 -0.3999999985098839 -1.1175870895385742e-8 0.3099999912083149 0.0 -1.1175870895385742e-8 382 4 8 3 1 1 5 2 3 0 1 2 4 1 2 2 1 3 0 1 0 0 2 1 1 1 0 0 0 0 0 1 1 2 0 1 0 0 89.20000076293945 615.0300010740757 198.65999990701675 0.0 3.2399998903274536 416.37000116705894 167.96000130474567 248.40999986231327 0 3.2399998903274536 97.68000043928623 349.3899993300438 128.98000080883503 85.960000872612 97.68000043928623 100.97999946773052 248.40999986231327 0 0.0 0 0 148.74999916553497 99.6600006967783 0.0 38.980000495910645 0 0 0 0 0 100.97999946773052 128.98000080883503 97.68000043928623 0 3.2399998903274536 0 0 16.590000331401825 661.8800013512373 704.2300018370152 -0.9999997951090336 -4.539999969303608 -0.6399998925626278 -2.7399998381733894 -2.799999952316284 -1.4999999180436134 382 14 14 6 3 11 8 3 5 1 6 6 8 2 2 2 3 5 0 3 1 0 3 2 2 1 2 1 2 0 1 2 1 2 0 5 0 1 476.00000597536564 983.3600002974272 372.0000002235174 106.8199996650219 359.560004517436 611.3600000739098 228.4600020200014 382.89999805390835 20.139999821782112 135.03000086545944 302.0700042694807 601.0199985802174 189.48000152409077 85.960000872612 97.68000043928623 218.120000526309 382.89999805390835 0 106.8199996650219 58.079999923706055 0 202.20999836921692 180.68999968469143 50.620000407099724 38.980000495910645 149.64000272750854 60.50000071525574 54.75000110268593 0 99.00000071525574 119.11999981105328 128.98000080883503 97.68000043928623 0 76.95000094175339 0 56.19999925792217 96.7800012677908 1267.2200052440166 1479.500006094575 -1.9999995976686478 -11.429999943822622 -1.5499998219311237 -3.8499996848404408 -5.799999911338091 -1.5699998438358307 382 24 25 8 7 17 17 8 9 2 8 11 13 7 2 4 3 9 1 7 1 0 4 5 6 1 4 4 3 1 1 2 3 3 1 7 0 1 893.0600060969591 2289.689998432994 548.0600001066923 258.55000196397305 523.5100030601025 1741.6299983263016 925.3900007009506 816.239997625351 22.299999818205833 139.46000088751316 635.4900026768446 1137.8999974280596 886.41000020504 85.960000872612 273.7400003224611 218.120000526309 816.239997625351 103.53999927639961 258.55000196397305 58.079999923706055 0 319.2399957925081 497.0000018328428 202.35000270605087 38.980000495910645 288.0400014668703 380.30000101029873 73.71000088751316 103.53999927639961 99.00000071525574 119.11999981105328 506.10999919474125 200.70000179111958 73.03999853134155 81.3800009638071 0 56.19999925792217 296.86000022292137 2673.9900027662516 3205.050004348159 -0.9999992251396179 -20.319999910891056 -0.45999961346387863 -4.859999258071184 -12.549999844282866 0.3000004515051842 382 38 43 13 9 27 30 12 18 3 10 19 27 11 4 5 7 18 2 9 3 0 4 14 8 1 7 4 7 2 5 2 7 4 1 7 0 1 1657.8300051242113 4576.639999687672 906.0599982142448 304.520002245903 994.4200037419796 3670.580001473427 1636.7299998998642 2033.8500015735626 25.919999703764915 260.2500000298023 1063.6200037300587 2702.7800006121397 1597.7499994039536 266.56999829411507 355.3699997216463 494.48999923467636 2033.8500015735626 174.43999980390072 304.520002245903 178.86999906599522 0 319.2399957925081 1714.6100057810545 248.32000298798084 38.980000495910645 477.05000245571136 380.30000101029873 231.200001552701 174.43999980390072 375.3699994236231 119.11999981105328 1217.4499983936548 282.33000119030476 73.03999853134155 81.3800009638071 0 56.19999925792217 588.2500011026859 5230.210003390908 6260.390004515648 -5.99999862164259 -33.349999848753214 -5.009999264031649 -11.779998619109392 -23.669999726116657 -2.2599991373717785 382 44 65 17 9 31 48 21 27 4 12 22 38 20 7 7 9 27 2 9 3 0 6 21 8 1 7 7 8 2 6 3 13 4 3 9 0 1 2053.7600028067827 7480.660009235144 1274.650000795722 304.520002245903 1247.4200007915497 6206.010008439422 3044.1199998259544 3161.890008613467 80.23999939858913 424.669997677207 1293.7100041359663 4003.580009534955 3005.139999330044 463.8199986219406 551.2000004202127 667.2500011175871 3161.890008613467 174.43999980390072 304.520002245903 178.86999906599522 0 552.6599969416857 2609.2300116717815 248.32000298798084 38.980000495910645 477.05000245571136 772.4200020730495 265.4600012600422 174.43999980390072 381.92999951541424 285.32000160217285 2232.7199972569942 282.33000119030476 268.869999229908 245.79999861121178 0 56.19999925792217 939.7300025224686 8000.800008535385 9614.660011440516 -5.999997973442078 -44.64999978616834 -4.379998844116926 -13.279997922480106 -32.819999653846025 -1.8199986405670643
383 0 1 0 0 0 1 0 1 0 0 0 1 0 0 0 0 1 0 0 0 0 0 1 0 0 0 0 0 0 0 0 0 0 0 0 0 0 0 99.6600006967783 0 0 0 99.6600006967783 0 99.6600006967783 0 0 0 99.6600006967783 0 0 0 0 99.6600006967783 0 0 0 0 0 99.6600006967783 0 0 0 0 0 0 0 0 0 0 0 0 0 0 0.0 99.23000068962574 99.6600006967783 -0.999999962747097 -0.3999999985098839 -0.9999999701976776 -0.9099999666213989 0.0 -0.9999999701976776 383 3 5 2 0 2 3 1 2 0 1 2 3 1 1 1 1 2 0 0 0 0 1 1 0 0 1 0 0 0 0 1 1 1 0 1 0 0 10.370000004768372 449.5399988144636 141.48999874293804 0 3.2399998903274536 308.0500000715256 128.98000080883503 179.06999926269054 0 3.2399998903274536 40.50999927520752 280.04999873042107 128.98000080883503 7.130000114440918 40.50999927520752 100.97999946773052 179.06999926269054 0 0 0 0 79.40999856591225 99.6600006967783 0 0 0.0 0 0 0 0 100.97999946773052 128.98000080883503 40.50999927520752 0 3.2399998903274536 0 0 1.8299999833106995 449.1099985986948 459.909998819232 -0.9999998658895493 -3.0699999816715717 -0.8199999295175076 -1.6799999140203 -1.0199999809265137 -1.6399999521672726 383 15 12 6 3 11 6 2 4 1 5 8 7 1 2 3 3 4 0 3 1 0 2 2 3 1 3 0 2 0 1 2 1 3 0 4 0 0 431.81000474095345 916.2200024724007 418.8200023174286 50.620000407099724 315.37000328302383 497.4000001549721 167.96000130474567 329.4399988502264 20.139999821782112 78.66999991238117 417.2600053399801 547.5599993765354 128.98000080883503 85.960000872612 200.70000179111958 218.120000526309 329.4399988502264 0 50.620000407099724 58.079999923706055 0 148.74999916553497 180.68999968469143 50.620000407099724 38.980000495910645 161.81000244617462 0 54.75000110268593 0 99.00000071525574 119.11999981105328 128.98000080883503 200.70000179111958 0 20.589999988675117 0 0 101.9200010150671 1154.5000059753656 1368.1700070351362 -1.9999996535480022 -11.029999945312738 -1.5499998703598976 -5.079999722540379 -6.779999900609255 -1.7299998886883259 383 26 27 8 7 17 19 7 12 1 8 12 16 6 3 4 3 12 1 7 1 0 4 8 6 1 3 4 5 1 1 2 2 4 0 7 0 1 858.8900065869093 2596.4199980944395 556.6500009745359 258.55000196397305 406.2400041818619 2039.7699971199036 775.470001116395 1264.2999960035086 20.139999821782112 139.46000088751316 528.9700046628714 1585.9599958062172 736.4900006204844 166.90000024437904 282.33000119030476 218.120000526309 1264.2999960035086 103.53999927639961 258.55000196397305 58.079999923706055 0 319.2399957925081 945.0600002110004 202.35000270605087 38.980000495910645 161.81000244617462 380.30000101029873 84.83000102639198 103.53999927639961 99.00000071525574 119.11999981105328 356.1899996101856 282.33000119030476 0 81.3800009638071 0 56.19999925792217 381.830000564456 2840.3200030326843 3475.450004503131 -4.999999117106199 -21.29999990016222 -4.369999531656504 -9.619999136775732 -14.30999981611967 -3.1899994648993015 383 40 44 13 9 29 31 10 21 4 11 19 30 9 5 5 7 21 2 9 2 0 5 16 8 1 7 4 7 2 4 3 5 4 1 9 0 1 1839.7100026607513 4740.340009287 1034.5899998098612 304.520002245903 1136.0200015753508 3705.7500094771385 1164.9900022745132 2540.7600072026253 80.23999939858913 347.52999816834927 1063.6200037300587 3338.2200078368187 1126.0100017786026 361.16999769210815 355.3699997216463 623.0200008302927 2540.7600072026253 174.43999980390072 304.520002245903 101.72999955713749 0 462.8899952918291 2077.870011910796 248.32000298798084 38.980000495910645 477.05000245571136 380.30000101029873 231.200001552701 174.43999980390072 337.69999922811985 285.32000160217285 745.7100007683039 282.33000119030476 73.03999853134155 245.79999861121178 0 56.19999925792217 744.1900041848421 5406.580005243421 6660.29001134634 -10.999998517334461 -34.90999983623624 -9.739999193698168 -17.44999849796295 -26.299999702721834 -7.609999071806669 383 44 67 18 9 33 49 20 29 6 12 21 42 19 7 6 11 29 2 9 3 0 8 21 8 1 7 6 8 2 6 5 13 4 2 9 0 1 2053.7600028067827 7717.080006569624 1468.3399979025126 304.520002245903 1349.7800023555756 6248.740008667111 2887.2099976837635 3361.530010983348 182.600000962615 424.669997677207 1189.630002900958 4500.9900102466345 2848.229997187853 463.8199986219406 447.1199991852045 965.0199994593859 3361.530010983348 174.43999980390072 304.520002245903 178.86999906599522 0 752.2999993115664 2609.2300116717815 248.32000298798084 38.980000495910645 477.05000245571136 615.5099999308586 265.4600012600422 174.43999980390072 381.92999951541424 583.0899999439716 2232.7199972569942 282.33000119030476 164.78999799489975 245.79999861121178 0 56.19999925792217 1026.5900036990643 8209.450005501509 9953.440010339022 -8.99999788403511 -46.42999977990985 -7.199998784810305 -14.089997857809067 -33.21999965980649 -3.829998593777418
384 1 0 0 0 0 0 0 0 0 0 0 0 0 1 0 0 0 0 0 0 0 0 0 0 0 0 0 0 0 0 0 0 0 0 0 0 0 7.130000114440918 0 0 0 0 0 0 0 0 0 0 0 0 7.130000114440918 0 0 0 0 0 0 0 0 0 0 0 0 0 0 0 0 0 0 0 0 0 0 0 0.0 7.130000114440918 7.130000114440918 1.862645149230957e-8 -0.26999999210238457 0.18000000715255737 0.09000000357627869 0.0 0.09000000357627869 384 8 8 3 3 5 5 2 3 1 1 4 5 1 1 1 2 3 0 3 0 0 2 1 3 1 1 0 2 0 1 1 1 1 0 1 0 0 115.74000151455402 656.8600006252527 240.48999945819378 50.620000407099724 78.1300008147955 416.37000116705894 167.96000130474567 248.40999986231327 20.139999821782112 3.2399998903274536 95.26000037789345 448.39000004529953 128.98000080883503 7.130000114440918 40.50999927520752 199.98000018298626 248.40999986231327 0 50.620000407099724 0 0 148.74999916553497 99.6600006967783 50.620000407099724 38.980000495910645 0.0 0 54.75000110268593 0 99.00000071525574 100.97999946773052 128.98000080883503 40.50999927520752 0 3.2399998903274536 0 0 30.48000018298626 716.2300020158291 792.7400019615889 -0.9999997541308403 -6.759999968111515 -0.7299998849630356 -1.9199998527765274 -1.979999978095293 -1.5899999104440212 384 21 19 7 6 14 12 4 8 1 8 8 12 3 2 3 3 8 1 6 1 0 3 5 5 1 3 2 2 1 1 2 1 3 0 7 0 1 696.9200069755316 1470.6400036811829 475.02000157535076 207.60000164806843 376.1600042581558 995.6200021058321 341.000000923872 654.6200011819601 20.139999821782112 139.46000088751316 417.2600053399801 976.2800009846687 302.02000042796135 85.960000872612 200.70000179111958 218.120000526309 654.6200011819601 103.53999927639961 207.60000164806843 58.079999923706055 0 202.20999836921692 452.4100028127432 151.40000239014626 38.980000495910645 161.81000244617462 173.03999961912632 54.75000110268593 103.53999927639961 99.00000071525574 119.11999981105328 128.98000080883503 200.70000179111958 0 81.3800009638071 0 56.19999925792217 189.17000204324722 1846.2600082755089 2187.7000104784966 -3.9999993927776814 -16.22999992594123 -3.5499997064471245 -6.599999446421862 -8.269999880343676 -2.919999659061432 384 30 28 9 8 21 19 8 11 3 8 13 18 7 3 3 5 11 2 8 1 0 3 8 7 1 4 4 6 2 3 2 3 3 0 7 0 1 1065.400006055832 2538.78000202775 653.7500002086163 262.93000197410583 543.2500029951334 1885.0300018191338 925.3900007009506 959.6400011181831 25.919999703764915 139.46000088751316 578.5700041949749 1530.9300000816584 886.41000020504 166.90000024437904 200.70000179111958 396.8499991595745 959.6400011181831 174.43999980390072 262.93000197410583 58.079999923706055 0 202.20999836921692 757.4300027489662 206.73000271618366 38.980000495910645 288.0400014668703 380.30000101029873 89.83000093698502 174.43999980390072 277.72999934852123 119.11999981105328 506.10999919474125 200.70000179111958 0 81.3800009638071 0 56.19999925792217 316.65000039339066 3067.390005901456 3630.100007787347 -2.9999990463256836 -24.279999889433384 -2.1899995133280754 -7.889999106526375 -14.889999806880951 -0.9699994474649429 384 40 44 14 9 28 30 12 18 4 10 19 28 11 6 5 8 18 2 9 2 0 5 13 8 1 7 4 7 2 6 2 7 4 1 8 0 1 1716.250007390976 4314.369999289513 912.619998306036 304.520002245903 1009.5800034254789 3401.7500009834766 1540.630001053214 1861.1199999302626 80.23999939858913 221.09000001847744 1063.6200037300587 2536.609999060631 1501.6500005573034 364.1500005722046 355.3699997216463 501.0499993264675 1861.1199999302626 174.43999980390072 304.520002245903 101.72999955713749 0 409.0099974423647 1452.1100024878979 248.32000298798084 38.980000495910645 477.05000245571136 380.30000101029873 231.200001552701 174.43999980390072 381.92999951541424 119.11999981105328 1121.3499995470047 282.33000119030476 73.03999853134155 119.36000046133995 0 56.19999925792217 585.2399997115135 5080.520004227757 6110.860006079078 -5.999998565763235 -34.77999982982874 -4.559999246150255 -12.14999858289957 -24.48999970778823 -2.389999132603407 384 45 72 19 9 35 53 22 31 7 12 24 43 20 7 8 10 31 2 9 3 0 9 22 8 2 7 7 9 2 6 4 13 5 3 9 0 1 2168.5800058096647 8070.500012457371 1402.7800006568432 304.520002245903 1488.7300048619509 6667.720011800528 3159.4300016760826 3508.290010124445 206.73000046610832 424.669997677207 1416.4700071066618 4470.1700109392405 3005.139999330044 463.8199986219406 559.1400003880262 787.4400010108948 3508.290010124445 174.43999980390072 304.520002245903 178.86999906599522 0 844.4899982959032 2663.8000118285418 248.32000298798084 154.29000234603882 477.05000245571136 772.4200020730495 380.2800042629242 174.43999980390072 381.92999951541424 405.51000149548054 2232.7199972569942 290.27000115811825 268.869999229908 245.79999861121178 0 56.19999925792217 1077.560004785657 8625.950013294816 10445.810018733144 -8.99999776110053 -49.319999769330025 -7.109998714178801 -11.779997758567333 -32.71999968588352 -3.179998494684696
385 1 0 0 0 1 0 0 0 0 1 0 0 0 0 0 0 0 0 0 0 0 0 0 0 0 0 0 0 0 0 0 0 0 0 1 0 0 3.2399998903274536 0 0 0 3.2399998903274536 0 0 0 0 3.2399998903274536 0 0 0 0 0 0 0 0 0 0 0 0 0 0 0 0 0 0 0 0 0 0 0 0 3.2399998903274536 0 0 0.0 3.2399998903274536 3.2399998903274536 7.450580596923828e-9 -0.3999999985098839 0.0 -0.18000000715255737 0.0 -0.18000000715255737 385 8 12 4 1 6 8 3 5 0 2 6 7 2 1 2 2 5 0 1 0 0 2 3 1 1 2 1 2 0 0 2 1 2 0 2 0 0 215.7700038254261 837.0400003194809 216.8000002503395 0.0 208.64000371098518 620.2400000691414 228.4600020200014 391.77999804914 0 4.2499998807907104 302.0700042694807 510.89999786019325 189.48000152409077 7.130000114440918 97.68000043928623 119.11999981105328 391.77999804914 0 0.0 0 0 132.8699977695942 258.9100002795458 0.0 38.980000495910645 149.64000272750854 60.50000071525574 54.75000110268593 0 0 119.11999981105328 128.98000080883503 97.68000043928623 0 4.2499998807907104 0 0 35.900000125169754 977.6900037676096 1052.810004144907 -1.9999996647238731 -7.869999963790178 -1.8199998177587986 -2.719999745488167 -3.0199999511241913 -1.969999834895134 385 23 20 8 7 15 12 5 7 1 8 9 12 4 2 3 4 7 1 7 1 0 3 4 6 1 3 3 3 1 2 2 1 3 0 7 0 1 766.8300070762634 1552.510005146265 541.7900021672249 258.55000196397305 395.12000404298306 1010.7200029790401 473.44000285863876 537.2800001204014 20.139999821782112 139.46000088751316 436.22000512480736 925.7100005149841 434.4600023627281 85.960000872612 200.70000179111958 284.89000111818314 537.2800001204014 103.53999927639961 258.55000196397305 58.079999923706055 0 202.20999836921692 335.07000175118446 202.35000270605087 38.980000495910645 161.81000244617462 305.4800015538931 73.71000088751316 103.53999927639961 165.77000130712986 119.11999981105328 128.98000080883503 200.70000179111958 0 81.3800009638071 0 56.19999925792217 209.62000180780888 1951.1000100076199 2339.4800120443106 -1.9999993778765202 -17.42999992147088 -1.549999713897705 -6.959999427199364 -11.209999848157167 -1.139999683946371 385 34 34 10 9 24 24 11 13 3 9 16 20 10 3 4 5 13 2 9 2 0 3 10 8 1 6 4 6 2 3 2 6 3 1 7 0 1 1321.9900070726871 3328.7500038444996 674.800000578165 304.520002245903 758.2500037401915 2653.9500032663345 1397.4399998188019 1256.5100034475327 25.919999703764915 183.1100005209446 822.9600038379431 1775.8100042492151 1358.4599993228912 166.90000024437904 273.7400003224611 344.86000099778175 1256.5100034475327 174.43999980390072 304.520002245903 101.72999955713749 0 202.20999836921692 1054.3000050783157 248.32000298798084 38.980000495910645 459.39000257849693 380.30000101029873 89.83000093698502 174.43999980390072 225.74000118672848 119.11999981105328 978.1599983125925 200.70000179111958 73.03999853134155 81.3800009638071 0 56.19999925792217 396.7100003361702 3955.2800088971853 4676.660010620952 -1.9999988824129105 -28.279999874532223 -1.1899994239211082 -7.569998912513256 -18.699999772012234 0.8500006794929504 385 43 53 15 9 30 38 18 20 4 11 21 30 17 7 6 8 20 2 9 3 0 5 15 8 1 7 7 8 2 6 2 10 4 2 8 0 1 1927.320004656911 5610.680002212524 1004.3699977695942 304.520002245903 1120.9800026416779 4606.31000444293 2546.9299996197224 2059.380004823208 80.23999939858913 298.22999952733517 1189.630002900958 2734.870003953576 2507.9499991238117 463.8199986219406 447.1199991852045 501.0499993264675 2059.380004823208 174.43999980390072 304.520002245903 178.86999906599522 0 409.0099974423647 1650.3700073808432 248.32000298798084 38.980000495910645 477.05000245571136 772.4200020730495 265.4600012600422 174.43999980390072 381.92999951541424 119.11999981105328 1735.5299970507622 282.33000119030476 164.78999799489975 119.36000046133995 0 56.19999925792217 684.9399979263544 6419.8600066155195 7618.240006268024 -1.9999983087182045 -39.449999805539846 -0.3799990825355053 -8.459998287260532 -27.609999675303698 2.0600010864436626 385 48 76 22 12 38 54 24 30 9 12 26 43 21 7 9 11 30 2 12 3 0 10 20 10 3 7 8 10 2 8 3 13 6 3 9 0 2 2272.5000066012144 8335.95000077784 1558.3999980688095 442.390003234148 1565.4400035887957 6777.550002709031 3442.5599999427795 3334.9900027662516 280.849999204278 424.669997677207 1501.6900074481964 4333.320000454783 3175.2199986428022 463.8199986219406 641.7700007408857 823.8899978846312 3334.9900027662516 174.43999980390072 442.390003234148 178.86999906599522 0 973.3199939578772 2361.6700088083744 349.6500037908554 267.3400012999773 477.05000245571136 969.3400026112795 382.8700042515993 174.43999980390072 584.5799981802702 239.30999970436096 2205.8799960315228 372.90000151097775 268.869999229908 245.79999861121178 0 92.73999944329262 1143.6599991470575 8970.760007634759 10889.300006583333 -5.9999977089464664 -53.099999755620956 -3.929998729377985 -10.23999771848321 -35.1799996457994 -0.4699985161423683
386 0 1 1 0 0 0 0 0 0 0 0 1 0 0 0 1 0 0 0 0 0 0 0 0 0 0 0 0 0 0 1 0 0 0 0 0 0 0 100.97999946773052 100.97999946773052 0 0 0 0 0 0 0 0 100.97999946773052 0 0 0 100.97999946773052 0 0 0 0 0 0 0 0 0 0 0 0 0 0 100.97999946773052 0 0 0 0 0 0 0.18000000715255737 99.34999941289425 100.97999946773052 7.450580596923828e-9 -0.3999999985098839 0.0 -0.41999998688697815 -0.5099999904632568 0.0 386 6 4 2 0 5 2 1 1 0 2 4 2 1 1 1 1 1 0 0 1 0 0 1 0 0 2 0 1 0 0 1 1 1 0 1 0 0 272.8400037586689 370.13000024855137 141.48999874293804 0 265.710003644228 228.64000150561333 128.98000080883503 99.6600006967783 0 61.31999981403351 244.900003105402 200.64000016450882 128.98000080883503 7.130000114440918 40.50999927520752 100.97999946773052 99.6600006967783 0 0 58.079999923706055 0 0 99.6600006967783 0 0 149.64000272750854 0 54.75000110268593 0 0 100.97999946773052 128.98000080883503 40.50999927520752 0 3.2399998903274536 0 0 37.80999991297722 575.4900038391352 642.9700040072203 1.1920928955078125e-7 -3.8699999786913395 0.18000004068017006 -1.2299999259412289 -1.5299999713897705 -0.4599999748170376 386 16 15 4 4 11 11 4 7 1 5 7 9 3 2 2 2 7 0 4 1 0 3 4 4 1 3 2 2 0 0 2 1 2 0 4 0 0 466.6400048881769 1166.5300011634827 216.8000002503395 88.82000067830086 312.0000031590462 949.7300009131432 326.6800021827221 623.0499987304211 20.139999821782112 75.29999978840351 314.2400039881468 742.1699985414743 287.70000168681145 85.960000872612 97.68000043928623 119.11999981105328 623.0499987304211 0 88.82000067830086 58.079999923706055 0 202.20999836921692 420.84000036120415 88.82000067830086 38.980000495910645 161.81000244617462 158.72000087797642 54.75000110268593 0 0 119.11999981105328 128.98000080883503 97.68000043928623 0 17.219999864697456 0 0 119.97000007331371 1421.8800057172775 1653.3100058734417 -2.999999478459358 -12.629999939352274 -2.549999725073576 -4.2599995620548725 -5.289999920874834 -2.799999713897705 386 28 28 10 7 20 18 6 12 3 8 14 18 5 3 5 4 12 2 7 1 0 4 8 6 1 3 4 6 2 2 2 1 4 1 7 0 1 1071.1600077301264 2569.6200043559074 696.4600000977516 258.55000196397305 553.3900046795607 1873.1600042581558 548.2600023150444 1324.9000019431114 25.919999703764915 139.46000088751316 743.3800038099289 1784.2300028651953 509.28000181913376 166.90000024437904 355.3699997216463 284.89000111818314 1324.9000019431114 174.43999980390072 258.55000196397305 58.079999923706055 0 319.2399957925081 1005.6600061506033 202.35000270605087 38.980000495910645 161.81000244617462 380.30000101029873 226.20000164210796 174.43999980390072 165.77000130712986 119.11999981105328 128.98000080883503 282.33000119030476 73.03999853134155 81.3800009638071 0 56.19999925792217 398.26000088453293 2986.900009870529 3666.7000117897987 -5.999999087303877 -23.479999892413616 -5.1899995394051075 -9.369999159127474 -13.72999982535839 -4.629999492317438 386 43 53 15 9 31 38 16 22 4 12 20 33 15 6 5 9 22 2 9 3 0 6 16 8 1 7 6 8 2 6 3 9 4 1 9 0 1 1970.690002039075 5521.820000573993 1032.8099981993437 304.520002245903 1247.4200007915497 4489.010002374649 2038.739999294281 2450.270003080368 80.23999939858913 424.669997677207 1097.8800034373999 3245.950002104044 1999.7599987983704 380.7499978542328 355.3699997216463 621.2399992197752 2450.270003080368 174.43999980390072 304.520002245903 178.86999906599522 0 534.0899953395128 1916.1800077408552 248.32000298798084 38.980000495910645 477.05000245571136 615.5099999308586 265.4600012600422 174.43999980390072 381.92999951541424 239.30999970436096 1384.2499988675117 282.33000119030476 73.03999853134155 245.79999861121178 0 56.19999925792217 733.7100006937981 6294.179999187589 7572.750002011657 -5.999998282641172 -39.579999811947346 -4.55999905243516 -10.489998310804367 -26.72999970987439 -2.1799989156425 386 48 76 23 12 36 53 21 32 7 13 26 45 18 7 10 11 32 2 12 3 0 9 23 10 3 7 7 9 2 7 4 11 7 3 10 0 2 2238.3200040906668 8097.110008135438 1627.2900000363588 442.390003234148 1437.4000027477741 6469.820008099079 2865.5300009697676 3604.2900071293116 186.9900008738041 505.30999816954136 1449.790002912283 4608.590008318424 2598.1899996697903 463.8199986219406 704.6899992078543 829.860001385212 3604.2900071293116 174.43999980390072 442.390003234148 178.86999906599522 0 881.0099947303534 2723.280012398958 349.6500037908554 267.3400012999773 477.05000245571136 772.4200020730495 268.0500012487173 174.43999980390072 424.3499998897314 405.51000149548054 1825.7699975967407 435.8199999779463 268.869999229908 326.43999910354614 0 92.73999944329262 1130.8600050061941 8623.060007855296 10522.420013099909 -10.999997735023499 -52.11999975889921 -9.109998740255833 -15.229997731745243 -34.779999639838934 -5.059998523443937
387 0 1 0 0 0 1 1 0 0 0 0 0 1 0 0 0 0 0 0 0 0 0 0 0 0 0 0 0 0 0 0 1 0 0 0 0 0 0 128.98000080883503 0 0 0 128.98000080883503 128.98000080883503 0 0 0 0 0 128.98000080883503 0 0 0 0 0 0 0 0 0 0 0 0 0 0 0 0 0 0 128.98000080883503 0 0 0 0 0 1.649999976158142 125.88000078499317 128.98000080883503 1.0000000223517418 -0.3999999985098839 1.0000000149011612 0.03000001609325409 -0.5099999904632568 0.45000000298023224 387 8 5 3 1 7 2 1 1 1 2 6 2 1 1 2 1 1 0 1 1 0 0 1 1 0 3 0 1 0 0 1 1 2 0 1 0 0 335.6300038844347 473.1500016003847 244.51000009477139 50.620000407099724 298.02000318467617 228.64000150561333 128.98000080883503 99.6600006967783 20.139999821782112 61.31999981403351 360.0900041759014 200.64000016450882 128.98000080883503 7.130000114440918 143.53000062704086 100.97999946773052 99.6600006967783 0 50.620000407099724 58.079999923706055 0 0 99.6600006967783 50.620000407099724 0 161.81000244617462 0 54.75000110268593 0 0 100.97999946773052 128.98000080883503 143.53000062704086 0 3.2399998903274536 0 0 76.01000069081783 681.9800042510033 828.9200053066015 1.4156103134155273e-7 -5.559999972581863 0.27000003308057785 -1.849999900907278 -2.9999999590218067 -0.2799999788403511 387 16 12 5 4 10 7 3 4 1 4 8 7 2 2 3 2 4 1 4 1 0 2 2 4 1 3 1 2 1 1 1 1 3 0 3 0 0 591.0700043737888 996.3000022917986 400.68000197410583 113.20000211894512 306.40000331401825 595.6200003176928 266.18000146746635 329.4399988502264 20.139999821782112 69.69999994337559 417.2600053399801 632.9599983096123 227.2000009715557 88.06999948620796 200.70000179111958 199.98000018298626 329.4399988502264 103.53999927639961 113.20000211894512 58.079999923706055 0 148.74999916553497 180.68999968469143 113.20000211894512 38.980000495910645 161.81000244617462 98.22000016272068 54.75000110268593 103.53999927639961 99.00000071525574 100.97999946773052 128.98000080883503 200.70000179111958 0 11.620000019669533 0 0 161.6800009161234 1333.5100051164627 1607.5100064873695 -0.9999996088445187 -11.429999943822622 -0.5499998331069946 -4.529999632388353 -7.739999890327454 -0.30999981239438057 387 32 26 8 8 21 18 7 11 2 9 13 17 6 4 3 4 11 2 8 1 0 4 7 7 1 3 4 7 2 2 2 2 3 0 8 0 1 1213.1200065463781 2290.1800055503845 541.7900021672249 262.93000197410583 594.2100040912628 1748.3900033831596 644.6700026541948 1103.7200007289648 23.759999707341194 177.440000385046 593.7100057899952 1563.0500016510487 605.6900021582842 261.49999964237213 200.70000179111958 284.89000111818314 1103.7200007289648 174.43999980390072 262.93000197410583 58.079999923706055 0 319.2399957925081 784.4800049364567 206.73000271618366 38.980000495910645 161.81000244617462 380.30000101029873 231.200001552701 174.43999980390072 165.77000130712986 119.11999981105328 225.39000114798546 200.70000179111958 0 119.36000046133995 0 56.19999925792217 342.44999873638153 2942.0200120806694 3527.060011804104 -3.999999061226845 -23.659999884665012 -3.099999524652958 -9.509999118745327 -14.67999979108572 -2.799999475479126 387 41 55 15 9 30 40 15 25 5 11 20 35 14 6 6 8 25 2 9 2 0 7 18 8 1 6 6 8 2 5 3 8 5 1 9 0 1 1754.5900017619133 5682.200005844235 1003.0799979716539 304.520002245903 1084.5000020116568 4679.1200078725815 1820.8200007677078 2858.3000071048737 133.4200008958578 347.52999816834927 966.8600026369095 3616.3100059330463 1781.8400002717972 380.7499978542328 363.3099996894598 583.569999024272 2858.3000071048737 174.43999980390072 304.520002245903 101.72999955713749 0 623.8599969893694 2234.4400101155043 248.32000298798084 38.980000495910645 338.0900016874075 615.5099999308586 265.4600012600422 174.43999980390072 344.259999319911 239.30999970436096 1166.3300003409386 290.27000115811825 73.03999853134155 245.79999861121178 0 56.19999925792217 773.4700013101101 6252.470004498959 7570.2100085020065 -9.999998208135366 -40.06999981030822 -8.469998985528946 -12.469998244196177 -24.82999972254038 -5.839998837560415 387 49 79 23 12 37 56 22 34 7 13 27 47 19 7 10 11 34 2 12 3 0 10 24 10 3 7 7 10 2 7 4 12 7 3 10 0 2 2353.140007093549 8484.730008617043 1559.2599988430738 442.390003234148 1552.2200057506561 6925.47000977397 3071.8600014597178 3853.610008314252 186.9900008738041 505.30999816954136 1496.58000472188 4857.910009503365 2804.5200001597404 463.8199986219406 636.6599980145693 829.860001385212 3853.610008314252 174.43999980390072 442.390003234148 178.86999906599522 0 1009.4499970525503 2844.1600112617016 349.6500037908554 267.3400012999773 477.05000245571136 772.4200020730495 382.8700042515993 174.43999980390072 424.3499998897314 405.51000149548054 2032.099998086691 435.8199999779463 200.839998036623 326.43999910354614 0 92.73999944329262 1175.1600055396557 9045.740010872483 11024.860016584396 -11.99999763071537 -53.71999975293875 -10.109998665750027 -16.859997607767582 -37.16999962553382 -5.80999843403697
388 1 0 0 0 1 0 0 0 0 0 1 0 0 0 0 0 0 0 0 0 0 0 0 0 0 1 0 0 0 0 0 0 0 0 0 0 0 0.0 0 0 0 0.0 0 0 0 0 0 0.0 0 0 0 0 0 0 0 0 0 0 0 0 0 0 0.0 0 0 0 0 0 0 0 0 0 0 0 0.0 0.0 0.0 7.450580596923828e-9 -0.3999999985098839 0.0 0.0 0.0 0.0 388 14 4 1 4 10 3 2 1 1 4 5 2 2 1 0 1 1 0 4 1 0 0 1 4 0 3 1 2 0 0 1 1 0 0 3 0 0 402.6400056183338 427.84000113606453 100.97999946773052 113.20000211894512 302.4500032067299 326.860001668334 227.2000009715557 99.6600006967783 20.139999821782112 65.74999983608723 216.56000354886055 200.64000016450882 227.2000009715557 7.130000114440918 0 100.97999946773052 99.6600006967783 0 113.20000211894512 58.079999923706055 0 0 99.6600006967783 113.20000211894512 0 161.81000244617462 98.22000016272068 54.75000110268593 0 0 100.97999946773052 128.98000080883503 0 0 7.669999912381172 0 0 73.72000043094158 714.3700061142445 850.6200065761805 1.000000223517418 -7.559999965131283 1.2700000777840614 -0.6199998296797276 -2.9999999590218067 0.9500000923871994 388 28 18 7 7 20 11 5 6 3 8 12 12 4 2 3 4 6 2 7 1 0 2 4 7 1 3 3 6 2 2 2 1 3 0 7 0 0 860.3400062769651 1412.09000505507 485.5900029093027 206.73000271618366 417.0200039744377 926.5000021457672 401.50000163912773 525.0000005066395 25.919999703764915 139.46000088751316 452.3400051742792 984.3300014287233 362.5200011432171 88.06999948620796 200.70000179111958 284.89000111818314 525.0000005066395 174.43999980390072 206.73000271618366 58.079999923706055 0 148.74999916553497 376.2500013411045 206.73000271618366 38.980000495910645 161.81000244617462 233.54000033438206 89.83000093698502 174.43999980390072 165.77000130712986 119.11999981105328 128.98000080883503 200.70000179111958 0 81.3800009638071 0 0 227.34000125527382 1925.4000088870525 2298.3500110358 -0.9999993331730366 -19.609999913722277 -0.3699997067451477 -6.4499994441866875 -10.209999859333038 -0.829999677836895 388 35 36 12 9 24 24 10 14 4 9 14 24 9 5 3 8 14 2 9 1 0 4 10 8 1 5 4 6 2 6 2 5 3 0 8 0 1 1182.9700065851212 3104.8900092095137 757.9500003755093 304.520002245903 559.370003387332 2346.9400088340044 1095.5000037252903 1251.440005108714 80.23999939858913 177.440000385046 502.3900053948164 1926.9300042390823 1056.5200032293797 281.07999980449677 200.70000179111958 501.0499993264675 1251.440005108714 174.43999980390072 304.520002245903 58.079999923706055 0 291.9800000190735 959.4600050896406 248.32000298798084 38.980000495910645 211.8600026667118 380.30000101029873 89.83000093698502 174.43999980390072 381.92999951541424 119.11999981105328 676.2200022190809 200.70000179111958 0 119.36000046133995 0 56.19999925792217 389.860000371933 3684.5700128674507 4368.100015193224 -3.9999987967312336 -29.709999855607748 -2.7399993762373924 -9.019998889416456 -17.559999775141478 -1.6099992990493774 388 44 57 17 9 32 40 18 22 5 10 24 33 16 7 7 9 22 2 9 2 0 7 15 8 2 7 7 10 2 6 3 9 5 2 8 0 1 1967.5900081396103 5648.140006393194 1132.4999976307154 304.520002245903 1214.430007621646 4515.640008762479 2310.9600032866 2204.6800054758787 133.4200008958578 221.09000001847744 1314.9800058603287 3000.3600044995546 2156.6700009405613 463.8199986219406 455.059999153018 621.2399992197752 2204.6800054758787 174.43999980390072 304.520002245903 101.72999955713749 0 572.3999964743853 1632.2800090014935 248.32000298798084 154.29000234603882 477.05000245571136 772.4200020730495 382.8700042515993 174.43999980390072 381.92999951541424 239.30999970436096 1384.2499988675117 290.27000115811825 164.78999799489975 119.36000046133995 0 56.19999925792217 735.2699996083975 6482.360013052821 7749.150015428662 -3.999998215585947 -41.93999979645014 -2.289999034255743 -6.769998267292976 -25.11999971419573 0.28000112622976303 388 54 79 25 13 41 54 24 30 9 14 31 45 21 7 12 11 30 5 13 3 1 9 21 11 3 8 8 10 4 8 3 13 8 4 11 0 2 2718.7100076526403 8299.08000060916 1605.429999768734 442.390003234148 1837.7400055527687 6693.6500008404255 3442.5599999427795 3251.090000897646 267.6000013500452 654.2299976497889 1717.890007197857 4297.650001630187 3175.2199986428022 463.8199986219406 801.2300006300211 711.4599996954203 3251.090000897646 335.850001052022 442.390003234148 178.86999906599522 0.7500000149011612 881.0099947303534 2370.0800061672926 349.6500037908554 267.3400012999773 533.0400023013353 969.3400026112795 382.8700042515993 335.1000010371208 472.1499999910593 239.30999970436096 2205.8799960315228 496.31000135838985 304.91999927163124 475.35999858379364 0 92.73999944329262 1216.400001347065 9292.120007455349 11286.140009626746 -5.999997641891241 -57.099999740719795 -3.9299987368285656 -12.689997624605894 -39.68999957665801 0.39000149071216583
389 1 0 0 0 1 0 0 0 0 0 1 0 0 0 0 0 0 0 0 0 0 0 0 0 0 0 0 1 0 0 0 0 0 0 0 0 0 54.75000110268593 0 0 0 54.75000110268593 0 0 0 0 0 54.75000110268593 0 0 0 0 0 0 0 0 0 0 0 0 0 0 0 0 54.75000110268593 0 0 0 0 0 0 0 0 0 10.13000002503395 44.62000107765198 54.75000110268593 7.450580596923828e-9 -0.3999999985098839 0.0 0.18000000715255737 0.0 0.18000000715255737 389 9 5 1 0 8 4 2 2 0 3 5 3 2 1 0 1 2 0 0 1 0 0 2 0 0 3 1 2 0 0 1 1 0 0 2 0 0 289.01000349223614 487.4300000220537 100.97999946773052 0 281.8800033777952 386.4500005543232 227.2000009715557 159.2499995827675 0 65.31999982893467 216.56000354886055 260.229999050498 227.2000009715557 7.130000114440918 0 100.97999946773052 159.2499995827675 0 0 58.079999923706055 0 0 159.2499995827675 0 0 161.81000244617462 98.22000016272068 54.75000110268593 0 0 100.97999946773052 128.98000080883503 0 0 7.239999905228615 0 0 70.46000036597252 668.0500030815601 776.4400035142899 2.123415470123291e-7 -5.469999972730875 0.18000010401010513 -1.1799997836351395 -3.059999942779541 0.41000013053417206 389 19 16 5 6 12 11 5 6 1 5 8 9 4 2 2 3 6 0 6 1 0 2 4 6 1 3 3 3 0 1 2 1 2 0 4 0 0 583.6400057077408 1318.9300037920475 283.57000084221363 202.35000270605087 296.84000340104103 1035.3600029498339 473.44000285863876 561.9200000911951 3.619999885559082 66.75999982655048 324.1400041282177 747.8100004941225 434.4600023627281 88.06999948620796 97.68000043928623 185.8900004029274 561.9200000911951 0 202.35000270605087 58.079999923706055 0 132.8699977695942 429.0500023216009 202.35000270605087 38.980000495910645 161.81000244617462 305.4800015538931 64.65000124275684 0 66.77000059187412 119.11999981105328 128.98000080883503 97.68000043928623 0 8.679999902844429 0 0 136.82999958097935 1664.1400094926357 1906.1900093853474 -0.9999994561076164 -14.22999993339181 -0.5499997325241566 -3.6999995224177837 -7.249999891966581 -0.6799997091293335 389 35 39 11 9 24 28 14 14 3 10 15 22 13 4 4 6 14 2 9 2 0 4 10 8 1 3 6 8 2 4 2 7 3 1 8 0 1 1332.620006158948 3765.8100015819073 681.3600006699562 304.520002245903 674.2800034284592 3084.450000911951 1668.3399992585182 1416.1100016534328 25.919999703764915 221.09000001847744 701.0100040286779 1941.9700025469065 1629.3599987626076 261.49999964237213 273.7400003224611 351.4200010895729 1416.1100016534328 174.43999980390072 304.520002245903 101.72999955713749 0 319.2399957925081 1096.8700058609247 248.32000298798084 38.980000495910645 161.81000244617462 615.5099999308586 265.4600012600422 174.43999980390072 232.30000127851963 119.11999981105328 1013.849998831749 200.70000179111958 73.03999853134155 119.36000046133995 0 56.19999925792217 425.88999795913696 4372.0500083863735 5124.35000744462 1.2628734111785889e-6 -30.549999859184027 0.9900006726384163 -5.109998822212219 -17.42999978363514 0.970000758767128 389 47 65 21 12 35 44 19 25 7 11 26 37 17 7 9 10 25 2 12 3 0 7 18 10 2 7 7 10 2 7 3 10 6 3 8 0 2 2146.0600084513426 6465.770002618432 1398.1699997782707 442.390003234148 1345.14000710845 5067.600002840161 2510.929999038577 2556.6700038015842 186.9900008738041 298.22999952733517 1501.6900074481964 3394.7700031995773 2358.899999588728 463.8199986219406 641.7700007408857 663.6599995940924 2556.6700038015842 174.43999980390072 442.390003234148 178.86999906599522 0 645.1699962466955 1911.5000075548887 349.6500037908554 152.02999944984913 477.05000245571136 772.4200020730495 382.8700042515993 174.43999980390072 424.3499998897314 239.30999970436096 1586.4799975156784 372.90000151097775 268.869999229908 119.36000046133995 0 92.73999944329262 863.6700002402067 7311.270010769367 8798.820011943579 -5.999998047947884 -47.319999776780605 -4.109998963773251 -9.979998089373112 -29.959999676793814 -0.8499987833201885 389 56 82 25 13 47 57 27 30 13 16 31 45 22 7 12 11 30 5 13 3 1 9 21 11 5 8 8 10 4 8 3 14 8 4 13 0 2 2807.880006298423 8459.800000399351 1605.429999768734 442.390003234148 2115.3800035119057 6854.370000630617 3603.279999732971 3251.090000897646 456.0700006633997 743.3999962955713 1717.890007197857 4297.650001630187 3238.779998898506 463.8199986219406 801.2300006300211 711.4599996954203 3251.090000897646 335.850001052022 442.390003234148 178.86999906599522 0.7500000149011612 881.0099947303534 2370.0800061672926 349.6500037908554 364.500000834465 533.0400023013353 969.3400026112795 382.8700042515993 335.1000010371208 472.1499999910593 239.30999970436096 2269.4399962872267 496.31000135838985 304.91999927163124 564.5299972295761 0 92.73999944329262 1337.3099994063377 9546.4500066638 11724.500007376075 -2.9999975226819515 -61.059999726712704 -0.5699986852705479 -14.069997496902943 -44.21999951452017 1.9400015324354172
390 1 0 0 0 1 0 0 0 0 0 1 0 0 0 0 0 0 0 0 0 0 0 0 0 0 1 0 0 0 0 0 0 0 0 0 0 0 149.64000272750854 0 0 0 149.64000272750854 0 0 0 0 0 149.64000272750854 0 0 0 0 0 0 0 0 0 0 0 0 0 0 149.64000272750854 0 0 0 0 0 0 0 0 0 0 0 15.210000038146973 127.05000257492065 149.64000272750854 7.450580596923828e-9 -0.3999999985098839 0.0 -0.32999998331069946 -0.5099999904632568 0.09000000357627869 390 5 3 1 0 5 2 2 0 0 2 3 1 2 0 0 1 0 0 0 1 0 0 0 0 0 2 1 1 0 0 1 1 0 0 1 0 0 265.710003644228 328.18000043928623 100.97999946773052 0 265.710003644228 227.2000009715557 227.2000009715557 0 0 61.31999981403351 204.39000383019447 100.97999946773052 227.2000009715557 0 0 100.97999946773052 0 0 0 58.079999923706055 0 0 0 0 0 149.64000272750854 98.22000016272068 54.75000110268593 0 0 100.97999946773052 128.98000080883503 0 0 3.2399998903274536 0 0 64.6000003516674 504.3900036364794 593.8900040835142 2.0000000968575478 -3.199999988079071 2.000000037252903 0.24000008404254913 -1.5299999713897705 1.410000041127205 390 14 10 2 2 8 8 2 6 0 3 6 8 2 3 1 1 6 1 2 1 0 1 5 2 0 3 1 2 1 0 1 1 1 0 2 0 0 586.0700031965971 1076.6999995410442 141.48999874293804 50.620000407099724 281.8800033777952 935.2100007981062 227.2000009715557 708.0099998265505 0 65.31999982893467 257.07000282406807 879.8899998217821 227.2000009715557 182.66999888420105 40.50999927520752 100.97999946773052 708.0099998265505 70.9000005275011 50.620000407099724 58.079999923706055 0 117.0299974232912 590.9800024032593 50.620000407099724 0 161.81000244617462 98.22000016272068 54.75000110268593 70.9000005275011 0 100.97999946773052 128.98000080883503 40.50999927520752 0 7.239999905228615 0 0 163.42999778687954 1405.6900039613247 1662.7700027376413 -3.9999995678663254 -9.209999945014715 -3.4599997587502003 -5.129999563097954 -5.54999989643693 -3.2299997322261333 390 29 31 9 6 20 22 9 13 3 8 13 20 8 4 4 5 13 2 6 1 0 4 9 6 1 3 5 6 2 2 3 3 4 0 7 0 0 1133.9600025564432 3018.9700054228306 687.4100022017956 155.78000240027905 598.3400046229362 2331.560003221035 895.3000026643276 1436.2600005567074 76.94000120460987 118.08999940752983 685.6400052011013 2015.780001372099 856.320002168417 282.3399969339371 282.33000119030476 405.0800010114908 1436.2600005567074 174.43999980390072 155.78000240027905 58.079999923706055 0 321.0999952405691 1115.1600053161383 155.78000240027905 38.980000495910645 161.81000244617462 540.690000474453 241.50000156462193 174.43999980390072 165.77000130712986 239.30999970436096 315.630001693964 282.33000119030476 0 60.009999483823776 0 0 421.89000076055527 3507.330007955432 4229.870009183884 -3.9999989345669746 -24.949999880045652 -3.009999420493841 -4.809999015182257 -13.529999826103449 -1.7799993678927422 390 45 57 18 12 33 39 15 24 7 12 22 34 13 7 8 8 24 2 12 2 0 7 17 10 2 5 6 9 2 5 3 7 7 1 10 0 2 1895.9900047928095 5428.420006006956 1115.6299993097782 442.390003234148 1095.0700034499168 4312.790006697178 1706.6600009202957 2606.130005776882 186.9900008738041 428.16999866068363 988.770002424717 3294.6000069379807 1554.6300014704466 463.8199986219406 508.85999850928783 514.0300013571978 2606.130005776882 174.43999980390072 442.390003234148 101.72999955713749 0 699.0499940961599 1907.0800116807222 349.6500037908554 152.02999944984913 211.8600026667118 615.5099999308586 268.0500012487173 174.43999980390072 274.7200016528368 239.30999970436096 939.120001539588 435.8199999779463 73.03999853134155 326.43999910354614 0 92.73999944329262 856.2800015211105 6098.6900084763765 7511.40001167357 -8.999998200684786 -43.31999979168177 -7.109999042004347 -13.41999825462699 -27.09999969229102 -4.569998890161514 390 57 81 26 14 43 55 23 32 9 14 33 48 18 7 12 12 32 5 14 3 1 9 23 12 5 8 7 12 4 9 3 11 8 4 11 0 2 2737.0400079786777 8061.910003364086 1721.729998767376 470.2500039935112 1774.200004786253 6340.18000459671 2786.960000678897 3553.2200039178133 213.59000101685524 593.7499967962503 1768.8400076180696 4716.080003648996 2422.459999844432 463.8199986219406 801.2300006300211 827.7599986940622 3553.2200039178133 335.850001052022 470.2500039935112 178.86999906599522 0.7500000149011612 881.0099947303534 2672.21000918746 377.5100045502186 364.500000834465 533.0400023013353 772.4200020730495 433.82000467181206 335.1000010371208 588.4499989897013 239.30999970436096 1650.0399977713823 496.31000135838985 304.91999927163124 414.8799977302551 0 92.73999944329262 1200.2300037294626 9016.640007540584 11013.29001237452 -8.999997574836016 -59.099999733269215 -6.929998707026243 -19.23999758809805 -41.30999954044819 -4.759998507797718
391 1 0 0 0 1 0 0 0 0 1 0 0 0 0 0 0 0 0 0 1 0 0 0 0 0 0 0 0 0 0 0 0 0 0 0 0 0 58.079999923706055 0 0 0 58.079999923706055 0 0 0 0 58.079999923706055 0 0 0 0 0 0 0 0 0 58.079999923706055 0 0 0 0 0 0 0 0 0 0 0 0 0 0 0 0 0 10.639999866485596 32.82000017166138 58.079999923706055 7.450580596923828e-9 -0.3999999985098839 0.0 0.0 0.0 -0.09000000357627869 391 7 3 1 1 5 2 2 0 0 1 4 1 2 1 0 1 0 0 1 1 0 0 0 1 0 3 1 1 0 0 1 1 0 0 0 0 0 406.2000032514334 328.18000043928623 100.97999946773052 50.620000407099724 274.6400034725666 227.2000009715557 227.2000009715557 0 0 58.079999923706055 216.56000354886055 100.97999946773052 227.2000009715557 80.93999937176704 0 100.97999946773052 0 0 50.620000407099724 58.079999923706055 0 0 0 50.620000407099724 0 161.81000244617462 98.22000016272068 54.75000110268593 0 0 100.97999946773052 128.98000080883503 0 0 0 0 0 77.42999994754791 620.9100036621094 734.3800036907196 2.00000012293458 -3.8699999786913395 2.1800000444054604 0.07000014558434486 -2.8199999444186687 1.950000062584877 391 18 9 4 5 9 5 3 2 0 3 8 5 3 3 2 2 2 1 5 1 0 0 2 5 0 3 1 3 1 1 1 2 2 0 2 0 0 662.9300050586462 812.7700032889843 311.2800006866455 117.58000212907791 291.78000351786613 501.4900026023388 323.61000131070614 177.88000129163265 0 65.31999982893467 369.9900043159723 416.5300018787384 323.61000131070614 182.66999888420105 143.53000062704086 167.75000005960464 177.88000129163265 70.9000005275011 117.58000212907791 58.079999923706055 0 0 177.88000129163265 117.58000212907791 0 161.81000244617462 98.22000016272068 64.65000124275684 70.9000005275011 66.77000059187412 100.97999946773052 225.39000114798546 143.53000062704086 0 7.239999905228615 0 0 136.14000061154366 1253.7300065606833 1475.7000083476305 1.0000003390014172 -10.409999940544367 1.5400001257658005 -2.899999689310789 -6.599999886006117 0.9800001382827759 391 29 32 10 6 21 22 10 12 4 7 14 20 9 4 4 6 12 2 6 1 0 3 9 6 1 3 5 7 2 3 3 4 4 0 6 0 0 927.4900037795305 2849.55000500381 673.6900026500225 155.78000240027905 526.2800034284592 2175.8600023537874 966.5500026792288 1209.3099996745586 131.2600008994341 109.11999943852425 494.5400048494339 1848.8000003695488 927.5700021833181 202.24999904632568 208.64000175893307 465.05000089108944 1209.3099996745586 174.43999980390072 155.78000240027905 58.079999923706055 0 249.8999951928854 959.4100044816732 155.78000240027905 38.980000495910645 161.81000244617462 468.74999925494194 124.09000064432621 174.43999980390072 225.74000118672848 239.30999970436096 458.8200029283762 208.64000175893307 0 51.03999951481819 0 0 374.37999856472015 3238.640008762479 3908.3000096827745 -1.9999989308416843 -25.83999987691641 -0.9199994318187237 -4.639999009668827 -13.259999834001064 -0.859999343752861 391 41 57 19 11 30 38 16 22 7 9 22 33 13 7 8 9 22 2 11 1 0 6 16 9 3 5 6 9 2 6 3 7 6 2 8 0 2 1546.5100056827068 5236.3500051647425 1181.0099970400333 343.640002399683 844.3400051742792 4055.340008124709 1821.970002770424 2233.3700053542852 186.9900008738041 177.440000385046 942.1900021135807 3033.800004556775 1554.6300014704466 463.8199986219406 462.2799981981516 625.9899993985891 2233.3700053542852 174.43999980390072 343.640002399683 58.079999923706055 0 480.2099974900484 1753.1600078642368 250.90000295639038 267.3400012999773 211.8600026667118 615.5099999308586 268.0500012487173 174.43999980390072 386.6799996942282 239.30999970436096 939.120001539588 353.1899996250868 109.0899985730648 119.36000046133995 0 92.73999944329262 711.5900008380413 5771.4700079113245 6969.850011721253 -5.999998282641172 -41.71999979764223 -4.109999094158411 -9.179998356848955 -24.349999699741602 -2.4499989598989487 391 56 78 26 14 43 52 23 29 10 14 32 45 18 7 12 12 29 5 14 3 1 9 20 12 5 7 8 12 4 9 3 10 8 4 11 0 2 2598.080007210374 7570.830004364252 1721.729998767376 470.2500039935112 1659.3700035214424 5849.100005596876 2781.65000256896 3067.450003027916 237.72000052034855 593.7499967962503 1629.8800068497658 4230.310002759099 2417.150001734495 463.8199986219406 801.2300006300211 827.7599986940622 3067.450003027916 335.850001052022 470.2500039935112 178.86999906599522 0.7500000149011612 881.0099947303534 2186.4400082975626 377.5100045502186 364.500000834465 394.08000153303146 969.3400026112795 433.82000467181206 335.1000010371208 588.4499989897013 239.30999970436096 1447.8099991232157 496.31000135838985 304.91999927163124 414.8799977302551 0 92.73999944329262 1148.080000847578 8518.46000957489 10407.380012109876 -5.999997675418854 -57.98999973759055 -3.839998785406351 -14.609997723251581 -38.42999956384301 -2.1199986040592194
392 0 1 0 0 0 1 1 0 0 0 0 0 1 0 0 0 0 0 0 0 0 0 0 0 0 0 1 0 0 0 0 0 0 0 0 0 0 0 98.22000016272068 0 0 0 98.22000016272068 98.22000016272068 0 0 0 0 0 98.22000016272068 0 0 0 0 0 0 0 0 0 0 0 0 0 98.22000016272068 0 0 0 0 0 0 0 0 0 0 26.790000438690186 71.4299997240305 98.22000016272068 1.0000000298023224 -0.3999999985098839 1.0000000223517418 0.9600000381469727 0.0 0.9600000381469727 392 7 3 0 0 6 3 1 2 0 2 4 2 1 1 0 0 2 0 0 1 0 0 2 0 0 3 1 1 0 0 0 0 0 0 1 0 0 359.5800028592348 257.46999974548817 0 0 278.64000348746777 257.46999974548817 98.22000016272068 159.2499995827675 0 62.079999938607216 216.56000354886055 159.2499995827675 98.22000016272068 80.93999937176704 0 0 159.2499995827675 0 0 58.079999923706055 0 0 159.2499995827675 0 0 161.81000244617462 98.22000016272068 54.75000110268593 0 0 0 0 0 0 4.000000014901161 0 0 77.65000003576279 500.9000025689602 617.050002604723 -0.9999998323619366 -3.8699999786913395 -0.8199999108910561 -1.209999781101942 -2.8199999444186687 0.23000013828277588 392 22 14 5 6 13 9 6 3 1 5 7 9 6 3 0 5 3 1 6 1 0 0 3 6 0 3 4 4 1 2 3 2 0 0 4 0 0 773.8000045418739 1208.9100024849176 366.0500001758337 155.78000240027905 368.0700026154518 842.8600023090839 636.1000026464462 206.7599996626377 3.619999885559082 103.72999933362007 260.72000339627266 643.7100003659725 636.1000026464462 182.66999888420105 0 366.0500001758337 206.7599996626377 70.9000005275011 155.78000240027905 58.079999923706055 0 0 206.7599996626377 155.78000240027905 0 161.81000244617462 410.71000149846077 98.91000095009804 70.9000005275011 126.74000047147274 239.30999970436096 225.39000114798546 0 0 45.64999940991402 0 0 143.32999950647354 1738.0700066685677 1986.3300069123507 3.000000536441803 -14.499999925494194 3.6300002485513687 -0.2199995182454586 -8.049999874085188 3.600000277161598 392 38 38 13 8 27 25 13 12 5 9 19 21 11 6 6 7 12 2 8 2 0 3 9 8 2 4 5 9 2 4 3 6 5 1 7 0 0 1396.1700059771538 3387.940002799034 759.6299993991852 248.32000298798084 742.6800035089254 2628.310003399849 1481.9200018793344 1146.3900015205145 133.4200008958578 161.73999904096127 792.1200023293495 1735.8600019663572 1329.8900024294853 364.1500005722046 344.59999875724316 415.030000641942 1146.3900015205145 174.43999980390072 248.32000298798084 101.72999955713749 0 204.0699978172779 942.3200037032366 248.32000298798084 152.02999944984913 179.47000232338905 540.690000474453 268.0500012487173 174.43999980390072 175.72000093758106 239.30999970436096 789.2000019550323 271.5600002259016 73.03999853134155 60.009999483823776 0 0 463.6999987065792 4114.680009052157 4917.530009672046 1.0000012293457985 -32.06999984011054 2.530000600963831 -3.49999887868762 -17.71999978274107 2.6900006942451 392 50 71 24 13 35 47 21 26 7 12 28 41 17 7 11 11 26 5 13 3 1 8 18 11 4 6 7 10 4 8 3 10 7 4 9 0 2 2178.1600102335215 6696.450004562736 1523.8000003695488 442.390003234148 1216.5800076574087 5172.650004193187 2549.990001991391 2622.6600022017956 186.9900008738041 378.87000001966953 1371.0700080096722 3669.2200029343367 2195.2500010430813 463.8199986219406 719.6000012308359 711.4599996954203 2622.6600022017956 335.850001052022 442.390003234148 178.86999906599522 0.7500000149011612 737.3599952310324 1885.3000069707632 349.6500037908554 354.7400009483099 267.8500025123358 772.4200020730495 382.8700042515993 335.1000010371208 472.1499999910593 239.30999970436096 1422.8299989700317 414.6800019592047 304.91999927163124 200.00000095367432 0 92.73999944329262 905.740000128746 7525.200014472008 9062.350015684962 -4.999997917562723 -51.319999761879444 -3.109998907893896 -11.399997986853123 -31.059999641031027 -1.5699987225234509 392 61 86 32 16 51 54 26 28 14 17 35 46 21 8 14 14 28 5 16 3 1 9 19 12 5 8 9 12 4 9 5 12 9 5 14 0 4 2823.020009547472 8204.360001400113 1951.9999982863665 479.27000376582146 2127.35000641644 6252.360003113747 3338.970001965761 2913.3900011479855 511.03000082075596 649.4599986225367 1907.1100074797869 4159.230000764132 2974.470001131296 494.08999836444855 939.5000004917383 910.7399985790253 2913.3900011479855 335.850001052022 479.27000376582146 178.86999906599522 0.7500000149011612 881.0099947303534 2032.380006417632 377.5100045502186 364.500000834465 533.0400023013353 1144.9400040954351 433.82000467181206 335.1000010371208 588.4499989897013 322.289999589324 1829.529997035861 577.6400012820959 361.8599992096424 470.58999955654144 0 101.75999921560287 1377.1900003403425 9312.710009932518 11539.160011783242 -1.9999975562095642 -65.01999970525503 0.7000012025237083 -13.919997535645962 -46.31999946758151 3.48000143840909
393 1 0 0 0 0 0 0 0 0 0 0 0 0 1 0 0 0 0 0 0 0 0 0 0 0 0 0 0 0 0 0 0 0 0 0 0 0 80.93999937176704 0 0 0 0 0 0 0 0 0 0 0 0 80.93999937176704 0 0 0 0 0 0 0 0 0 0 0 0 0 0 0 0 0 0 0 0 0 0 0 9.019999653100967 68.44999969005585 80.93999937176704 1.862645149230957e-8 -0.26999999210238457 0.18000000715255737 -0.5099999718368053 -0.7799999825656414 0.18000000715255737 393 6 3 0 0 3 3 2 1 0 1 2 2 2 2 0 0 1 1 0 1 0 0 1 0 0 1 1 1 1 0 0 1 0 0 0 0 0 326.5899990797043 242.14000058174133 0 0 80.14999978244305 242.14000058174133 194.6300005018711 47.510000079870224 0 58.079999923706055 22.069999858736992 118.41000060737133 194.6300005018711 175.53999876976013 0 0 47.510000079870224 70.9000005275011 0 58.079999923706055 0 0 47.510000079870224 0 0 12.169999718666077 98.22000016272068 9.900000140070915 70.9000005275011 0 0 96.41000033915043 0 0 0 0 0 84.52999983727932 445.84999968111515 568.7299996614456 1.0000001713633537 -3.3399999737739563 1.3600000962615013 -0.4799997918307781 -3.5799999348819256 1.5000001192092896 393 19 12 4 4 15 8 5 3 3 4 9 7 5 2 1 3 3 1 4 1 0 0 3 4 0 3 2 5 1 2 1 3 1 0 3 0 0 727.8200042545795 1045.9900031089783 254.87000033259392 117.58000212907791 474.9200039058924 791.1200027763844 519.0800018012524 272.040000975132 111.12000107765198 100.48999944329262 271.25000335276127 589.8700018674135 519.0800018012524 175.53999876976013 7.939999967813492 246.93000036478043 272.040000975132 70.9000005275011 117.58000212907791 58.079999923706055 0 0 272.040000975132 117.58000212907791 0 161.81000244617462 203.45000010728836 101.50000093877316 70.9000005275011 126.74000047147274 120.18999989330769 315.630001693964 7.939999967813492 0 42.40999951958656 0 0 188.78000012040138 1569.360007867217 1884.9300084412098 2.0000004693865776 -13.609999936074018 2.6300002075731754 0.17000047490000725 -7.069999892264605 2.8300002813339233 393 31 30 12 9 22 18 9 9 5 6 17 16 8 5 5 6 9 2 9 1 1 1 8 8 1 4 3 7 1 4 2 5 4 1 5 0 1 948.1000054776669 2651.3300032019615 703.8500016927719 236.4900028258562 509.60000348091125 1947.4800015091896 1077.9599997401237 869.5200017690659 117.67000098526478 104.73999932408333 558.3600043952465 1337.3100025951862 964.9100007861853 285.3199998140335 270.4200012087822 396.89000029861927 869.5200017690659 71.65000054240227 236.4900028258562 58.079999923706055 0.7500000149011612 71.20000004768372 798.3200017213821 199.95000264048576 113.04999895393848 179.47000232338905 333.42999908328056 107.7200008481741 70.9000005275011 175.72000093758106 221.1699993610382 631.4800017029047 234.37000116705894 36.05000004172325 46.659999400377274 0 36.540000185370445 368.1999996751547 3097.060008108616 3717.8500096797943 9.350478649139404e-7 -26.599999867379665 1.3500004149973392 -3.2599991373717785 -14.149999808520079 1.410000503063202 393 50 66 23 14 37 43 20 23 9 10 28 39 15 6 9 12 23 5 14 1 1 7 16 12 5 6 7 12 4 9 3 8 7 2 9 0 2 1998.7300105541945 5883.210003480315 1414.3800001442432 421.65000453591347 1114.7200081199408 4468.830003336072 2179.6100030988455 2289.2200002372265 213.59000101685524 199.45999991893768 1244.9000086635351 3452.0799999684095 1815.1100022643805 384.98999786376953 542.4800014644861 827.7599986940622 2289.2200002372265 335.850001052022 421.65000453591347 58.079999923706055 0.7500000149011612 668.0199946314096 1621.2000056058168 377.5100045502186 364.500000834465 267.8500025123358 812.4300004690886 433.82000467181206 335.1000010371208 588.4499989897013 239.30999970436096 1002.6800017952919 414.6800019592047 127.79999950528145 141.37999999523163 0 44.139999985694885 861.3699985146523 6681.550013527274 8096.280015066266 -2.9999980218708515 -50.42999977245927 -1.1099989861249924 -11.949998151510954 -30.53999963402748 -0.8999988548457623 393 68 92 36 18 54 56 26 30 13 20 37 51 21 9 15 16 30 6 18 4 1 11 19 13 5 6 10 15 5 9 7 11 9 6 16 0 5 2917.4000119268894 8062.140004783869 2143.4499981105328 480.1500037610531 1939.8100084215403 5918.690006673336 3099.160003334284 2819.530003339052 412.61000169813633 690.8799978196621 1821.6600087285042 4308.55000500381 2734.660002499819 579.8899980783463 984.5899998098612 1056.219999089837 2819.530003339052 433.5500025898218 480.1500037610531 202.3999987989664 0.7500000149011612 856.1599953919649 1963.3700079470873 377.5100045502186 364.500000834465 267.8500025123358 1184.9100045114756 568.4700063914061 432.80000257492065 588.4499989897013 467.7700001001358 1549.7499979883432 577.6400012820959 406.9499985277653 488.4799990206957 0 102.6399992108345 1244.6800009310246 9342.830015704036 11392.900018423796 -3.9999974071979523 -69.59999968111515 -1.2099987417459488 -17.669997446238995 -48.449999421834946 3.0500014796853065
394 1 0 0 0 1 0 0 0 0 0 1 0 0 0 0 0 0 0 0 0 0 0 0 0 0 1 0 0 0 0 0 0 0 0 0 0 0 12.169999718666077 0 0 0 12.169999718666077 0 0 0 0 0 12.169999718666077 0 0 0 0 0 0 0 0 0 0 0 0 0 0 12.169999718666077 0 0 0 0 0 0 0 0 0 0 0 0.7300000190734863 6.809999704360962 12.169999718666077 7.450580596923828e-9 -0.3999999985098839 0.0 0.07000002264976501 -0.5099999904632568 0.18000000715255737 394 14 3 0 4 8 3 3 0 0 3 5 1 3 1 0 0 0 1 4 1 0 0 0 4 0 2 1 3 1 0 0 2 0 0 2 0 0 446.30000242590904 323.61000131070614 0 117.58000212907791 176.88000039756298 323.61000131070614 323.61000131070614 0 0 100.05999943614006 76.82000096142292 70.9000005275011 323.61000131070614 80.93999937176704 0 0 0 70.9000005275011 117.58000212907791 58.079999923706055 0 0 0 117.58000212907791 0 12.169999718666077 98.22000016272068 64.65000124275684 70.9000005275011 0 0 225.39000114798546 0 0 41.979999512434006 0 0 86.0199998319149 635.1200035661459 769.9100037366152 3.0000002048909664 -6.669999968260527 3.1800000742077827 0.9000001959502697 -3.7999999336898327 2.8300000950694084 394 27 15 4 6 18 11 5 6 3 6 10 11 5 4 1 3 6 2 6 1 0 0 6 6 0 4 2 5 2 2 1 3 1 0 5 0 0 887.5500040501356 1412.7700050771236 330.7400012910366 155.78000240027905 433.1600022017956 1082.030003786087 572.030002489686 510.000001296401 78.07999940216541 104.73999932408333 353.3600048273802 912.160001039505 572.030002489686 202.24999904632568 103.02000135183334 227.71999993920326 510.000001296401 174.43999980390072 155.78000240027905 58.079999923706055 0 0 510.000001296401 155.78000240027905 0 179.47000232338905 203.45000010728836 70.87000115215778 174.43999980390072 126.74000047147274 100.97999946773052 368.58000238239765 103.02000135183334 0 46.659999400377274 0 0 269.46999959647655 1931.9100069701672 2378.4000085294247 -0.9999993219971657 -17.749999906867743 -0.009999673813581467 -5.769999377429485 -10.879999857395887 0.12000038102269173 394 36 43 13 8 26 30 15 15 5 9 16 26 12 5 4 9 15 2 8 1 0 5 10 8 3 5 6 7 2 6 3 6 4 0 8 0 0 1221.470006301999 3837.7600075900555 829.8800009787083 248.32000298798084 646.8100045919418 3007.880006611347 1664.2500025182962 1343.630004093051 133.4200008958578 177.440000385046 544.5900050699711 2139.310003116727 1396.910001218319 285.3199998140335 208.64000175893307 621.2399992197752 1343.630004093051 174.43999980390072 248.32000298798084 58.079999923706055 0 384.16999900341034 959.4600050896406 248.32000298798084 267.3400012999773 211.8600026667118 615.5099999308586 124.09000064432621 174.43999980390072 381.92999951541424 239.30999970436096 781.4000012874603 208.64000175893307 0 119.36000046133995 0 0 469.3900009691715 4380.660011664033 5192.650014787912 1.389533281326294e-6 -33.39999984204769 1.3500007428228855 -4.68999869376421 -18.0899997651577 1.6900008544325829 394 43 62 22 11 34 40 18 22 8 10 26 35 15 6 9 11 22 3 11 2 1 7 15 9 3 6 8 10 2 8 3 7 6 3 8 0 2 1661.3000101149082 5647.0100057423115 1337.089998781681 343.640002399683 1090.2300080657005 4309.92000696063 2175.8000054508448 2134.1200015097857 218.420001283288 221.09000001847744 1184.3600064218044 3020.0200010091066 1908.4600041508675 364.1500005722046 532.8899996429682 711.4599996954203 2134.1200015097857 175.18999981880188 343.640002399683 101.72999955713749 0.7500000149011612 572.3999964743853 1561.7200050354004 250.90000295639038 267.3400012999773 267.8500025123358 969.3400026112795 382.8700042515993 174.43999980390072 472.1499999910593 239.30999970436096 939.120001539588 332.0500016063452 200.839998036623 119.36000046133995 0 92.73999944329262 786.7099971175194 6243.570016935468 7527.480017155409 -3.9999981932342052 -45.539999790489674 -2.1999990679323673 -9.619998268783092 -28.42999967187643 -0.49999892711639404 394 57 82 29 15 46 53 25 28 12 14 34 45 20 7 13 13 28 5 15 3 1 9 19 12 5 8 9 12 4 9 4 11 8 5 11 0 3 2671.810010701418 7859.280002355576 1786.4099985063076 477.85000379383564 1853.030008032918 6072.870003849268 3159.4800027012825 2913.3900011479855 357.65000154078007 528.5199995189905 1825.7800075560808 4076.3900008797646 2794.9800018668175 463.8199986219406 858.1700005680323 827.8999986946583 2913.3900011479855 335.850001052022 477.85000379383564 178.86999906599522 0.7500000149011612 881.0099947303534 2032.380006417632 377.5100045502186 364.500000834465 533.0400023013353 1144.9400040954351 433.82000467181206 335.1000010371208 588.4499989897013 239.449999704957 1650.0399977713823 496.31000135838985 361.8599992096424 349.6500004529953 0 100.33999924361706 1212.1700027287006 8876.85000962019 10889.490014612675 -2.9999976381659508 -60.969999726861715 -0.6599988006055355 -14.21999766305089 -42.3899995200336 1.160001389682293
395 1 0 0 0 0 0 0 0 0 0 0 1 0 0 0 0 0 1 0 0 0 0 0 0 0 0 0 0 1 0 0 0 0 0 0 0 0 70.9000005275011 0 0 0 0 0 0 0 0 0 0 70.9000005275011 0 0 0 0 0 70.9000005275011 0 0 0 0 0 0 0 0 0 0 70.9000005275011 0 0 0 0 0 0 0 0 8.239999771118164 58.32000060379505 70.9000005275011 2.2351741790771484e-8 -0.3999999985098839 1.4901161193847656e-8 -0.3799999803304672 -0.5099999904632568 -0.17999999225139618 395 7 3 0 2 4 3 2 1 1 1 2 2 2 1 0 0 1 1 2 0 0 0 1 2 0 1 0 1 1 0 0 2 0 0 1 0 0 278.8500009775162 385.91000187397003 0 66.96000172197819 114.36999905109406 385.91000187397003 239.60000157356262 146.3100003004074 54.31999969482422 37.979999497532845 22.069999858736992 217.21000082790852 239.60000157356262 80.93999937176704 0 0 146.3100003004074 70.9000005275011 66.96000172197819 0 0 0 146.3100003004074 66.96000172197819 0 12.169999718666077 0 9.900000140070915 70.9000005275011 0 0 239.60000157356262 0 0 37.979999497532845 0 0 96.52999892830849 552.5100021064281 719.0800025463104 1.0000001713633537 -4.359999977052212 1.270000085234642 -0.7699997872114182 -4.179999940097332 1.230000115931034 395 19 13 5 4 14 8 5 3 3 4 9 7 4 3 2 3 3 1 4 1 0 0 3 4 1 4 2 3 1 2 1 2 2 0 3 0 0 679.6800034046173 1165.080003336072 357.89000168442726 117.58000212907791 407.2000028938055 807.1900016516447 556.1000006347895 251.09000101685524 111.12000107765198 100.48999944329262 306.55000369250774 568.9200019091368 443.050001680851 195.11999893188477 110.96000131964684 246.93000036478043 251.09000101685524 70.9000005275011 117.58000212907791 58.079999923706055 0 0 251.09000101685524 117.58000212907791 113.04999895393848 179.47000232338905 203.45000010728836 16.120000049471855 70.9000005275011 126.74000047147274 120.18999989330769 239.60000157356262 110.96000131964684 0 42.40999951958656 0 0 251.92000083625317 1534.1900049448013 1955.8800078183413 2.000000473111868 -13.879999928176403 2.8100001998245716 -0.5099995248019695 -8.87999988719821 3.4700002670288086 395 34 33 13 7 25 20 10 10 5 7 19 20 8 5 5 8 10 3 7 1 1 2 8 7 2 5 3 8 2 6 2 5 4 1 6 0 0 1104.7900050282478 2881.5200020968914 827.0699996501207 197.37000267207623 581.0800036340952 2054.4500024467707 1138.1100020706654 916.3400003761053 133.4200008958578 109.11999943852425 609.7100045233965 1647.4299986213446 909.7500012665987 285.3199998140335 270.4200012087822 556.6499984413385 916.3400003761053 175.18999981880188 197.37000267207623 58.079999923706055 0.7500000149011612 181.96000063419342 734.3799997419119 197.37000267207623 228.36000080406666 211.8600026667118 278.269999563694 126.68000063300133 174.43999980390072 335.47999908030033 221.1699993610382 631.4800017029047 234.37000116705894 36.05000004172325 51.03999951481819 0 0 440.83000038564205 3386.2500055879354 4120.480008035898 1.0505318641662598e-6 -28.99999985843897 1.350000485777855 -6.209998972713947 -17.189999759197235 1.3200006112456322 395 43 59 23 13 33 36 19 17 8 9 26 31 16 5 9 12 17 3 13 1 1 6 11 11 3 6 9 10 2 9 3 7 6 3 8 0 2 1427.7500098198652 5275.800009667873 1388.689999729395 322.90000370144844 907.6500077694654 3887.1100099384785 2351.4000069350004 1535.710003003478 218.420001283288 177.440000385046 1029.3300071656704 2537.910001501441 2084.060005635023 285.3199998140335 516.7900010496378 827.7599986940622 1535.710003003478 175.18999981880188 322.90000370144844 58.079999923706055 0.7500000149011612 455.36999905109406 1080.340003952384 278.76000371575356 267.3400012999773 267.8500025123358 1144.9400040954351 243.94000358879566 174.43999980390072 588.4499989897013 239.30999970436096 939.120001539588 332.0500016063452 184.73999944329262 119.36000046133995 0 44.139999985694885 720.5900004804134 5767.480017751455 6922.720020785928 2.000001646578312 -44.46999980136752 3.620000798255205 -5.8299984484910965 -27.84999967366457 4.890000931918621 395 63 78 30 18 50 48 24 24 12 17 33 42 19 8 11 14 24 5 18 3 1 7 17 13 5 6 9 15 4 9 5 10 7 4 14 0 5 2552.3900130093098 6807.850005269051 1679.2199979424477 480.1500037610531 1703.340010598302 5128.630007326603 2856.9600042700768 2271.670003056526 357.65000154078007 509.37000015378 1508.2300084233284 3512.1900033205748 2492.4600034356117 494.08999836444855 671.1599995046854 905.4199992269278 2271.670003056526 335.850001052022 480.1500037610531 125.25999929010868 0.7500000149011612 572.3999964743853 1699.270006582141 377.5100045502186 364.500000834465 267.8500025123358 1144.9400040954351 568.4700063914061 335.1000010371208 588.4499989897013 316.9700002372265 1347.5199993401766 413.38000153005123 257.77999797463417 384.1100008636713 0 102.6399992108345 1032.0200007110834 7995.880015924573 9718.640019834042 2.250075340270996e-6 -61.639999717473984 2.520001068711281 -14.05999780446291 -41.639999497681856 3.6800012700259686
396 1 0 0 1 0 0 0 0 0 0 0 0 0 0 0 0 0 0 1 0 0 0 0 1 0 0 0 0 0 0 0 0 0 0 0 0 0 4.38000001013279 0 0 4.38000001013279 0 0 0 0 0 0 0 0 0 0 0 0 0 0 4.38000001013279 0 0 0 0 4.38000001013279 0 0 0 0 0 0 0 0 0 0 0 0 0 0.0 4.38000001013279 4.38000001013279 7.450580596923828e-9 -0.3999999985098839 0.0 -0.11999999731779099 0.0 -0.11999999731779099 396 10 5 0 2 7 5 2 3 1 1 5 4 2 1 0 0 3 1 2 0 0 1 2 2 0 2 0 3 1 0 0 2 0 0 1 0 0 241.37000155448914 532.9500041604042 0 66.96000172197819 138.24999883770943 532.9500041604042 239.60000157356262 293.3500025868416 54.31999969482422 37.979999497532845 45.949999645352364 364.2500031143427 239.60000157356262 19.580000162124634 0 0 293.3500025868416 70.9000005275011 66.96000172197819 0 0 89.77000164985657 203.58000093698502 66.96000172197819 0 29.82999959588051 0 16.120000049471855 70.9000005275011 0 0 239.60000157356262 0 0 37.979999497532845 0 0 111.22999908030033 636.6600046604872 828.6400054097176 -0.9999997317790985 -6.359999969601631 -0.7299998551607132 -3.15999973192811 -4.849999945610762 -0.6699998304247856 396 24 16 5 5 17 11 5 6 2 6 10 12 4 2 1 4 6 2 5 1 0 2 4 5 1 4 2 5 2 4 0 2 1 0 5 0 0 595.7200007885695 1464.93000485003 348.2799999564886 117.58000212907791 261.11999890208244 1116.6500048935413 527.9500030428171 588.7000018507242 57.9399995803833 105.87999954819679 200.3200011253357 1008.4000002592802 412.64000119268894 100.51999953389168 103.02000135183334 245.25999860465527 588.7000018507242 174.43999980390072 117.58000212907791 58.079999923706055 0 181.96000063419342 406.7400012165308 117.58000212907791 115.31000185012817 62.21999993920326 173.03999961912632 35.07999983429909 174.43999980390072 245.25999860465527 0 239.60000157356262 103.02000135183334 0 47.79999962449074 0 0 288.5700002759695 1654.890002593398 2118.5900052189827 -0.9999993741512299 -16.7199999243021 -0.4599996954202652 -4.2399994395673275 -9.589999876916409 -0.2999996580183506 396 36 28 10 8 26 18 9 9 5 9 15 18 7 5 3 7 9 2 8 1 0 2 7 8 2 5 3 7 2 6 1 4 2 1 8 0 0 1302.03000959754 2520.5500065237284 704.830000191927 248.32000298798084 727.3700078874826 1815.7200063318014 1025.130002334714 790.5900039970875 133.4200008958578 177.440000385046 619.2200073897839 1467.1500032097101 796.7700015306473 285.3199998140335 202.71000078320503 502.1199994087219 790.5900039970875 174.43999980390072 248.32000298798084 58.079999923706055 0 181.96000063419342 608.6300033628941 248.32000298798084 228.36000080406666 211.8600026667118 278.269999563694 204.65000393986702 174.43999980390072 381.92999951541424 120.18999989330769 518.5000019669533 110.96000131964684 91.7499994635582 119.36000046133995 0 0 413.89000153541565 3263.6400131732225 3956.000017017126 9.98377799987793e-7 -27.399999864399433 1.3500004634261131 -3.459999091923237 -14.519999831914902 2.3300005719065666 396 39 53 20 9 32 33 18 15 8 10 23 28 15 5 8 11 15 3 9 1 1 5 10 8 3 5 8 9 2 8 3 7 6 2 9 0 1 1487.8000087738037 4697.680006429553 1227.510000064969 304.520002245903 1057.2000075876713 3470.170006364584 2175.8000054508448 1294.3700009137392 277.48000141978264 326.3599998652935 913.9600074291229 2180.27000041306 1908.4600041508675 285.3199998140335 459.8500011116266 711.4599996954203 1294.3700009137392 175.18999981880188 304.520002245903 58.079999923706055 0.7500000149011612 384.16999900341034 910.2000019103289 248.32000298798084 267.3400012999773 211.8600026667118 969.3400026112795 241.50000363588333 174.43999980390072 472.1499999910593 239.30999970436096 939.120001539588 332.0500016063452 127.79999950528145 268.27999994158745 0 56.19999925792217 658.0700003951788 5373.730013489723 6463.7100166380405 3.0000015199184418 -40.46999981626868 4.620000746101141 -4.539998512715101 -25.949999686330557 5.390000894665718 396 49 67 26 14 38 41 22 19 9 11 30 34 18 6 11 12 19 4 14 2 1 6 13 11 4 8 9 10 3 9 3 9 6 5 9 0 3 2053.390011265874 6222.950006112456 1622.0099987536669 379.1000029593706 1428.8600067198277 4600.940007358789 2883.930003911257 1717.0100034475327 281.8700013309717 370.00999949872494 1471.6400067210197 2808.2600037306547 2529.190002962947 364.1500005722046 693.9100008159876 827.7599986940622 1717.0100034475327 264.240001603961 379.1000029593706 101.72999955713749 0.7500000149011612 455.36999905109406 1261.6400043964386 278.76000371575356 354.7400009483099 533.0400023013353 1144.9400040954351 243.94000358879566 263.49000158905983 588.4499989897013 239.30999970436096 1384.2499988675117 332.0500016063452 361.8599992096424 268.27999994158745 0 100.33999924361706 862.2900015562773 7102.480013892055 8558.960018724203 3.0000018440186977 -50.42999977245927 4.890000879764557 -5.799998205155134 -33.41999961808324 6.750001050531864
397 0 1 0 0 0 1 1 0 0 0 0 0 1 0 0 0 0 0 0 0 0 0 0 0 0 0 0 0 0 0 0 1 0 0 0 0 0 0 143.1900012344122 0 0 0 143.1900012344122 143.1900012344122 0 0 0 0 0 143.1900012344122 0 0 0 0 0 0 0 0 0 0 0 0 0 0 0 0 0 0 143.1900012344122 0 0 0 0 0 20.360000103712082 98.37000013887882 143.1900012344122 1.0000000223517418 -0.3999999985098839 1.0000000149011612 0.7200000360608101 -0.3999999985098839 0.7200000286102295 397 6 5 0 2 3 5 1 4 1 1 1 5 1 1 0 0 4 1 2 0 0 2 2 2 0 1 0 0 1 0 0 1 0 0 1 0 0 213.0800017863512 528.7300028055906 0 66.96000172197819 109.9599990695715 528.7300028055906 143.1900012344122 385.54000157117844 54.31999969482422 37.979999497532845 17.65999987721443 456.44000209867954 143.1900012344122 19.580000162124634 0 0 385.54000157117844 70.9000005275011 66.96000172197819 0 0 181.96000063419342 203.58000093698502 66.96000172197819 0 17.65999987721443 0 0 70.9000005275011 0 0 143.1900012344122 0 0 37.979999497532845 0 0 100.74999888241291 609.850003644824 796.130004286766 -2.9999997466802597 -4.759999975562096 -2.729999840259552 -5.029999751597643 -3.829999964684248 -2.9399998262524605 397 14 14 4 4 9 10 4 6 1 2 7 10 3 1 1 3 6 1 4 0 0 2 4 4 1 3 1 3 1 3 0 2 1 0 2 0 0 324.81000231206417 1299.9400040954351 281.5099993646145 117.58000212907791 171.06999918818474 1018.4300047308207 429.73000288009644 588.7000018507242 54.31999969482422 38.4099995046854 181.36000134050846 838.0900003910065 314.42000102996826 19.580000162124634 103.02000135183334 178.48999801278114 588.7000018507242 70.9000005275011 117.58000212907791 0 0 181.96000063419342 406.7400012165308 117.58000212907791 115.31000185012817 62.21999993920326 74.81999945640564 16.120000049471855 70.9000005275011 178.48999801278114 0 239.60000157356262 103.02000135183334 0 38.4099995046854 0 0 205.97000062465668 1333.8700032234192 1679.0700061023235 -1.9999995231628418 -11.559999950230122 -1.7299997434020042 -3.869999572634697 -6.8099999241530895 -1.8199997283518314 397 28 22 7 7 23 15 8 7 7 6 12 14 6 3 2 5 7 2 7 1 0 2 5 7 2 4 3 6 2 5 0 3 1 1 5 0 0 873.4000051021576 2083.4300018548965 477.69999961555004 197.37000267207623 532.0300036966801 1605.7300022393465 896.1500015258789 709.5800007134676 214.03000137209892 105.87999954819679 406.8900035917759 1166.9499993175268 667.7900007218122 183.5900003015995 194.77000081539154 282.9299988001585 709.5800007134676 174.43999980390072 197.37000267207623 58.079999923706055 0 181.96000063419342 527.6200000792742 197.37000267207623 228.36000080406666 62.21999993920326 278.269999563694 149.9000028371811 174.43999980390072 282.9299988001585 0 389.52000115811825 103.02000135183334 91.7499994635582 47.79999962449074 0 0 398.50000059604645 2528.9200059622526 3170.860008329153 1.0000008307397366 -23.039999894797802 2.1700003929436207 -1.9399992302060127 -13.289999850094318 2.8500004708766937 397 38 39 16 8 31 23 11 12 8 10 19 25 9 5 5 11 12 3 8 1 1 2 10 8 2 5 5 8 2 8 3 4 4 1 9 0 0 1485.2100087851286 3508.7000078856945 1037.5800003260374 248.32000298798084 1054.6100075989962 2471.120007559657 1378.9600050151348 1092.1600025445223 277.48000141978264 326.3599998652935 777.6400069594383 1978.0600020438433 1150.6000042110682 285.3199998140335 326.12000063061714 711.4599996954203 1092.1600025445223 175.18999981880188 248.32000298798084 58.079999923706055 0.7500000149011612 181.96000063419342 910.2000019103289 248.32000298798084 228.36000080406666 211.8600026667118 632.1000022441149 238.9100036472082 174.43999980390072 472.1499999910593 239.30999970436096 518.5000019669533 234.37000116705894 91.7499994635582 268.27999994158745 0 0 578.3400008231401 4319.500014722347 5272.140018105507 -0.99999875202775 -34.469999838620424 0.6200005859136581 -6.939998786896467 -21.98999973759055 2.2300007194280624 397 44 58 24 13 35 34 19 15 9 10 26 29 16 6 9 12 15 3 13 1 1 5 10 10 3 6 9 10 2 9 3 7 6 3 9 0 3 1655.5000100582838 5090.660006836057 1444.889998987317 379.1000029593706 1120.0200072973967 3645.7700078487396 2351.4000069350004 1294.3700009137392 281.8700013309717 326.3599998652935 1029.3300071656704 2296.569999411702 2084.060005635023 364.1500005722046 516.7900010496378 827.7599986940622 1294.3700009137392 175.18999981880188 379.1000029593706 58.079999923706055 0.7500000149011612 384.16999900341034 910.2000019103289 278.76000371575356 267.3400012999773 267.8500025123358 1144.9400040954351 243.94000358879566 174.43999980390072 588.4499989897013 239.30999970436096 939.120001539588 332.0500016063452 184.73999944329262 268.27999994158745 0 100.33999924361706 741.5200013518333 5812.950013875961 7028.780018240213 4.000001594424248 -44.829999793320894 5.890000734478235 -5.409998465329409 -29.649999644607306 6.620000876486301
398 0 0 0 0 1 0 0 0 1 0 0 0 0 0 0 0 0 0 0 0 0 0 0 0 0 0 0 0 0 0 0 0 0 0 0 0 0 0 0 0 0 54.31999969482422 0 0 0 54.31999969482422 0 0 0 0 0 0 0 0 0 0 0 0 0 0 0 0 0 0 0 0 0 0 0 0 0 0 0 0 25.22000002861023 18.389999389648438 54.31999969482422 1.1175870895385742e-8 -0.48999999836087227 0.09000000357627869 1.1175870895385742e-8 -0.48999999836087227 0.09000000357627869 398 3 2 0 1 2 2 1 1 1 1 0 2 1 0 0 0 1 1 1 0 0 0 1 1 0 0 0 0 1 0 0 1 0 0 1 0 0 113.26000003516674 289.5000015348196 0 4.38000001013279 92.29999919235706 289.5000015348196 143.1900012344122 146.3100003004074 54.31999969482422 37.979999497532845 0 217.21000082790852 143.1900012344122 0 0 0 146.3100003004074 70.9000005275011 4.38000001013279 0 0 0 146.3100003004074 4.38000001013279 0 0 0 0 70.9000005275011 0 0 143.1900012344122 0 0 37.979999497532845 0 0 72.86999914050102 335.2900008559227 457.08000126481056 1.0803341865539551e-7 -2.4899999909102917 0.09000006318092346 -1.0199998803436756 -1.9099999777972698 -0.3999999240040779 398 11 5 1 3 7 4 2 2 2 1 4 4 2 2 0 1 2 1 3 0 0 0 2 3 0 2 0 2 1 1 0 2 0 0 1 0 0 367.93000142276287 503.15000239014626 59.96999987959862 117.58000212907791 186.43000042438507 443.18000251054764 239.60000157356262 203.58000093698502 107.5000011920929 37.979999497532845 40.94999973475933 334.45000134408474 239.60000157356262 100.51999953389168 0 59.96999987959862 203.58000093698502 70.9000005275011 117.58000212907791 0 0 0 203.58000093698502 117.58000212907791 0 29.82999959588051 0 11.120000138878822 70.9000005275011 59.96999987959862 0 239.60000157356262 0 0 37.979999497532845 0 0 141.99999974668026 733.8300040662289 978.580005005002 2.682209014892578e-7 -7.119999960064888 0.5400001257658005 -2.749999735504389 -6.119999926537275 0.21000013500452042 398 24 24 10 4 17 14 7 7 3 5 12 16 5 4 3 7 7 2 4 1 0 2 5 4 2 4 3 5 2 6 1 2 3 0 4 0 0 769.0100008398294 2047.0500022768974 629.5499987602234 117.58000212907791 309.9200002849102 1417.500003516674 746.2300019413233 671.2700015753508 111.12000107765198 101.49999943375587 271.1799995601177 1301.3800003528595 517.8700011372566 278.1899996995926 173.87999978661537 455.669998973608 671.2700015753508 174.43999980390072 117.58000212907791 58.079999923706055 0 181.96000063419342 489.31000094115734 117.58000212907791 228.36000080406666 62.21999993920326 278.269999563694 35.07999983429909 174.43999980390072 335.47999908030033 120.18999989330769 239.60000157356262 173.87999978661537 0 43.41999951004982 0 0 363.8900008946657 2335.910001516342 2927.180004194379 7.599592208862305e-7 -20.149999897927046 0.9900003634393215 -3.2599992379546165 -12.659999828785658 1.7000004537403584 398 38 40 17 9 28 23 12 11 6 8 21 24 10 5 6 11 11 3 9 1 1 2 9 9 2 5 4 9 2 9 2 6 4 2 7 0 0 1307.3900090754032 3651.42000323534 1171.7899990230799 276.180003747344 761.3500075787306 2479.6300042122602 1463.6300031393766 1016.0000010728836 189.9000018686056 118.08999940752983 816.2800069898367 2000.0599992275238 1235.27000233531 285.3199998140335 362.1700006723404 809.6199983507395 1016.0000010728836 175.18999981880188 276.180003747344 58.079999923706055 0.7500000149011612 181.96000063419342 834.0400004386902 276.180003747344 228.36000080406666 211.8600026667118 453.87000104784966 241.50000363588333 174.43999980390072 588.4499989897013 221.1699993610382 781.4000012874603 234.37000116705894 127.79999950528145 60.009999483823776 0 0 550.2300015836954 4261.270010411739 5149.46001419425 1.0000011958181858 -33.889999840408564 2.440000541508198 -7.389998834580183 -21.519999731332064 2.5100006833672523 398 49 65 24 14 38 41 21 20 9 11 28 35 17 6 9 12 20 4 14 2 1 6 14 11 4 6 9 12 3 9 3 8 6 3 9 0 3 1811.8100111931562 5606.020010247827 1390.1099997013807 324.32000367343426 1235.8400076627731 4215.910010546446 2488.080005839467 1727.8300047069788 281.8700013309717 349.8899995982647 1121.6200077980757 2819.080004990101 2210.9800046533346 315.58999955654144 516.7900010496378 827.7599986940622 1727.8300047069788 264.240001603961 324.32000367343426 81.60999965667725 0.7500000149011612 455.36999905109406 1272.4600056558847 278.76000371575356 277.10000118613243 267.8500025123358 1144.9400040954351 336.23000422120094 263.49000158905983 588.4499989897013 239.30999970436096 1066.0400005578995 332.0500016063452 184.73999944329262 268.27999994158745 0 45.5599999576807 802.7400014102459 6390.670018687844 7700.450022786856 1.0000018738210201 -49.6299997754395 2.8900009244680405 -9.259998258203268 -31.78999963030219 3.7500010430812836
399 0 1 0 0 0 1 0 1 0 0 0 1 0 0 0 0 1 0 0 0 0 0 1 0 0 0 0 0 0 0 0 0 0 0 0 0 0 0 146.3100003004074 0 0 0 146.3100003004074 0 146.3100003004074 0 0 0 146.3100003004074 0 0 0 0 146.3100003004074 0 0 0 0 0 146.3100003004074 0 0 0 0 0 0 0 0 0 0 0 0 0 0 19.049999237060547 120.0200012922287 146.3100003004074 -0.999999962747097 -0.3999999985098839 -0.9999999701976776 -1.2399999499320984 -0.5099999904632568 -0.8199999630451202 399 3 3 0 1 2 3 2 1 1 1 0 2 2 0 0 0 1 1 1 0 0 0 1 1 0 0 0 0 1 0 0 2 0 0 1 0 0 113.26000003516674 385.91000187397003 0 4.38000001013279 92.29999919235706 385.91000187397003 239.60000157356262 146.3100003004074 54.31999969482422 37.979999497532845 0 217.21000082790852 239.60000157356262 0 0 0 146.3100003004074 70.9000005275011 4.38000001013279 0 0 0 146.3100003004074 4.38000001013279 0 0 0 0 70.9000005275011 0 0 239.60000157356262 0 0 37.979999497532845 0 0 75.43999907374382 425.3700012713671 553.490001603961 1.0000001303851604 -2.8899999894201756 1.0900000780820847 -0.12999984994530678 -2.4199999682605267 0.690000094473362 399 10 10 1 2 6 9 5 4 1 1 4 6 3 2 0 1 4 1 2 0 0 1 3 2 2 2 1 2 1 1 0 2 0 0 1 0 0 321.0900009274483 976.4400022029877 59.96999987959862 66.96000172197819 137.02999883890152 916.470002323389 573.190002322197 343.2800000011921 54.31999969482422 37.979999497532845 44.72999964654446 474.1500004082918 344.8300015181303 100.51999953389168 0 59.96999987959862 343.2800000011921 70.9000005275011 66.96000172197819 0 0 92.18999898433685 251.09000101685524 66.96000172197819 228.36000080406666 29.82999959588051 105.22999994456768 14.900000050663948 70.9000005275011 59.96999987959862 0 239.60000157356262 0 0 37.979999497532845 0 0 171.03999942541122 1064.750001758337 1351.8500028252602 1.0000003911554813 -8.229999955743551 1.4500002264976501 -1.6399995982646942 -7.079999916255474 1.5700002536177635 399 23 23 9 5 16 14 7 7 3 4 14 13 5 4 4 5 7 2 5 1 1 2 5 5 2 4 3 5 1 4 1 2 3 1 3 0 0 836.1700047701597 1928.7200039029121 511.2200003862381 159.1700024008751 439.0300032198429 1417.500003516674 746.2300019413233 671.2700015753508 111.12000107765198 100.48999944329262 438.1000025421381 1043.4600026607513 517.8700011372566 278.1899996995926 209.92999982833862 301.2900005578995 671.2700015753508 71.65000054240227 159.1700024008751 58.079999923706055 0.7500000149011612 181.96000063419342 489.31000094115734 159.1700024008751 228.36000080406666 62.21999993920326 278.269999563694 165.20000275969505 70.9000005275011 181.1000006645918 120.18999989330769 239.60000157356262 173.87999978661537 36.05000004172325 42.40999951958656 0 0 352.89000149071217 2308.220006197691 2876.760009765625 7.227063179016113e-7 -19.749999899417162 0.9900003336369991 -3.3499992713332176 -12.659999828785658 1.920000422745943 399 40 42 17 12 32 25 16 9 9 7 24 19 14 5 7 8 9 3 12 1 1 2 7 10 2 6 7 10 2 7 1 7 4 3 6 0 2 1359.4300088733435 3897.0600062012672 956.5899997651577 322.90000370144844 902.7800068706274 2940.4700064361095 2105.1600050479174 835.3100013881922 281.8700013309717 109.11999943852425 931.6500067263842 1503.0900003612041 1876.8000042438507 285.3199998140335 419.11000061035156 493.33999916911125 835.3100013881922 175.18999981880188 322.90000370144844 58.079999923706055 0.7500000149011612 181.96000063419342 653.3500007539988 278.76000371575356 228.36000080406666 267.8500025123358 937.6800027042627 243.94000358879566 174.43999980390072 373.14999927580357 120.18999989330769 939.120001539588 234.37000116705894 184.73999944329262 51.03999951481819 0 44.139999985694885 650.8000000715256 4516.760013207793 5539.110016420484 7.000001236796379 -36.959999829530716 8.710000529885292 -1.099998828023672 -23.399999734014273 8.730000674724579 399 54 67 27 14 42 40 23 17 9 14 30 35 18 6 10 14 17 5 14 2 1 4 13 11 5 6 10 13 4 9 5 8 7 3 12 0 3 1916.6500111371279 5922.040009498596 1584.2199989110231 324.32000367343426 1269.0700081586838 4337.820010587573 2802.340004220605 1535.4800063669682 281.8700013309717 383.12000009417534 1238.0700064748526 2776.0000066310167 2437.84000338614 315.58999955654144 633.2399997264147 905.4199992269278 1535.4800063669682 335.850001052022 324.32000367343426 81.60999965667725 0.7500000149011612 322.50000128149986 1212.9800050854683 278.76000371575356 364.500000834465 267.8500025123358 1371.8000028282404 336.23000422120094 335.1000010371208 588.4499989897013 316.9700002372265 1066.0400005578995 448.50000028312206 184.73999944329262 301.5100004374981 0 45.5599999576807 828.1400012820959 6763.250018268824 8121.310021981597 6.00000187382102 -52.42999976500869 7.890000872313976 -6.309998244047165 -34.299999590963125 8.100001003593206
400 1 0 0 0 1 0 0 0 0 1 0 0 0 0 0 0 0 0 0 0 0 0 0 0 0 0 0 0 0 0 0 0 0 0 1 0 0 37.979999497532845 0 0 0 37.979999497532845 0 0 0 0 37.979999497532845 0 0 0 0 0 0 0 0 0 0 0 0 0 0 0 0 0 0 0 0 0 0 0 0 37.979999497532845 0 0 0.0 35.8099994212389 37.979999497532845 7.450580596923828e-9 -0.3999999985098839 0.0 0.0 0.0 -0.09000000357627869 400 7 4 1 1 5 3 2 1 1 1 3 3 2 1 0 1 1 1 1 0 0 0 1 1 0 1 0 2 1 1 0 2 0 0 1 0 0 159.9099999666214 445.88000175356865 59.96999987959862 4.38000001013279 119.36999896168709 385.91000187397003 239.60000157356262 146.3100003004074 54.31999969482422 37.979999497532845 27.069999769330025 277.18000070750713 239.60000157356262 19.580000162124634 0 59.96999987959862 146.3100003004074 70.9000005275011 4.38000001013279 0 0 0 146.3100003004074 4.38000001013279 0 12.169999718666077 0 14.900000050663948 70.9000005275011 59.96999987959862 0 239.60000157356262 0 0 37.979999497532845 0 0 93.40999913215637 495.35000106692314 660.1100014150143 1.0000001788139343 -4.759999975562096 1.270000085234642 -0.42999983206391335 -3.3999999575316906 0.5700000897049904 400 17 13 3 4 11 10 5 5 2 3 6 9 4 3 0 3 5 1 4 0 0 2 3 4 1 3 2 3 1 3 0 2 0 0 3 0 0 483.79000233113766 1124.7100057452917 133.3000005632639 108.55000199377537 178.68999908864498 991.4100051820278 558.3600035309792 433.05000165104866 57.9399995803833 42.40999951958656 78.33999998867512 637.2500027418137 443.050001680851 183.5900003015995 0 133.3000005632639 433.05000165104866 70.9000005275011 108.55000199377537 0 0 181.96000063419342 251.09000101685524 108.55000199377537 115.31000185012817 62.21999993920326 203.45000010728836 16.120000049471855 70.9000005275011 133.3000005632639 0 239.60000157356262 0 0 42.40999951958656 0 0 223.30000019073486 1306.3700054734945 1666.4400076568127 5.289912223815918e-7 -12.589999932795763 0.7200002782046795 -2.509999494999647 -8.389999888837337 0.8100003115832806 400 32 32 11 8 24 21 12 9 6 5 17 18 10 4 4 7 9 2 8 1 0 2 7 8 2 5 5 8 2 6 1 5 2 2 4 0 0 1253.22000823915 3076.610004797578 689.6799996197224 248.32000298798084 746.1600072979927 2386.9300051778555 1551.6200037896633 835.3100013881922 193.8900015503168 101.49999943375587 689.5300071388483 1460.669999986887 1323.2600029855967 278.1899996995926 238.76000082492828 450.9199987947941 835.3100013881922 174.43999980390072 248.32000298798084 58.079999923706055 0 181.96000063419342 653.3500007539988 248.32000298798084 228.36000080406666 211.8600026667118 632.1000022441149 238.9100036472082 174.43999980390072 330.7299989014864 120.18999989330769 691.1600007414818 110.96000131964684 127.79999950528145 43.41999951004982 0 0 522.7999987751245 3729.9700129181147 4523.720014587045 3.0000010430812836 -28.019999869167805 4.260000504553318 -1.8799989633262157 -17.51999979093671 5.180000640451908 400 40 50 19 11 33 31 19 12 9 9 23 24 16 5 7 10 12 3 11 1 1 2 10 9 3 6 9 9 2 7 3 7 4 3 8 0 2 1487.020007610321 4519.270009055734 1075.709999576211 295.04000294208527 1058.2300063669682 3443.5600094795227 2351.4000069350004 1092.1600025445223 281.8700013309717 267.00999888777733 929.2100067734718 1879.0600013285875 2084.060005635023 285.3199998140335 419.11000061035156 612.4599989801645 1092.1600025445223 175.18999981880188 295.04000294208527 58.079999923706055 0.7500000149011612 181.96000063419342 910.2000019103289 250.90000295639038 267.3400012999773 267.8500025123358 1144.9400040954351 241.50000363588333 174.43999980390072 373.14999927580357 239.30999970436096 939.120001539588 234.37000116705894 184.73999944329262 208.92999896407127 0 44.139999985694885 675.5399993062019 5211.4200154691935 6288.910018011928 7.0000014416873455 -40.15999981760979 8.710000675171614 -1.449998628348112 -25.39999970421195 9.220000818371773 400 55 73 29 15 42 44 24 20 9 15 30 38 19 7 11 14 20 5 15 3 1 6 14 11 5 6 9 12 4 9 5 10 6 5 12 0 4 2039.1300115287304 6428.700004786253 1701.0899992585182 380.52000293135643 1312.7200077921152 4727.610005527735 2937.940003544092 1789.6700019836426 281.8700013309717 426.7699997276068 1298.7400075644255 3030.190002247691 2573.440002709627 394.4200003147125 693.9100008159876 905.4199992269278 1789.6700019836426 335.850001052022 380.52000293135643 125.25999929010868 0.7500000149011612 455.36999905109406 1334.3000029325485 278.76000371575356 364.500000834465 267.8500025123358 1144.9400040954351 336.23000422120094 335.1000010371208 588.4499989897013 316.9700002372265 1428.499998614192 332.0500016063452 361.8599992096424 301.5100004374981 0 101.75999921560287 849.4800017178059 7310.11001329124 8750.450017660856 4.00000200048089 -55.099999748170376 6.070000942796469 -7.959998104721308 -35.96999957039952 6.470001086592674
401 0 1 0 0 0 1 1 0 0 0 0 0 1 0 0 0 0 0 0 0 0 0 0 0 0 0 0 0 0 0 0 1 0 0 0 0 0 0 96.41000033915043 0 0 0 96.41000033915043 96.41000033915043 0 0 0 0 0 96.41000033915043 0 0 0 0 0 0 0 0 0 0 0 0 0 0 0 0 0 0 96.41000033915043 0 0 0 0 0 2.569999933242798 90.08000041544437 96.41000033915043 1.0000000223517418 -0.3999999985098839 1.0000000149011612 0.8900000303983688 -0.5099999904632568 1.0900000184774399 401 7 8 4 1 5 4 2 2 2 1 3 6 2 2 1 3 2 1 1 0 0 0 2 1 0 1 1 1 1 2 1 1 1 0 1 0 0 310.86999866366386 650.3300009965897 254.87000033259392 4.38000001013279 116.8500007390976 395.46000066399574 201.6400002837181 193.82000038027763 56.80000138282776 37.979999497532845 30.009999826550484 511.65000127255917 201.6400002837181 175.53999876976013 7.939999967813492 246.93000036478043 193.82000038027763 70.9000005275011 4.38000001013279 0 0 0 193.82000038027763 4.38000001013279 0 12.169999718666077 105.22999994456768 9.900000140070915 70.9000005275011 126.74000047147274 120.18999989330769 96.41000033915043 7.939999967813492 0 37.979999497532845 0 0 90.44999974966049 856.7800011783838 1018.0000010430813 2.5704503059387207e-7 -6.719999961555004 0.5400001220405102 0.6600002646446228 -3.559999942779541 1.1500001549720764 401 21 20 9 5 14 11 7 4 3 4 12 10 6 4 4 5 4 2 5 1 1 0 4 5 1 2 2 5 1 4 1 4 3 1 3 0 0 679.1300012767315 1675.2300004810095 463.3100006878376 146.7500022649765 294.40999986231327 1211.9199997931719 818.9999999552965 392.91999983787537 111.12000107765198 100.48999944329262 250.9499992132187 759.7300011962652 705.950001001358 278.1899996995926 167.39999985694885 295.91000083088875 392.91999983787537 71.65000054240227 146.7500022649765 58.079999923706055 0.7500000149011612 0 392.91999983787537 146.7500022649765 113.04999895393848 29.82999959588051 203.45000010728836 52.96999974548817 70.9000005275011 175.72000093758106 120.18999989330769 502.5000008940697 131.3499998152256 36.05000004172325 42.40999951958656 0 0 266.6599994301796 2006.0500021874905 2466.230002850294 3.0000005923211575 -17.749999906867743 3.9900002405047417 -1.5999993905425072 -11.209999840706587 2.8000003285706043 401 39 41 16 13 29 25 15 10 7 6 23 20 12 4 6 8 10 3 13 1 1 3 7 11 3 6 6 10 2 7 1 6 4 2 5 0 2 1333.4300111532211 3532.340004950762 903.9900007843971 322.90000370144844 814.8100068867207 2628.3500041663647 1789.4000038653612 838.9500003010035 198.2800014615059 104.73999932408333 874.710006788373 1496.5800027400255 1551.2800031751394 278.1899996995926 362.1700006723404 497.68000012636185 838.9500003010035 160.70000232756138 322.90000370144844 58.079999923706055 0.7500000149011612 253.16000068187714 585.7899996191263 278.76000371575356 238.1200006902218 267.8500025123358 762.0800012201071 243.94000358879566 159.95000231266022 377.49000023305416 120.18999989330769 789.2000019550323 234.37000116705894 127.79999950528145 46.659999400377274 0 44.139999985694885 584.1199994981289 4169.770015493035 5064.80001758039 5.000001206994057 -35.3099998421967 6.350000534206629 -2.019998874515295 -21.94999973848462 6.720000647008419 401 58 69 27 17 47 42 23 19 12 15 31 36 18 6 10 13 19 5 17 2 1 4 15 13 5 6 9 14 4 8 5 9 7 3 13 0 4 2129.520012974739 5855.910010591149 1450.9799994379282 423.9500045031309 1458.9700093716383 4404.930011153221 2639.0400057435036 1765.8900054097176 357.65000154078007 406.3699995428324 1293.8200092762709 2907.4100049585104 2274.5400049090385 315.58999955654144 598.1200009733438 806.419998511672 1765.8900054097176 335.850001052022 423.9500045031309 81.60999965667725 0.7500000149011612 306.6199998855591 1459.2700055241585 377.5100045502186 364.500000834465 267.8500025123358 1144.9400040954351 427.1000057756901 335.1000010371208 489.44999827444553 316.9700002372265 1129.6000008136034 413.38000153005123 184.73999944329262 324.75999988615513 0 46.43999995291233 906.3800015002489 6870.780019745231 8343.83002512157 4.000001989305019 -56.29999975115061 6.160000920295715 -9.349998109042645 -36.29999956861138 6.70000110194087 401 74 95 37 22 58 58 30 28 13 22 38 49 22 9 14 16 28 6 22 4 1 10 18 15 8 7 10 16 5 9 7 12 8 6 18 0 7 3059.360012575984 8049.260007470846 2174.1699988693 654.8500037044287 1964.4600091278553 5875.090008601546 3467.5800050497055 2407.510003551841 357.65000154078007 691.4599978029728 1819.0600102096796 3896.5300052165985 2879.200002029538 579.8899980783463 902.960000410676 1056.219999089837 2407.510003551841 433.5500025898218 654.8500037044287 202.3999987989664 0.7500000149011612 739.1299979686737 1668.380005583167 439.86000433564186 588.3800030201674 267.8500025123358 1184.9100045114756 647.5000072717667 432.80000257492065 588.4499989897013 467.7700001001358 1694.2899975180626 496.01000188291073 406.9499985277653 489.0599990040064 0 214.9899993687868 1133.780001387 9579.250019103289 11467.020021602511 2.0000026300549507 -73.1999996677041 4.790001228451729 -13.179997459053993 -48.13999941572547 8.560001473873854
402 1 0 0 0 1 0 0 0 0 0 1 0 0 0 0 0 0 0 0 0 0 0 0 0 0 0 0 1 0 0 0 0 0 0 0 0 0 9.900000140070915 0 0 0 9.900000140070915 0 0 0 0 0 9.900000140070915 0 0 0 0 0 0 0 0 0 0 0 0 0 0 0 0 9.900000140070915 0 0 0 0 0 0 0 0 0 9.760000139474869 0.14000000059604645 9.900000140070915 7.450580596923828e-9 -0.3999999985098839 0.0 0.09000000357627869 0.0 0.09000000357627869 402 14 3 2 3 9 1 1 0 1 3 5 3 1 2 0 2 0 1 3 0 0 0 0 3 0 2 0 3 1 2 0 1 0 0 3 0 0 326.7400009483099 223.15000081062317 126.74000047147274 66.96000172197819 91.97999905049801 96.41000033915043 96.41000033915043 0 3.619999885559082 42.40999951958656 45.949999645352364 197.64000099897385 96.41000033915043 100.51999953389168 0 126.74000047147274 0 70.9000005275011 66.96000172197819 0 0 0 0 66.96000172197819 0 29.82999959588051 0 16.120000049471855 70.9000005275011 126.74000047147274 0 96.41000033915043 0 0 42.40999951958656 0 0 56.48999933898449 445.5000017285347 553.5100016444921 1.0000001899898052 -7.0299999602139 1.4500000476837158 -1.409999880939722 -4.22999994084239 0.7300000265240669 402 27 18 4 8 18 14 6 8 3 5 11 12 5 3 1 3 8 1 8 1 0 2 6 8 1 4 3 6 1 3 0 2 1 0 4 0 0 756.3600041270256 1583.9300074279308 236.32000191509724 248.32000298798084 313.6499998867512 1347.6100055128336 633.1800029873848 714.4300025254488 60.09999957680702 101.49999943375587 255.07000222802162 918.6300036162138 517.8700011372566 183.5900003015995 103.02000135183334 133.3000005632639 714.4300025254488 70.9000005275011 248.32000298798084 58.079999923706055 0 181.96000063419342 532.4700018912554 248.32000298798084 115.31000185012817 62.21999993920326 278.269999563694 89.83000093698502 70.9000005275011 133.3000005632639 0 239.60000157356262 103.02000135183334 0 43.41999951004982 0 0 298.44000039994717 1913.9300082623959 2400.3900111317635 -1.9999992474913597 -19.079999908804893 -1.1899996176362038 -5.309999298304319 -10.819999866187572 -0.6299995370209217 402 37 41 12 8 29 29 18 11 7 9 16 22 15 5 3 9 11 2 8 1 0 2 9 8 3 5 8 8 2 6 3 7 2 1 8 0 0 1336.290009304881 3971.030009135604 823.9500000029802 248.32000298798084 842.240008071065 3147.0800091326237 2175.8000054508448 971.2800036817789 214.03000137209892 177.440000385046 653.480007097125 1766.9600027054548 1908.4600041508675 285.3199998140335 202.71000078320503 621.2399992197752 971.2800036817789 174.43999980390072 248.32000298798084 58.079999923706055 0 181.96000063419342 789.3200030475855 248.32000298798084 267.3400012999773 211.8600026667118 969.3400026112795 238.9100036472082 174.43999980390072 381.92999951541424 239.30999970436096 939.120001539588 110.96000131964684 91.7499994635582 119.36000046133995 0 0 546.5899995267391 4642.730017825961 5521.350019812584 7.000001352280378 -33.97999984025955 8.530000697821379 2.410001255571842 -18.479999788105488 9.090000823140144 402 44 62 23 11 35 39 19 20 9 11 26 34 16 6 10 11 20 4 11 2 1 6 14 9 3 6 8 9 3 8 3 8 6 4 9 0 2 1757.9000107645988 5690.050007998943 1441.1700000166893 343.640002399683 1161.2300069779158 4248.880007982254 2393.720003977418 1855.160004004836 281.8700013309717 370.00999949872494 1147.0700070410967 2830.110005289316 2126.3800026774406 364.1500005722046 636.9700008779764 711.4599996954203 1855.160004004836 264.240001603961 343.640002399683 101.72999955713749 0.7500000149011612 455.36999905109406 1399.790004953742 250.90000295639038 267.3400012999773 267.8500025123358 969.3400026112795 241.50000363588333 263.49000158905983 472.1499999910593 239.30999970436096 1157.0400000661612 332.0500016063452 304.91999927163124 268.27999994158745 0 92.73999944329262 778.5200000703335 6425.460017547011 7730.570020109415 -0.9999982193112373 -46.42999978736043 0.8900008909404278 -7.059998277574778 -29.499999660998583 3.0400010496377945 402 58 79 28 15 46 51 27 24 11 16 32 41 22 7 12 13 24 5 15 3 1 7 17 12 5 8 9 11 4 9 4 13 7 5 13 0 3 2655.8000107109547 7436.930000707507 1704.7799991071224 477.85000379383564 1880.1500067263842 5732.150001600385 3465.8900009840727 2266.260000616312 400.7800002247095 561.0199999958277 1695.6400076895952 3429.260000348091 3101.3900001496077 463.8199986219406 776.5400011688471 827.8999986946583 2266.260000616312 335.850001052022 477.85000379383564 178.86999906599522 0.7500000149011612 572.3999964743853 1693.8600041419268 377.5100045502186 364.500000834465 533.0400023013353 1144.9400040954351 385.31000420451164 335.1000010371208 588.4499989897013 239.449999704957 1956.4499960541725 414.6800019592047 361.8599992096424 382.15000092983246 0 100.33999924361706 1135.6900002509356 8607.890008985996 10494.260011658072 3.000002257525921 -59.679999731481075 5.2500011175870895 -8.219997771084309 -40.46999953314662 6.530001316219568
403 0 1 1 0 0 0 0 0 0 0 0 1 0 0 0 1 0 0 0 0 0 0 0 0 0 0 0 0 0 1 0 0 0 0 0 0 0 0 66.77000059187412 66.77000059187412 0 0 0 0 0 0 0 0 66.77000059187412 0 0 0 66.77000059187412 0 0 0 0 0 0 0 0 0 0 0 0 0 66.77000059187412 0 0 0 0 0 0 0 0.0 58.950000420212746 66.77000059187412 7.450580596923828e-9 -0.3999999985098839 0.0 -0.21000000834465027 0.0 -0.30000001192092896 403 4 4 2 1 4 2 1 1 1 2 1 3 1 0 0 2 1 0 1 0 0 0 1 1 0 0 0 1 0 2 0 1 0 0 2 0 0 52.53000043332577 301.3700014054775 126.74000047147274 38.200000271201134 17.950000047683716 174.63000093400478 96.41000033915043 78.22000059485435 3.619999885559082 4.430000022053719 9.900000140070915 204.9600010663271 96.41000033915043 0 0 126.74000047147274 78.22000059485435 0 38.200000271201134 0 0 0 78.22000059485435 38.200000271201134 0 0 0 9.900000140070915 0 126.74000047147274 0 96.41000033915043 0 0 4.430000022053719 0 0 16.640000104904175 322.78000159561634 357.5200017243624 1.1548399925231934e-7 -3.6899999864399433 0.09000004827976227 -0.6799999177455902 -1.4899999797344208 -0.2999999523162842 403 25 13 3 6 17 10 7 3 2 6 9 7 7 3 0 3 3 1 6 1 0 0 3 6 0 3 4 6 1 3 0 3 0 0 5 0 0 691.8900031894445 1177.560001090169 133.3000005632639 197.70000258088112 245.47999966144562 1044.260000526905 837.5000008642673 206.7599996626377 5.779999881982803 104.73999932408333 134.9600004553795 410.9600007534027 837.5000008642673 183.5900003015995 0 133.3000005632639 206.7599996626377 70.9000005275011 197.70000258088112 58.079999923706055 0 0 206.7599996626377 197.70000258088112 0 29.82999959588051 410.71000149846077 105.13000085949898 70.9000005275011 133.3000005632639 0 426.7899993658066 0 0 46.659999400377274 0 0 174.109998524189 1595.170005068183 1875.2300041615963 4.000000577419996 -15.789999920874834 4.720000267028809 1.830000501126051 -7.459999900311232 4.930000327527523 403 38 45 14 8 31 31 19 12 7 9 22 20 16 5 7 7 12 1 8 2 0 3 9 8 3 6 8 9 1 4 3 8 3 4 7 0 0 1275.6300085186958 4284.180006146431 883.3300022184849 248.32000298798084 869.3700066506863 3400.850003927946 2393.720003977418 1007.1299999505281 198.2800014615059 161.73999904096127 982.4000079035759 1488.3100009411573 2126.3800026774406 285.3199998140335 473.0500017553568 410.2800004631281 1007.1299999505281 70.9000005275011 248.32000298798084 101.72999955713749 0 235.41999983787537 771.7100001126528 248.32000298798084 267.3400012999773 267.8500025123358 969.3400026112795 241.50000363588333 70.9000005275011 170.97000075876713 239.30999970436096 1157.0400000661612 168.13000248372555 304.91999927163124 60.009999483823776 0 0 586.0199992656708 4802.520014315844 5758.090016126633 7.000001363456249 -35.97999983280897 8.530000671744347 -1.0499986931681633 -23.28999973461032 8.800000805407763 403 49 66 23 13 39 43 22 21 10 14 25 36 18 6 9 11 21 5 13 3 1 6 15 10 4 6 8 9 4 8 3 10 5 4 11 0 3 1934.0900102555752 6178.940002515912 1388.2799984365702 351.24000220000744 1335.5400058478117 4790.660004079342 2862.840001538396 1927.820002540946 351.6000001579523 474.5899995416403 1086.5800056606531 2974.380003273487 2508.100000590086 364.1500005722046 576.4799994975328 711.4599996954203 1927.820002540946 335.850001052022 351.24000220000744 178.86999906599522 0.7500000149011612 455.36999905109406 1472.450003489852 250.90000295639038 354.7400009483099 267.8500025123358 969.3400026112795 241.50000363588333 335.1000010371208 472.1499999910593 239.30999970436096 1538.7599979788065 271.5600002259016 304.91999927163124 295.72000047564507 0 100.33999924361706 861.9799990206957 7031.780011937022 8465.38001294434 1.0000019408762455 -50.51999977231026 2.980000976473093 -5.829998109489679 -32.34999963641167 5.43000116571784 403 62 83 29 17 52 54 28 26 14 17 34 43 23 7 12 13 26 5 17 3 1 9 17 13 5 8 9 13 4 8 5 14 7 5 14 0 4 2778.61001175642 7768.970000103116 1672.7399999648333 479.27000376582146 2165.200007006526 6096.230000138283 3610.430000513792 2485.7999996244907 563.0199994593859 561.0199999958277 1818.4500087350607 3615.340000241995 3245.929999679327 463.8199986219406 776.5400011688471 794.4399995803833 2485.7999996244907 335.850001052022 479.27000376582146 178.86999906599522 0.7500000149011612 791.939995482564 1693.8600041419268 377.5100045502186 364.500000834465 533.0400023013353 1144.9400040954351 508.1200052499771 335.1000010371208 472.1499999910593 322.289999589324 2100.989995583892 414.6800019592047 361.8599992096424 382.15000092983246 0 101.75999921560287 1258.3199985772371 9043.87001053989 11111.350011333823 2.000002410262823 -64.34999971464276 4.52000118792057 -9.569997631013393 -43.40999950841069 5.810001399368048
404 1 0 0 0 1 0 0 0 0 1 0 0 0 0 0 0 0 0 0 0 0 0 0 0 0 0 0 0 0 0 0 0 0 0 1 0 0 4.000000014901161 0 0 0 4.000000014901161 0 0 0 0 4.000000014901161 0 0 0 0 0 0 0 0 0 0 0 0 0 0 0 0 0 0 0 0 0 0 0 0 4.000000014901161 0 0 1.8300000429153442 0.14000000059604645 4.000000014901161 7.450580596923828e-9 -0.3999999985098839 0.0 -0.10999998450279236 -0.5099999904632568 0.09000000357627869 404 9 4 1 2 8 3 1 2 1 2 5 3 1 0 0 1 2 0 2 0 0 0 2 2 0 2 1 3 0 1 0 0 0 0 2 0 0 119.45000125467777 324.2400003373623 66.77000059187412 38.200000271201134 84.87000086903572 257.46999974548817 98.22000016272068 159.2499995827675 3.619999885559082 4.430000022053719 76.82000096142292 226.0200001746416 98.22000016272068 0 0 66.77000059187412 159.2499995827675 0 38.200000271201134 0 0 0 159.2499995827675 38.200000271201134 0 12.169999718666077 98.22000016272068 64.65000124275684 0 66.77000059187412 0 0 0 0 4.430000022053719 0 0 52.54000061750412 373.9200007170439 447.31000147759914 -0.9999998100101948 -5.689999978989363 -0.9099999144673347 -0.5499998182058334 -1.5299999713897705 -0.21999986469745636 404 29 17 6 8 19 11 7 4 2 7 11 10 6 3 1 5 4 1 8 1 0 1 3 8 1 4 3 6 1 3 2 3 1 0 6 0 0 809.8800057172775 1349.5300044715405 309.5900015383959 248.32000298798084 388.7900024354458 1039.9400029331446 727.5700034499168 312.36999948322773 5.779999881982803 113.70999929308891 326.4700044244528 635.690000385046 688.5900029540062 107.6499996483326 57.17000116407871 252.42000037431717 312.36999948322773 70.9000005275011 248.32000298798084 58.079999923706055 0 53.459999203681946 258.9100002795458 248.32000298798084 38.980000495910645 179.47000232338905 305.4800015538931 89.83000093698502 70.9000005275011 133.3000005632639 119.11999981105328 383.1100014001131 57.17000116407871 0 55.62999936938286 0 0 160.18999913334846 1883.7200105041265 2165.190010070801 3.0000006444752216 -18.989999908953905 3.720000274479389 -1.4699995294213295 -9.16999987885356 2.7600002624094486 404 39 47 16 9 27 31 16 15 4 10 19 26 14 6 6 9 15 2 9 2 0 4 11 8 2 5 7 8 2 6 3 7 4 2 8 0 1 1458.7700096964836 4422.55000756681 1050.8699982315302 304.520002245903 752.1000057309866 3371.6800093352795 1993.510003939271 1378.1700053960085 80.23999939858913 221.09000001847744 824.2000060677528 2173.8500044196844 1839.2200015932322 364.1500005722046 373.4299997538328 621.2399992197752 1378.1700053960085 174.43999980390072 304.520002245903 101.72999955713749 0 291.9800000190735 1086.190005376935 248.32000298798084 154.29000234603882 211.8600026667118 772.4200020730495 238.9100036472082 174.43999980390072 381.92999951541424 239.30999970436096 1066.7999995201826 208.64000175893307 164.78999799489975 119.36000046133995 0 56.19999925792217 506.5899992287159 5071.250014960766 5961.560016661882 1.000001423060894 -35.57999982684851 2.4400007277727127 -2.7699986398220062 -20.599999759346247 4.520000878721476 404 49 64 21 11 38 43 21 22 8 12 27 35 18 7 9 10 22 3 11 3 0 7 15 9 3 8 8 10 3 7 3 10 5 4 9 0 2 2341.270008727908 6200.88999992609 1332.8799985349178 343.640002399683 1581.4800068438053 4868.010001391172 2823.160001426935 2044.8499999642372 218.420001283288 447.14999900758266 1492.3900060504675 2972.0000011473894 2555.820000126958 463.8199986219406 576.4799994975328 663.6599995940924 2044.8499999642372 263.49000158905983 343.640002399683 178.86999906599522 0 572.3999964743853 1472.450003489852 250.90000295639038 267.3400012999773 533.0400023013353 969.3400026112795 382.8700042515993 263.49000158905983 424.3499998897314 239.30999970436096 1586.4799975156784 271.5600002259016 304.91999927163124 268.27999994158745 0 92.73999944329262 856.0899991244078 7330.550009429455 8760.580009937286 -0.9999980740249157 -48.20999977365136 0.9800009950995445 -7.059998091310263 -32.08999963849783 3.760001178830862 404 58 80 27 15 47 53 27 26 12 16 32 42 22 7 12 12 26 5 15 3 1 8 18 12 5 8 8 11 4 8 4 14 8 4 13 0 3 2655.8000107109547 7839.110001504421 1613.1699995696545 477.85000379383564 1972.290007069707 6225.940001934767 3603.279999732971 2622.6600022017956 492.92000056803226 561.0199999958277 1720.3300071507692 3669.3600029349327 3238.779998898506 463.8199986219406 801.2300006300211 711.5999996960163 2622.6600022017956 335.850001052022 477.85000379383564 178.86999906599522 0.7500000149011612 737.3599952310324 1885.3000069707632 377.5100045502186 364.500000834465 533.0400023013353 969.3400026112795 385.31000420451164 335.1000010371208 472.1499999910593 239.449999704957 2269.4399962872267 496.31000135838985 304.91999927163124 382.15000092983246 0 100.33999924361706 1249.6399999260902 8936.570010632277 10988.58001279831 1.0000023320317268 -60.56999972835183 3.3400011770427227 -9.379997693002224 -41.78999953716993 5.270001381635666
405 0 1 0 0 0 1 0 1 0 0 0 1 0 0 0 0 1 0 0 0 0 0 1 0 0 0 0 0 0 0 0 0 0 0 0 0 0 0 78.22000059485435 0 0 0 78.22000059485435 0 78.22000059485435 0 0 0 78.22000059485435 0 0 0 0 78.22000059485435 0 0 0 0 0 78.22000059485435 0 0 0 0 0 0 0 0 0 0 0 0 0 0 0.0 77.35000059008598 78.22000059485435 -0.999999962747097 -0.3999999985098839 -0.9999999701976776 -0.7299999594688416 0.0 -0.8199999630451202 405 6 7 2 1 6 5 3 2 1 3 2 4 3 0 0 2 2 0 1 0 0 0 2 1 0 0 3 2 0 1 1 0 0 0 3 0 0 100.62000128626823 549.6400020718575 84.91000093519688 38.200000271201134 66.04000090062618 464.7300011366606 305.4800015538931 159.2499995827675 3.619999885559082 7.669999912381172 54.75000110268593 244.16000051796436 305.4800015538931 0 0 84.91000093519688 159.2499995827675 0 38.200000271201134 0 0 0 159.2499995827675 38.200000271201134 0 0 305.4800015538931 54.75000110268593 0 66.77000059187412 18.140000343322754 0 0 0 7.669999912381172 0 0 61.020000129938126 564.3400030732155 653.8800032436848 1.0000002346932888 -5.689999978989363 1.0900001302361488 0.42000019550323486 -1.9999999701976776 1.1300001442432404 405 23 17 6 5 17 11 7 4 2 7 10 8 6 3 2 4 4 0 5 2 0 1 3 5 1 3 3 5 0 2 2 3 1 1 5 0 0 653.9400041401386 1486.7600004673004 376.0699999779463 130.74000085890293 357.8400029093027 1110.6900004893541 771.2500014156103 339.4399990737438 5.779999881982803 119.3799994289875 362.89000329375267 585.2999993562698 732.2700009196997 171.1400002539158 130.20999969542027 245.86000028252602 339.4399990737438 0 130.74000085890293 101.72999955713749 0 53.459999203681946 285.9799998700619 130.74000085890293 38.980000495910645 161.81000244617462 305.4800015538931 70.87000115215778 0 126.74000047147274 119.11999981105328 426.7899993658066 57.17000116407871 73.03999853134155 17.649999871850014 0 0 179.84999860823154 1841.5500054061413 2146.480004489422 3.0000005699694157 -16.589999917894602 3.720000244677067 -1.0299995318055153 -8.409999880939722 3.2400002740323544 405 40 39 12 9 27 27 16 11 3 11 17 20 15 6 4 7 11 2 9 3 0 3 8 8 1 5 7 8 2 5 2 8 2 2 8 0 1 1535.9100092053413 3791.1400005817413 720.0900007486343 304.520002245903 774.9200055450201 3071.049999833107 2116.729998767376 954.320001065731 25.919999703764915 298.22999952733517 725.570006519556 1517.850002154708 2077.7499982714653 364.1500005722046 274.800000205636 389.09000128507614 954.320001065731 174.43999980390072 304.520002245903 178.86999906599522 0 202.20999836921692 752.1100026965141 248.32000298798084 38.980000495910645 211.8600026667118 772.4200020730495 238.9100036472082 174.43999980390072 269.97000147402287 119.11999981105328 1305.3299961984158 97.68000043928623 177.1199997663498 119.36000046133995 0 56.19999925792217 404.0499992221594 4619.180010795593 5352.970009490848 5.0000012665987015 -32.28999983891845 6.350000631064177 0.4600011892616749 -18.659999772906303 7.810000751167536 405 50 64 19 12 41 45 23 22 11 12 26 34 19 7 8 9 22 3 12 3 0 7 15 10 4 8 8 10 3 6 3 11 4 4 9 0 2 2440.020009562373 6403.490001216531 1227.5399996936321 442.390003234148 1792.5300060808659 5175.950001522899 3090.0500003397465 2085.900001183152 429.47000052034855 447.14999900758266 1429.470007583499 2970.6300019919872 2735.3099993914366 463.8199986219406 513.5600010305643 621.2399992197752 2085.900001183152 263.49000158905983 442.390003234148 178.86999906599522 0 572.3999964743853 1513.500004708767 349.6500037908554 354.7400009483099 533.0400023013353 969.3400026112795 382.8700042515993 263.49000158905983 381.92999951541424 239.30999970436096 1765.969996780157 208.64000175893307 304.91999927163124 268.27999994158745 0 92.73999944329262 996.0799970030785 7636.070011854172 9272.980011299253 1.0000020042061806 -50.07999976724386 3.2500010430812836 -3.7299980334937572 -31.999999653548002 5.930001229047775 405 57 84 27 14 48 57 28 29 13 16 31 46 24 7 11 13 29 5 14 3 1 11 18 11 4 8 8 11 4 8 5 16 7 4 13 0 3 2627.9400099515915 8423.859996303916 1635.5199980735779 449.99000303447247 2042.210005953908 6788.339998230338 3864.979998394847 2923.359999835491 562.8399994522333 561.0199999958277 1659.8400057703257 4052.9000004529953 3510.239997446537 463.8199986219406 740.7399992495775 794.4399995803833 2923.359999835491 335.850001052022 449.99000303447247 178.86999906599522 0.7500000149011612 1038.059992864728 1885.3000069707632 349.6500037908554 354.7400009483099 533.0400023013353 969.3400026112795 385.31000420451164 335.1000010371208 472.1499999910593 322.289999589324 2540.8999948352575 435.8199999779463 304.91999927163124 382.15000092983246 0 100.33999924361706 1302.6799984872341 9468.660005509853 11615.390005722642 -0.9999975152313709 -62.259999722242355 1.430001299828291 -10.729997500777245 -42.78999952599406 3.5400015376508236
406 0 1 0 0 0 1 0 1 0 0 0 1 0 0 0 0 1 0 0 0 0 0 1 0 0 0 0 0 0 0 0 0 0 0 0 0 0 0 81.02999898791313 0 0 0 81.02999898791313 0 81.02999898791313 0 0 0 81.02999898791313 0 0 0 0 81.02999898791313 0 0 0 0 0 81.02999898791313 0 0 0 0 0 0 0 0 0 0 0 0 0 0 3.299999952316284 72.22999903559685 81.02999898791313 -0.999999962747097 -0.3999999985098839 -0.9999999701976776 -0.7399999499320984 -0.5099999904632568 -0.5399999618530273 406 5 8 2 1 4 6 3 3 0 2 3 4 3 0 1 1 3 0 1 0 0 1 2 1 0 0 3 2 0 0 1 0 1 0 2 0 0 100.19000127911568 593.500001847744 75.31000150740147 38.200000271201134 61.99000100791454 518.1900003403425 305.4800015538931 212.70999878644943 0 7.239999905228615 111.92000226676464 230.8499991297722 305.4800015538931 0 57.17000116407871 18.140000343322754 212.70999878644943 0 38.200000271201134 0 0 53.459999203681946 159.2499995827675 38.200000271201134 0 0 305.4800015538931 54.75000110268593 0 0 18.140000343322754 0 57.17000116407871 0 7.239999905228615 0 0 64.21000018715858 594.7400032132864 693.6900031268597 2.421438694000244e-7 -5.1999999806284904 1.4528632164001465e-7 -0.8199997656047344 -2.9799999594688416 0.25000016763806343 406 17 20 7 5 13 13 7 6 2 6 8 9 6 2 3 3 6 0 5 1 0 2 4 4 1 3 3 2 0 1 2 3 2 1 5 0 1 452.97000451385975 1780.3999986052513 412.80999863147736 145.34999984502792 283.6400029361248 1367.589999973774 849.0800016373396 518.5099983364344 5.779999881982803 61.29999950528145 387.28000251948833 704.3999987393618 810.100001141429 85.960000872612 170.71999897062778 185.8900004029274 518.5099983364344 0 145.34999984502792 43.649999633431435 0 132.8699977695942 385.6400005668402 89.15000058710575 38.980000495910645 161.81000244617462 305.4800015538931 54.75000110268593 0 66.77000059187412 119.11999981105328 504.61999958753586 97.68000043928623 73.03999853134155 17.649999871850014 0 56.19999925792217 119.64000017940998 1989.8100025951862 2239.150003001094 1.0000005699694157 -15.51999992877245 1.5400002710521221 -0.7499995008111 -7.629999898374081 1.9400003105401993 406 34 37 12 8 25 25 15 10 3 10 16 18 14 4 4 7 10 1 8 3 0 3 7 7 1 5 6 7 1 5 2 8 2 2 7 0 1 1376.6900079101324 3686.1200000941753 720.0900007486343 300.1400022357702 837.8000030964613 2966.029999345541 2059.21999835968 906.8100009858608 25.919999703764915 260.2500000298023 826.4300035685301 1366.800002798438 2020.2399978637695 249.97000101208687 274.800000205636 389.09000128507614 906.8100009858608 70.9000005275011 300.1400022357702 178.86999906599522 0 202.20999836921692 704.6000026166439 243.94000297784805 38.980000495910645 320.43000181019306 667.1900021284819 231.200001552701 70.9000005275011 269.97000147402287 119.11999981105328 1353.0499957352877 97.68000043928623 177.1199997663498 81.3800009638071 0 56.19999925792217 377.20999947190285 4382.200008749962 5088.730007708073 5.0000011175870895 -29.349999863654375 5.990000549703836 0.18000106140971184 -17.96999978274107 6.800000641494989 406 44 55 15 9 33 40 20 20 6 11 22 30 19 7 6 8 20 2 9 3 0 6 14 8 1 7 7 9 2 6 2 12 3 3 8 0 1 2042.140007659793 5690.880000934005 1026.8199996054173 304.520002245903 1329.6600039750338 4664.0600013285875 2816.6599994301796 1847.400001898408 174.09999772906303 298.22999952733517 1326.9000077396631 2522.890001028776 2777.679998934269 463.8199986219406 469.57000102102757 501.0499993264675 1847.400001898408 174.43999980390072 304.520002245903 178.86999906599522 0 480.2099974900484 1367.1900044083595 248.32000298798084 38.980000495910645 477.05000245571136 772.4200020730495 380.2800042629242 174.43999980390072 381.92999951541424 119.11999981105328 2005.2599968612194 200.70000179111958 268.869999229908 119.36000046133995 0 56.19999925792217 725.8599966615438 6649.280008614063 7907.120006322861 1.7620623111724854e-6 -41.62999979779124 1.8000009506940842 -5.5399982668459415 -27.52999969944358 4.140001110732555 406 52 75 23 12 43 52 25 27 12 13 28 42 21 7 10 11 27 4 12 3 0 9 18 10 4 8 8 10 4 8 3 13 6 4 10 0 2 2592.2700095027685 7865.57999971509 1594.4499981105328 442.390003234148 1943.0900054574013 6271.130001604557 3529.959999591112 2741.170002013445 499.3899994045496 527.789999499917 1593.7300073355436 3900.160000935197 3175.2199986428022 463.8199986219406 677.820000782609 823.8899978846312 2741.170002013445 335.1000010371208 442.390003234148 178.86999906599522 0 829.6699944585562 1911.5000075548887 349.6500037908554 354.7400009483099 533.0400023013353 969.3400026112795 382.8700042515993 335.1000010371208 584.5799981802702 239.30999970436096 2205.8799960315228 372.90000151097775 304.91999927163124 348.9200004339218 0 92.73999944329262 1270.8299986124039 8885.190009251237 10957.240008622408 -1.999997716397047 -55.769999746233225 0.340001218020916 -8.149997726082802 -38.179999612271786 3.820001430809498
407 0 1 0 0 0 1 1 0 0 0 0 0 1 0 0 0 0 0 0 0 0 0 0 0 0 0 1 0 0 0 0 0 0 0 0 0 0 0 60.50000071525574 0 0 0 60.50000071525574 60.50000071525574 0 0 0 0 0 60.50000071525574 0 0 0 0 0 0 0 0 0 0 0 0 0 60.50000071525574 0 0 0 0 0 0 0 0 0 0 2.240000069141388 55.80000060796738 60.50000071525574 1.0000000298023224 -0.3999999985098839 1.0000000223517418 1.0300000235438347 0.0 0.940000019967556 407 4 8 3 2 2 5 2 3 0 1 3 4 2 0 2 1 3 0 2 0 0 1 2 2 0 0 2 1 0 0 1 0 1 1 1 0 0 92.3900004774332 568.3200002163649 148.35000003874302 89.15000058710575 3.2399998903274536 419.97000017762184 207.2600013911724 212.70999878644943 0 3.2399998903274536 130.20999969542027 230.8499991297722 207.2600013911724 0 130.20999969542027 18.140000343322754 212.70999878644943 0 89.15000058710575 0 0 53.459999203681946 159.2499995827675 89.15000058710575 0 0 207.2600013911724 0.0 0 0 18.140000343322754 0 57.17000116407871 73.03999853134155 3.2399998903274536 0 0 27.48999972641468 590.5200009644032 660.7100006937981 -0.9999998025596142 -4.799999982118607 -0.9999998919665813 -2.68999982252717 -3.4499999582767487 -1.239999894052744 407 18 22 8 5 15 14 8 6 2 7 9 10 7 1 3 4 6 0 5 2 0 2 4 4 1 3 3 3 0 2 2 4 2 1 5 0 1 686.9100013077259 2042.7199971526861 450.4799988269806 186.9400001168251 483.1199995726347 1592.2399983257055 1097.2299992144108 495.00999911129475 5.779999881982803 138.43999901413918 509.6199996471405 718.5699997097254 1058.2499987185001 78.83000075817108 170.71999897062778 223.56000059843063 495.00999911129475 0 186.9400001168251 120.78999914228916 0 132.8699977695942 362.14000134170055 130.74000085890293 38.980000495910645 265.18999978899956 305.4800015538931 73.71000088751316 0 104.44000078737736 119.11999981105328 752.769997164607 97.68000043928623 73.03999853134155 17.649999871850014 0 56.19999925792217 164.95999997854233 2389.649998292327 2735.409998342395 2.0000005960464478 -16.8499999307096 2.360000278800726 0.4100005701184273 -9.979999892413616 3.940000355243683 407 32 37 13 8 25 24 14 10 3 10 17 17 13 3 5 7 10 0 8 3 0 3 7 7 1 6 5 6 0 5 2 8 2 3 7 0 1 1222.4400081634521 3734.40999789536 811.8400002121925 300.1400022357702 835.3900032490492 2922.5699976831675 2100.0799995213747 822.4899981617928 25.919999703764915 260.2500000298023 915.7700031846762 1211.579999446869 2061.099999025464 169.03000164031982 366.5499996691942 389.09000128507614 822.4899981617928 0 300.1400022357702 178.86999906599522 0 202.20999836921692 620.2799997925758 243.94000297784805 38.980000495910645 459.39000257849693 537.2100031524897 89.83000093698502 0 269.97000147402287 119.11999981105328 1523.8899958729744 97.68000043928623 268.869999229908 81.3800009638071 0 56.19999925792217 349.29000118374825 4300.250005483627 4982.770005762577 4.000001039355993 -28.679999873042107 4.810000490397215 -1.6699990183115005 -18.59999979659915 6.290000583976507 407 43 53 16 9 33 37 20 17 5 12 22 28 18 5 6 9 17 2 9 3 0 6 11 8 2 7 7 9 2 7 2 11 3 3 9 0 1 1996.7900096923113 5690.709997326136 1187.049997895956 304.520002245903 1424.260003760457 4503.65999943018 2899.1599986702204 1604.5000007599592 119.77999803423882 447.14999900758266 1326.9000077396631 2440.2199981808662 2744.8699963241816 269.5500011742115 469.57000102102757 661.2799976170063 1604.5000007599592 174.43999980390072 304.520002245903 178.86999906599522 0 501.3199966698885 1103.1800040900707 248.32000298798084 154.29000234603882 477.05000245571136 772.4200020730495 380.2800042629242 174.43999980390072 542.159997805953 119.11999981105328 1972.449994251132 200.70000179111958 268.869999229908 268.27999994158745 0 56.19999925792217 718.7499979436398 6588.400007784367 7807.280005052686 3.0000016130506992 -40.19999981671572 4.350000839680433 -2.509998422116041 -26.52999971807003 6.840000990778208 407 46 69 20 9 40 49 24 25 11 12 25 38 21 7 8 11 25 2 9 3 0 9 16 8 3 8 8 9 2 8 3 13 5 3 9 0 1 2247.0500069856644 7490.080001980066 1578.759997203946 304.520002245903 1820.9500034600496 5911.32000477612 3416.9100006371737 2494.4100041389465 460.47999788820744 447.14999900758266 1505.5100073814392 3599.2200010716915 3175.2199986428022 463.8199986219406 592.1900008171797 930.3699971288443 2494.4100041389465 174.43999980390072 304.520002245903 178.86999906599522 0 789.4699966013432 1704.9400075376034 248.32000298798084 241.6900019943714 533.0400023013353 969.3400026112795 380.2800042629242 174.43999980390072 691.0599974244833 239.30999970436096 2205.8799960315228 323.3200015872717 268.869999229908 268.27999994158745 0 56.19999925792217 1148.399995073676 8286.320010975003 10197.610006853938 -0.9999978765845299 -50.479999765753746 1.2500011548399925 -6.269997898489237 -34.199999663978815 3.8100013434886932
408 0 1 0 0 0 1 1 0 0 0 0 0 1 0 0 0 0 0 0 0 0 0 0 0 0 0 1 0 0 0 0 0 0 0 0 0 0 0 146.76000067591667 0 0 0 146.76000067591667 146.76000067591667 0 0 0 0 0 146.76000067591667 0 0 0 0 0 0 0 0 0 0 0 0 0 146.76000067591667 0 0 0 0 0 0 0 0 0 0 16.729999601840973 120.19000121951103 146.76000067591667 1.0000000298023224 -0.3999999985098839 1.0000000223517418 0.510000042617321 -0.9799999892711639 1.0900000259280205 408 2 9 1 1 1 8 4 4 0 1 1 4 4 0 1 0 4 0 1 1 0 1 3 1 0 0 2 0 0 0 0 2 0 1 0 0 0 81.84999990463257 995.3799977749586 73.03999853134155 38.200000271201134 43.649999633431435 922.3399992436171 582.9000001698732 339.4399990737438 0 43.649999633431435 73.03999853134155 339.4399990737438 582.9000001698732 0 73.03999853134155 0 339.4399990737438 0 38.200000271201134 43.649999633431435 0 53.459999203681946 285.9799998700619 38.200000271201134 0 0 207.2600013911724 0 0 0 0 375.63999877870083 0 73.03999853134155 0 0 0 51.03999936580658 948.589998587966 1077.2299976795912 2.60770320892334e-7 -4.399999983608723 1.7881393432617188e-7 0.27000028640031815 -2.829999975860119 0.9200002253055573 408 11 17 5 2 10 12 7 5 2 6 5 7 6 1 3 2 5 0 2 2 0 1 4 2 1 0 3 2 0 1 1 3 1 2 4 0 0 352.20000149309635 1653.6299989521503 319.2000018656254 89.15000058710575 190.00000002980232 1334.429997086525 922.3299994766712 412.09999760985374 5.779999881982803 129.4699990451336 289.04000203311443 497.0099985450506 883.3499989807606 78.83000075817108 234.2900009304285 84.91000093519688 412.09999760985374 0 89.15000058710575 120.78999914228916 0 53.459999203681946 358.6399984061718 89.15000058710575 38.980000495910645 0 305.4800015538931 54.75000110268593 0 66.77000059187412 18.140000343322754 577.8699974268675 57.17000116407871 177.1199997663498 8.679999902844429 0 0 126.07000045478344 1751.0400009900331 2011.6100003272295 2.000000473111868 -12.049999948590994 2.3600002452731133 0.8500004298985004 -6.019999943673611 3.130000304430723 408 29 35 11 6 25 24 14 10 4 7 18 16 13 3 4 6 10 0 6 2 0 2 8 5 1 6 5 8 0 4 2 8 2 2 5 0 1 1163.060005351901 3548.619996920228 621.0900000333786 186.9400001168251 1030.9400019049644 2927.5299968868494 2067.479997828603 860.0499990582466 167.64999905228615 138.43999901413918 999.6500040441751 1150.139999628067 2028.4999973326921 169.03000164031982 274.800000205636 290.0900005698204 860.0499990582466 0 186.9400001168251 120.78999914228916 0 132.8699977695942 727.1800012886524 130.74000085890293 38.980000495910645 459.39000257849693 592.3700026720762 265.4600012600422 0 170.97000075876713 119.11999981105328 1436.129994660616 97.68000043928623 177.1199997663498 17.649999871850014 0 56.19999925792217 417.4699982255697 4163.0700034201145 4879.330001324415 4.000001028180122 -27.16999987885356 4.900000508874655 1.8900009766221046 -15.6099998280406 6.420000612735748 408 48 54 14 11 37 40 21 19 9 11 23 29 19 7 6 7 19 3 11 3 0 7 12 10 2 8 7 9 3 5 2 12 3 3 8 0 1 2288.5100100934505 5685.099993512034 894.470000565052 405.8500030487776 1546.9600033313036 4790.629992946982 2961.4899970144033 1829.139995932579 335.4099972397089 298.22999952733517 1362.5000065863132 2481.719998806715 2835.10999687016 463.8199986219406 449.1800000220537 389.09000128507614 1829.139995932579 263.49000158905983 405.8500030487776 178.86999906599522 0 636.5599932223558 1192.5800027102232 349.6500037908554 126.38000014424324 533.0400023013353 772.4200020730495 380.2800042629242 263.49000158905983 269.97000147402287 119.11999981105328 2062.6899947971106 180.31000079214573 268.869999229908 119.36000046133995 0 56.19999925792217 839.6099949628115 6890.960006311536 8309.020000845194 2.0000018142163754 -44.29999978840351 4.07000095769763 -3.229998257011175 -28.579999696463346 5.770001098513603 408 56 80 24 13 47 56 27 29 13 15 29 45 23 7 10 12 29 4 13 3 0 12 17 11 4 9 8 10 4 7 5 15 6 4 12 0 2 2783.8100119680166 8354.329995751381 1635.0099976211786 442.390003234148 2198.080007970333 6719.319998130202 3824.5299979299307 2894.7900002002716 562.8399994522333 555.2300000339746 1757.8300092667341 4094.3399986326694 3469.789996981621 463.8199986219406 677.820000782609 864.449997395277 2894.7900002002716 335.1000010371208 442.390003234148 178.86999906599522 0 1130.3699920922518 1764.4200081080198 349.6500037908554 354.7400009483099 697.1400042325258 969.3400026112795 382.8700042515993 335.1000010371208 542.159997805953 322.289999589324 2500.4499943703413 372.90000151097775 304.91999927163124 376.36000096797943 0 92.73999944329262 1337.1199977099895 9505.620007708669 11700.98000717163 -1.9999975487589836 -59.85999973118305 0.43000131100416183 -9.059997539967299 -41.14999956265092 3.2600015327334404
409 0 1 1 0 0 0 0 0 0 0 1 0 0 0 1 0 0 0 0 0 0 0 0 0 0 0 0 0 0 0 0 0 0 1 0 0 0 0 73.03999853134155 73.03999853134155 0 0 0 0 0 0 0 73.03999853134155 0 0 0 73.03999853134155 0 0 0 0 0 0 0 0 0 0 0 0 0 0 0 0 0 0 73.03999853134155 0 0 0 0.0 63.04999828338623 73.03999853134155 -7.450580596923828e-9 -0.3999999985098839 -1.4901161193847656e-8 0.25999999046325684 0.0 -0.14000001549720764 409 2 7 1 0 2 6 4 2 0 2 1 2 4 0 1 0 2 0 0 2 0 1 1 0 0 0 2 0 0 0 0 2 0 1 0 0 0 120.78999914228916 782.0599964410067 73.03999853134155 0 120.78999914228916 709.0199979096651 582.9000001698732 126.11999773979187 0 120.78999914228916 73.03999853134155 126.11999773979187 582.9000001698732 0 73.03999853134155 0 126.11999773979187 0 0 120.78999914228916 0 53.459999203681946 72.65999853610992 0 0 0 207.2600013911724 0 0 0 0 375.63999877870083 0 73.03999853134155 0 0 0 30.839999616146088 801.0699972808361 902.8499955832958 2.000000186264515 -3.599999986588955 2.0000001192092896 2.560000203549862 -2.319999985396862 2.700000151991844 409 5 17 5 3 2 12 7 5 0 2 3 6 6 1 3 1 5 0 3 2 0 1 4 2 1 0 2 0 0 0 1 4 1 2 0 0 1 288.770000487566 1772.0499962568283 308.63000053167343 145.34999984502792 120.78999914228916 1463.4199957251549 1051.3199981153011 412.09999760985374 0 120.78999914228916 234.2900009304285 430.2399979531765 1012.3399976193905 78.83000075817108 234.2900009304285 18.140000343322754 412.09999760985374 0 145.34999984502792 120.78999914228916 0 53.459999203681946 358.6399984061718 89.15000058710575 38.980000495910645 0 207.2600013911724 0 0 0 18.140000343322754 805.0799962282181 57.17000116407871 177.1199997663498 0 0 56.19999925792217 119.65999971330166 1799.8699978142977 2060.8199967443943 2.0000003837049007 -8.669999960809946 2.180000215768814 0.850000400096178 -6.5299999341368675 3.240000259131193 409 16 27 9 5 14 18 11 7 3 7 8 11 10 1 4 4 7 0 5 2 0 2 5 4 1 2 4 2 0 2 2 6 2 2 5 0 1 667.9500015228987 2758.0899969786406 554.5600000619888 186.9400001168251 533.889998614788 2203.5299969166517 1635.859999269247 567.6699976474047 75.5099987089634 138.43999901413918 594.7400010973215 791.2299982458353 1596.8799987733364 78.83000075817108 274.800000205636 223.56000059843063 567.6699976474047 0 186.9400001168251 120.78999914228916 0 132.8699977695942 434.7999998778105 130.74000085890293 38.980000495910645 265.18999978899956 462.390003696084 54.75000110268593 0 104.44000078737736 119.11999981105328 1134.4899950772524 97.68000043928623 177.1199997663498 17.649999871850014 0 56.19999925792217 248.74999931454659 3030.5899987518787 3501.5499972105026 4.000000696629286 -18.539999924600124 4.45000034943223 3.4600006826221943 -10.359999898821115 6.520000450313091 409 32 38 14 6 29 24 15 9 5 10 19 17 14 3 5 8 9 0 6 3 0 3 6 5 1 6 4 8 0 6 2 10 2 3 7 0 1 1365.430009663105 4086.1499955505133 972.0699985027313 186.9400001168251 1303.2300051003695 3114.079997047782 2377.4099981039762 736.6699989438057 237.5699979364872 260.2500000298023 1171.9600068032742 1285.9899985194206 2338.4299976080656 169.03000164031982 366.5499996691942 549.3199995756149 736.6699989438057 0 186.9400001168251 178.86999906599522 0 202.20999836921692 534.4600005745888 130.74000085890293 38.980000495910645 459.39000257849693 462.390003696084 346.020004555583 0 430.19999976456165 119.11999981105328 1876.0399939119816 97.68000043928623 268.869999229908 81.3800009638071 0 56.19999925792217 550.7899975627661 4751.700007364154 5689.1500031501055 6.000001046806574 -30.059999868273735 6.9900004751980305 0.050001006573438644 -20.449999790638685 8.170000575482845 409 45 62 17 9 36 45 23 22 8 12 23 34 20 6 7 9 22 3 9 3 0 8 14 8 3 7 8 9 3 7 2 12 4 3 9 0 1 2185.5100095272064 6830.849993124604 1301.7299977242947 304.520002245903 1642.8000039607286 5529.11999540031 3414.4899969398975 2114.629998460412 338.3199982345104 447.14999900758266 1441.5800075680017 3039.399997666478 3172.799994945526 369.2199992239475 584.2500008493662 661.2799976170063 2114.629998460412 263.49000158905983 304.520002245903 178.86999906599522 0 747.4399940520525 1367.1900044083595 248.32000298798084 241.6900019943714 477.05000245571136 969.3400026112795 380.2800042629242 263.49000158905983 542.159997805953 119.11999981105328 2203.4599923342466 315.3800016194582 268.869999229908 268.27999994158745 0 56.19999925792217 998.5999947041273 7720.300006940961 9354.680000886321 1.0000019408762455 -45.93999978899956 2.800001058727503 -4.4499980844557285 -31.119999680668116 5.310001224279404
410 0 1 0 0 0 1 1 0 0 0 0 0 1 0 0 0 0 0 0 0 0 0 0 0 0 0 0 0 0 0 0 1 0 0 0 0 0 0 217.91999852657318 0 0 0 217.91999852657318 217.91999852657318 0 0 0 0 0 217.91999852657318 0 0 0 0 0 0 0 0 0 0 0 0 0 0 0 0 0 0 217.91999852657318 0 0 0 0 0 1.5800000429153442 202.14999890327454 217.91999852657318 1.0000000223517418 -0.3999999985098839 1.0000000149011612 1.2900000363588333 -0.4699999988079071 1.360000029206276 410 2 6 1 0 2 5 4 1 0 2 1 1 4 0 1 0 1 0 0 2 0 0 1 0 0 0 1 0 0 0 0 3 0 1 0 0 0 120.78999914228916 870.3299951702356 73.03999853134155 0 120.78999914228916 797.2899966388941 724.6299981027842 72.65999853610992 0 120.78999914228916 73.03999853134155 72.65999853610992 724.6299981027842 0 73.03999853134155 0 72.65999853610992 0 0 120.78999914228916 0 0 72.65999853610992 0 0 0 146.76000067591667 0 0 0 0 577.8699974268675 0 73.03999853134155 0 0 0 32.80999952554703 893.7399959862232 991.1199943125248 3.0000001415610313 -3.199999988079071 3.0000000819563866 3.020000174641609 -2.789999984204769 3.9400001242756844 410 5 15 3 3 2 12 8 4 0 2 2 5 8 0 2 1 4 0 3 2 0 1 3 3 0 0 3 0 0 0 1 5 0 2 0 0 0 251.5300000011921 1877.879996150732 195.26000010967255 130.74000085890293 120.78999914228916 1682.6199960410595 1348.73999902606 333.8799970149994 0 120.78999914228916 177.1199997663498 352.01999735832214 1348.73999902606 0 177.1199997663498 18.140000343322754 333.8799970149994 0 130.74000085890293 120.78999914228916 0 53.459999203681946 280.41999781131744 130.74000085890293 0 0 364.17000353336334 0 0 0 18.140000343322754 984.5699954926968 0 177.1199997663498 0 0 0 140.07999885082245 1857.7299982309341 2129.409996151924 4.00000037997961 -7.999999970197678 4.0000002309679985 3.6500003933906555 -5.149999961256981 5.150000289082527 410 17 23 7 4 17 16 10 6 4 7 9 9 9 1 3 3 6 0 4 2 0 1 5 3 1 3 3 3 0 2 1 6 1 2 5 0 1 815.1600048691034 2438.9699995070696 413.0700013190508 186.9400001168251 773.2400023043156 2025.8999981880188 1537.6399991065264 488.2599990814924 167.64999905228615 138.43999901413918 701.4400051683187 610.8400002121925 1498.6599986106157 78.83000075817108 234.2900009304285 122.58000113070011 488.2599990814924 0 186.9400001168251 120.78999914228916 0 53.459999203681946 434.7999998778105 130.74000085890293 38.980000495910645 297.5800001323223 364.17000353336334 169.57000410556793 0 104.44000078737736 18.140000343322754 1134.4899950772524 57.17000116407871 177.1199997663498 17.649999871850014 0 56.19999925792217 287.94999900460243 2891.930005118251 3421.780003428459 4.000000644475222 -17.829999927431345 4.540000312030315 3.500000637024641 -10.809999905526638 7.010000411421061 410 29 41 14 6 27 27 16 11 6 10 17 18 14 3 6 7 11 0 6 2 0 6 5 5 2 4 5 7 0 5 2 9 3 3 8 0 1 1153.0900061577559 4523.849992156029 987.7499976158142 186.9400001168251 1115.0200010985136 3536.0999945402145 2560.6599996834993 975.4399948567152 261.6999974399805 351.08999958634377 983.4600035697222 1425.7599937170744 2406.3699973374605 169.03000164031982 481.22999949753284 450.3199988603592 975.4399948567152 0 186.9400001168251 120.78999914228916 0 540.6399949789047 434.7999998778105 130.74000085890293 154.29000234603882 297.5800001323223 659.310004234314 204.65000393986702 0 331.1999990493059 119.11999981105328 1747.0599931031466 212.36000026762486 268.869999229908 230.3000004440546 0 56.19999925792217 676.949997767806 4845.490000069141 5938.639995753765 5.00000112503767 -30.549999866634607 6.0800005458295345 0.47000107169151306 -20.859999805688858 7.450000643730164 410 50 64 18 10 40 46 26 20 11 12 23 34 23 9 6 11 20 3 10 3 0 9 11 9 3 8 8 9 3 8 3 15 3 3 9 0 1 2834.250008523464 7478.18998748064 1520.559998869896 500.750002220273 1895.690005093813 5957.6299886107445 4085.4099927693605 1872.219995841384 535.2199995219707 447.14999900758266 1394.5500060617924 3118.8399975448847 3843.719990774989 765.7399984002113 481.22999949753284 983.1300001144409 1872.219995841384 263.49000158905983 500.750002220273 178.86999906599522 0 847.3599965125322 1024.8599993288517 444.55000296235085 241.6900019943714 533.0400023013353 969.3400026112795 380.2800042629242 263.49000158905983 691.0599974244833 292.0700026899576 2874.3799881637096 212.36000026762486 268.869999229908 268.27999994158745 0 56.19999925792217 1240.4599942862988 8805.510002329946 10847.659995526075 6.000002056360245 -49.81999975442886 8.61000108718872 1.5500020161271095 -34.33999966457486 10.930001255124807
411 1 0 0 0 1 0 0 0 0 1 0 0 0 0 0 0 0 0 0 1 0 0 0 0 0 0 0 0 0 0 0 0 0 0 0 0 0 77.13999950885773 0 0 0 77.13999950885773 0 0 0 0 77.13999950885773 0 0 0 0 0 0 0 0 0 77.13999950885773 0 0 0 0 0 0 0 0 0 0 0 0 0 0 0 0 0 7.359999895095825 59.78999996185303 77.13999950885773 7.450580596923828e-9 -0.3999999985098839 0.0 -0.06999999284744263 -0.4699999988079071 0.0 411 2 6 1 0 2 5 3 2 0 2 1 2 3 0 1 0 2 0 0 2 0 0 2 0 0 0 0 0 0 0 0 3 0 1 0 0 0 120.78999914228916 850.2999947816133 73.03999853134155 0 120.78999914228916 777.2599962502718 577.8699974268675 199.3899988234043 0 120.78999914228916 73.03999853134155 199.3899988234043 577.8699974268675 0 73.03999853134155 0 199.3899988234043 0 0 120.78999914228916 0 0 199.3899988234043 0 0 0 0 0 0 0 0 577.8699974268675 0 73.03999853134155 0 0 0 41.309999614953995 860.279994904995 971.0899939239025 1.000000149011612 -3.199999988079071 1.0000000894069672 1.1300001665949821 -2.2799999937415123 1.8500001281499863 411 2 12 2 0 3 10 7 3 1 2 2 3 7 0 2 0 3 0 0 2 0 1 2 0 0 0 2 0 0 0 0 5 0 2 0 0 0 120.78999914228916 1621.7999946773052 177.1199997663498 0 190.51999796926975 1444.6799949109554 1191.8299968838692 252.84999802708626 69.72999882698059 120.78999914228916 177.1199997663498 252.84999802708626 1191.8299968838692 0 177.1199997663498 0 252.84999802708626 0 0 120.78999914228916 0 53.459999203681946 199.3899988234043 0 0 0 207.2600013911724 0 0 0 0 984.5699954926968 0 177.1199997663498 0 0 0 163.66999839246273 1513.139995276928 1812.319992646575 4.000000294297934 -6.089999977499247 4.090000182390213 4.760000314563513 -3.6799999810755253 5.100000232458115 411 8 20 6 4 7 14 9 5 3 2 5 7 8 1 3 2 5 0 4 2 0 1 4 3 1 1 3 1 0 1 1 5 1 2 0 0 1 469.32000152766705 2146.119997859001 346.30000072717667 186.9400001168251 491.5399979650974 1799.8199971318245 1387.7199995219707 412.09999760985374 231.7899980545044 120.78999914228916 373.2500016987324 467.90999814867973 1348.73999902606 78.83000075817108 234.2900009304285 55.81000053882599 412.09999760985374 0 186.9400001168251 120.78999914228916 0 53.459999203681946 358.6399984061718 130.74000085890293 38.980000495910645 138.96000076830387 364.17000353336334 0.0 0 37.670000195503235 18.140000343322754 984.5699954926968 57.17000116407871 177.1199997663498 0 0 56.19999925792217 288.4399974346161 2332.8100011497736 2847.2299974411726 4.0000004991889 -12.539999946951866 4.450000263750553 2.9900005236268044 -9.379999917000532 6.050000328570604 411 21 35 12 5 20 23 14 9 5 7 13 15 13 2 5 6 9 0 5 2 0 4 5 4 1 3 4 5 0 4 2 9 2 3 5 0 1 922.1900053322315 3775.0599918216467 712.8399994969368 186.9400001168251 867.1200008839369 3062.21999232471 2248.429997295141 813.7899950295687 237.5699979364872 138.43999901413918 857.6600036025047 1103.879995599389 2209.4499967992306 161.9000015258789 366.5499996691942 290.0900005698204 813.7899950295687 0 186.9400001168251 120.78999914228916 0 378.9899951517582 434.7999998778105 130.74000085890293 38.980000495910645 297.5800001323223 462.390003696084 193.5300038009882 0 170.97000075876713 119.11999981105328 1747.0599931031466 97.68000043928623 268.869999229908 17.649999871850014 0 56.19999925792217 465.4499971270561 4137.579999029636 4934.819995090365 5.000000916421413 -24.58999989554286 5.810000453144312 1.7200008891522884 -16.44999985024333 7.180000551044941 411 39 54 14 7 34 40 24 16 6 11 22 25 21 4 5 8 16 1 7 3 0 7 9 6 3 8 8 9 1 6 2 13 2 3 8 0 1 1950.9800122231245 6059.659989520907 972.0699985027313 237.56000052392483 1692.3000055998564 5087.589991018176 3604.7699957042933 1482.8199953138828 261.6999974399805 409.1699995100498 1387.9800083190203 2121.189996674657 3363.079993709922 249.97000101208687 366.5499996691942 549.3199995756149 1482.8199953138828 89.05000178515911 237.56000052392483 178.86999906599522 0 669.8199948072433 813.0000005066395 181.36000126600266 241.6900019943714 641.1500043869019 969.3400026112795 380.2800042629242 89.05000178515911 430.19999976456165 119.11999981105328 2393.7399910986423 97.68000043928623 268.869999229908 230.3000004440546 0 56.19999925792217 806.8199961930513 6952.340004011989 8272.339999184012 8.00000162050128 -39.61999982595444 9.260000865906477 4.54000161215663 -25.56999972835183 11.38000102341175
412 1 0 0 0 1 0 0 0 0 1 0 0 0 0 0 0 0 0 0 1 0 0 0 0 0 0 0 0 0 0 0 0 0 0 0 0 0 43.649999633431435 0 0 0 43.649999633431435 0 0 0 0 43.649999633431435 0 0 0 0 0 0 0 0 0 43.649999633431435 0 0 0 0 0 0 0 0 0 0 0 0 0 0 0 0 0 1.7500000149011612 31.90999984741211 43.649999633431435 7.450580596923828e-9 -0.3999999985098839 0.0 -0.9099999889731407 -0.9099999889731407 -0.09000000357627869 412 2 8 2 0 2 6 4 2 0 2 2 2 4 0 2 0 2 0 0 2 0 0 2 0 0 0 1 0 0 0 0 3 0 2 0 0 0 120.78999914228916 1101.1399966925383 177.1199997663498 0 120.78999914228916 924.0199969261885 724.6299981027842 199.3899988234043 0 120.78999914228916 177.1199997663498 199.3899988234043 724.6299981027842 0 177.1199997663498 0 199.3899988234043 0 0 120.78999914228916 0 0 199.3899988234043 0 0 0 146.76000067591667 0 0 0 0 577.8699974268675 0 177.1199997663498 0 0 0 75.74999985098839 1056.5599969923496 1221.9299958348274 2.0000001713633537 -3.999999985098839 2.0000000968575478 1.5900001972913742 -3.2599999830126762 2.800000138580799 412 2 13 2 0 3 11 6 5 1 2 2 5 6 0 2 0 5 0 0 2 0 1 4 0 0 0 2 0 0 0 0 4 0 2 0 0 0 120.78999914228916 1553.8399954587221 177.1199997663498 0 190.51999796926975 1376.7199956923723 964.6199980825186 412.09999760985374 69.72999882698059 120.78999914228916 177.1199997663498 412.09999760985374 964.6199980825186 0 177.1199997663498 0 412.09999760985374 0 0 120.78999914228916 0 53.459999203681946 358.6399984061718 0 0 0 207.2600013911724 0 0 0 0 757.3599966913462 0 177.1199997663498 0 0 0 140.2599987834692 1473.7999960631132 1744.3599934279919 1.0000003464519978 -6.4899999760091305 1.0900002270936966 1.8000003807246685 -4.189999971538782 2.650000289082527 412 11 21 6 4 11 15 10 5 4 5 5 7 9 1 3 2 5 0 4 2 0 1 4 3 1 0 4 2 0 1 1 5 1 2 3 0 1 392.7800017744303 2273.4399984180927 375.40000112354755 186.9400001168251 417.1599982082844 1898.0399972945452 1485.9399996846914 412.09999760985374 233.94999805092812 128.45999905467033 289.04000203311443 497.0099985450506 1446.9599991887808 78.83000075817108 234.2900009304285 84.91000093519688 412.09999760985374 0 186.9400001168251 120.78999914228916 0 53.459999203681946 358.6399984061718 130.74000085890293 38.980000495910645 0 462.390003696084 54.75000110268593 0 66.77000059187412 18.140000343322754 984.5699954926968 57.17000116407871 177.1199997663498 7.669999912381172 0 56.19999925792217 315.1299977898598 2364.7000013440847 2900.169998243451 5.000000562518835 -14.629999939352274 5.540000289678574 4.720000542700291 -8.399999927729368 6.890000361949205 412 29 37 11 6 26 26 15 11 5 7 18 17 14 3 4 6 11 0 6 2 0 4 7 5 1 6 5 8 0 4 2 9 2 2 5 0 1 1276.6600083559752 3971.1799922287464 621.0900000333786 186.9400001168251 1214.4600037932396 3350.089992195368 2298.4899959117174 1051.5999962836504 237.5699979364872 138.43999901413918 1113.2500070482492 1341.6899968534708 2259.5099954158068 169.03000164031982 274.800000205636 290.0900005698204 1051.5999962836504 0 186.9400001168251 120.78999914228916 0 378.9899951517582 672.6100011318922 130.74000085890293 38.980000495910645 459.39000257849693 592.3700026720762 379.0600042641163 0 170.97000075876713 119.11999981105328 1667.1399927437305 97.68000043928623 177.1199997663498 17.649999871850014 0 56.19999925792217 510.2799969166517 4633.940002173185 5485.409998521209 4.000001098960638 -28.4599998742342 4.990000557154417 1.8000010661780834 -17.47999981418252 6.600000664591789 412 51 62 15 11 40 47 25 22 9 13 24 33 22 7 6 8 22 3 11 3 0 10 12 10 3 9 8 9 3 6 2 14 3 3 10 0 1 2596.310012191534 6854.919990345836 1054.6999988555908 405.8500030487776 1886.6900052577257 5800.219991490245 3695.009996250272 2105.209995239973 335.4099972397089 473.8599995225668 1526.6000085175037 2886.089996576309 3453.3199942559004 463.8199986219406 449.1800000220537 549.3199995756149 2105.209995239973 231.5600017607212 405.8500030487776 178.86999906599522 0 912.6299925297499 1192.5800027102232 349.6500037908554 241.6900019943714 697.1400042325258 969.3400026112795 380.2800042629242 231.5600017607212 430.19999976456165 119.11999981105328 2483.979991644621 180.31000079214573 268.869999229908 294.9900004565716 0 56.19999925792217 1007.4199944287539 8109.120005637407 9786.639999777079 3.000002048909664 -48.699999772012234 5.070001110434532 -1.779998004436493 -32.42999965324998 6.54000124707818
413 0 1 0 0 0 1 1 0 0 0 0 0 1 0 0 0 0 0 0 0 0 0 0 0 0 0 0 0 0 0 0 1 0 0 0 0 0 0 157.72000025212765 0 0 0 157.72000025212765 157.72000025212765 0 0 0 0 0 157.72000025212765 0 0 0 0 0 0 0 0 0 0 0 0 0 0 0 0 0 0 157.72000025212765 0 0 0 0 0 0.20999999344348907 157.51000025868416 157.72000025212765 1.0000000223517418 -0.3999999985098839 1.0000000149011612 1.8700000196695328 0.5099999904632568 1.360000029206276 413 3 9 2 1 2 7 5 2 0 2 2 2 5 0 2 0 2 0 1 2 0 0 2 1 0 0 1 0 0 0 0 4 0 2 0 0 0 158.9899994134903 1280.629995957017 177.1199997663498 38.200000271201134 120.78999914228916 1103.5099961906672 904.1199973672628 199.3899988234043 0 120.78999914228916 177.1199997663498 199.3899988234043 904.1199973672628 0 177.1199997663498 0 199.3899988234043 0 38.200000271201134 120.78999914228916 0 0 199.3899988234043 38.200000271201134 0 0 146.76000067591667 0 0 0 0 757.3599966913462 0 177.1199997663498 0 0 0 95.96999959647655 1248.2399968206882 1439.6199953705072 3.000000201165676 -4.799999982118607 3.000000111758709 2.6900002285838127 -3.189999982714653 3.7400001659989357 413 9 19 6 3 9 13 8 5 4 4 3 9 8 1 2 4 5 0 3 2 0 1 4 3 0 0 3 1 0 4 0 5 0 2 2 0 0 453.85000379383564 2054.3799971342087 348.0900005251169 130.74000085890293 407.69000121951103 1706.2899966090918 1294.189998999238 412.09999760985374 167.64999905228615 125.21999916434288 291.9400027692318 583.0699983686209 1294.189998999238 83.07000076770782 177.1199997663498 170.97000075876713 412.09999760985374 0 130.74000085890293 120.78999914228916 0 53.459999203681946 358.6399984061718 130.74000085890293 0 0 364.17000353336334 114.820003002882 0 170.97000075876713 0 930.0199954658747 0 177.1199997663498 4.430000022053719 0 0 238.40999728441238 2251.7100037932396 2675.8799999803305 3.000000525265932 -13.029999945312738 3.540000282227993 2.1500004902482033 -7.359999947249889 3.9000003337860107 413 23 30 10 5 23 20 15 5 6 8 13 10 14 2 4 5 5 0 5 2 0 1 4 4 1 2 6 7 0 4 1 8 1 3 6 0 1 832.3400050848722 3266.8599985837936 571.3500007539988 186.9400001168251 801.4000001400709 2695.509997829795 2283.410000219941 412.09999760985374 261.6999974399805 287.3599984943867 578.3800045996904 601.2099987119436 2168.099998369813 161.9000015258789 326.0400003939867 189.11000110208988 412.09999760985374 0 186.9400001168251 120.78999914228916 0 53.459999203681946 358.6399984061718 130.74000085890293 115.31000185012817 32.390000343322754 764.5400041788816 219.95000386238098 0 170.97000075876713 18.140000343322754 1403.5599941909313 57.17000116407871 268.869999229908 166.5699993520975 0 56.19999925792217 492.7699972987175 3593.080004155636 4360.900001108646 10.000000827014446 -23.87999989837408 10.900000378489494 9.2600007802248 -13.569999873638153 12.600000485777855 413 42 50 13 8 37 37 21 16 9 12 22 24 18 5 6 6 16 2 8 3 0 6 10 7 3 8 8 8 2 4 2 10 2 4 9 0 1 1813.660010561347 5191.579993203282 748.88999953866 253.9000018388033 1572.4800028651953 4442.689993664622 2974.579997688532 1468.1099959760904 386.0199983716011 414.5099985450506 1174.550005659461 1918.149998858571 2732.8899956941605 269.5500011742115 402.5999997109175 290.0900005698204 1468.1099959760904 159.95000231266022 253.9000018388033 178.86999906599522 0 560.9499957859516 907.1600001901388 197.70000258088112 241.6900019943714 533.0400023013353 969.3400026112795 238.9100036472082 159.95000231266022 170.97000075876713 119.11999981105328 1763.549993082881 97.68000043928623 304.91999927163124 235.6399994790554 0 56.19999925792217 799.2999954074621 6089.660005092621 7391.2600021362305 5.000001613050699 -40.55999981611967 6.710000839084387 -1.0199984349310398 -27.56999970600009 7.960000969469547 413 56 80 25 13 47 55 29 26 12 15 29 43 25 7 9 13 26 4 13 3 0 12 14 10 4 9 8 11 4 8 5 17 5 4 12 0 3 2787.990012317896 8277.649990901351 1608.7799981236458 449.99000303447247 2153.080008253455 6668.869992777705 4222.709994986653 2446.159997791052 513.6599993854761 480.3799995034933 1755.2300107479095 3693.5099963247776 3867.9699940383434 463.8199986219406 596.1900013834238 912.2499974966049 2446.159997791052 335.1000010371208 449.99000303447247 178.86999906599522 0 1094.5899931639433 1351.5700046271086 349.6500037908554 354.7400009483099 697.1400042325258 969.3400026112795 461.9000051319599 335.1000010371208 589.9599979072809 322.289999589324 2898.629991427064 291.27000211179256 304.91999927163124 301.5100004374981 0 100.33999924361706 1217.5499953329563 9566.610006019473 11579.300002604723 3.0000023767352104 -59.36999973282218 5.340001244097948 -3.209997598081827 -39.829999558627605 8.680001486092806
414 0 1 0 0 0 1 0 1 0 0 0 1 0 0 0 0 1 0 0 0 0 0 1 0 0 0 0 0 0 0 0 0 0 0 0 0 0 0 72.65999853610992 0 0 0 72.65999853610992 0 72.65999853610992 0 0 0 72.65999853610992 0 0 0 0 72.65999853610992 0 0 0 0 0 72.65999853610992 0 0 0 0 0 0 0 0 0 0 0 0 0 0 0.9699999988079071 67.19999876618385 72.65999853610992 -0.999999962747097 -0.3999999985098839 -0.9999999701976776 -0.7299999594688416 0.0 -0.8199999630451202 414 2 8 2 0 3 6 4 2 1 2 2 2 4 0 2 0 2 0 0 2 0 0 2 0 0 0 0 0 0 0 0 4 0 2 0 0 0 120.78999914228916 1133.8699952811003 177.1199997663498 0 190.51999796926975 956.7499955147505 757.3599966913462 199.3899988234043 69.72999882698059 120.78999914228916 177.1199997663498 199.3899988234043 757.3599966913462 0 177.1199997663498 0 199.3899988234043 0 0 120.78999914228916 0 0 199.3899988234043 0 0 0 0 0 0 0 0 757.3599966913462 0 177.1199997663498 0 0 0 117.98999916017056 1104.7599951773882 1324.38999325037 2.000000175088644 -4.489999983459711 2.090000092983246 2.4200001917779446 -2.6999999918043613 2.980000138282776 414 2 9 2 0 5 7 5 2 3 2 2 2 5 0 2 0 2 0 0 2 0 0 2 0 0 0 1 0 0 0 0 4 0 2 0 0 0 120.78999914228916 1280.629995957017 177.1199997663498 0 352.57999719679356 1103.5099961906672 904.1199973672628 199.3899988234043 231.7899980545044 120.78999914228916 177.1199997663498 199.3899988234043 904.1199973672628 0 177.1199997663498 0 199.3899988234043 0 0 120.78999914228916 0 0 199.3899988234043 0 0 0 146.76000067591667 0 0 0 0 757.3599966913462 0 177.1199997663498 0 0 0 222.2199978083372 1258.8299965113401 1633.2099931538105 3.000000227242708 -5.8699999786913395 3.270000122487545 2.9300002567470074 -4.65999997779727 4.250000171363354 414 5 18 3 3 5 15 8 7 3 2 2 8 8 0 2 1 7 0 3 2 0 3 4 3 0 0 3 0 0 1 0 5 0 2 0 0 0 251.5300000011921 2250.8499943763018 243.89000035822392 130.74000085890293 352.57999719679356 2006.9599940180779 1348.73999902606 658.2199949920177 231.7899980545044 120.78999914228916 177.1199997663498 724.9899955838919 1348.73999902606 0 177.1199997663498 66.77000059187412 658.2199949920177 0 130.74000085890293 120.78999914228916 0 299.57999658584595 358.6399984061718 130.74000085890293 0 0 364.17000353336334 0 0 66.77000059187412 0 984.5699954926968 0 177.1199997663498 0 0 0 294.3999968767166 2218.8499965518713 2734.1699924319983 1.000000525265932 -10.669999960809946 1.2700003311038017 1.2700005508959293 -7.089999955147505 2.530000403523445 414 17 34 10 4 17 24 17 7 5 7 9 12 15 2 4 5 7 0 4 2 0 3 4 3 2 2 6 3 0 4 1 9 1 3 5 0 1 865.8400052934885 3873.679989799857 571.3500007539988 186.9400001168251 810.7700008451939 3302.3299890458584 2644.1099940538406 658.2199949920177 237.5699979364872 138.43999901413918 760.8000042885542 847.3299960941076 2517.7299939095974 161.9000015258789 326.0400003939867 189.11000110208988 658.2199949920177 0 186.9400001168251 120.78999914228916 0 299.57999658584595 358.6399984061718 130.74000085890293 126.38000014424324 265.18999978899956 789.2900032103062 169.57000410556793 0 170.97000075876713 18.140000343322754 1728.4399906992912 57.17000116407871 268.869999229908 17.649999871850014 0 56.19999925792217 483.2199955433607 4177.839997947216 4977.089993029833 10.000000886619091 -22.58999990299344 10.810000460594893 8.730000838637352 -13.439999882131815 11.270000535994768 414 44 55 13 6 41 42 25 17 10 13 23 25 22 7 5 7 17 1 6 3 0 8 9 5 3 9 7 9 1 5 2 15 2 3 10 0 1 2315.2900109887123 6283.46998795867 873.0699977874756 186.9400001168251 1995.8600053787231 5410.399990171194 3911.3099937438965 1499.0899964272976 444.57999736070633 473.8599995225668 1443.9700081646442 2038.459997072816 3669.619991749525 544.2200003266335 366.5499996691942 450.3199988603592 1499.0899964272976 89.05000178515911 186.9400001168251 178.86999906599522 0 724.399995058775 774.6900013685226 130.74000085890293 241.6900019943714 697.1400042325258 894.5200031548738 380.2800042629242 89.05000178515911 331.1999990493059 119.11999981105328 2775.099988594651 97.68000043928623 268.869999229908 294.9900004565716 0 56.19999925792217 995.459995418787 7439.02000156045 9043.339996308088 8.000001780688763 -43.58999979123473 10.160000938922167 2.2500017881393433 -31.51999966427684 12.150001090019941
415 0 1 0 0 0 1 1 0 0 0 0 0 1 0 0 0 0 0 0 0 0 0 0 0 0 0 0 0 0 0 0 1 0 0 0 0 0 0 202.22999864816666 0 0 0 202.22999864816666 202.22999864816666 0 0 0 0 0 202.22999864816666 0 0 0 0 0 0 0 0 0 0 0 0 0 0 0 0 0 0 202.22999864816666 0 0 0 0 0 4.209999978542328 191.93999874591827 202.22999864816666 1.0000000223517418 -0.3999999985098839 1.0000000149011612 0.8000000268220901 -0.4699999988079071 1.1800000220537186 415 2 7 1 0 3 6 4 2 1 2 1 2 4 0 1 0 2 0 0 2 0 0 2 0 0 0 0 0 0 0 0 4 0 1 0 0 0 120.78999914228916 1060.8299967497587 104.08000123500824 0 190.51999796926975 956.7499955147505 757.3599966913462 199.3899988234043 69.72999882698059 120.78999914228916 104.08000123500824 199.3899988234043 757.3599966913462 0 104.08000123500824 0 199.3899988234043 0 0 120.78999914228916 0 0 199.3899988234043 0 0 0 0 0 0 0 0 757.3599966913462 0 104.08000123500824 0 0 0 117.98999916017056 1041.709996894002 1251.3499947190285 2.0000001825392246 -4.089999984949827 2.090000107884407 2.1600002013146877 -2.6999999918043613 3.1200001537799835 415 2 10 2 0 5 8 5 3 3 2 2 3 5 0 2 0 3 0 0 2 0 1 2 0 0 0 1 0 0 0 0 4 0 2 0 0 0 120.78999914228916 1428.2799933105707 177.1199997663498 0 352.57999719679356 1251.159993544221 904.1199973672628 347.0399961769581 231.7899980545044 120.78999914228916 177.1199997663498 347.0399961769581 904.1199973672628 0 177.1199997663498 0 347.0399961769581 0 0 120.78999914228916 0 147.64999735355377 199.3899988234043 0 0 0 146.76000067591667 0 0 0 0 757.3599966913462 0 177.1199997663498 0 0 0 241.84999756515026 1371.6499942988157 1780.8599905073643 2.000000264495611 -6.269999977201223 2.2700001522898674 1.8600002937018871 -5.129999976605177 3.250000201165676 415 4 16 2 2 5 14 7 7 3 2 2 7 7 0 2 0 7 0 2 2 0 3 4 2 0 0 2 0 0 0 0 5 0 2 0 0 0 209.9399997293949 2030.9699909240007 177.1199997663498 89.15000058710575 352.57999719679356 1853.849991157651 1195.6299961656332 658.2199949920177 231.7899980545044 120.78999914228916 177.1199997663498 658.2199949920177 1195.6299961656332 0 177.1199997663498 0 658.2199949920177 0 89.15000058710575 120.78999914228916 0 299.57999658584595 358.6399984061718 89.15000058710575 0 0 207.2600013911724 0 0 0 0 988.3699947744608 0 177.1199997663498 0 0 0 278.9599970728159 1996.4199930429459 2472.6999887079 4.805624485015869e-7 -9.469999965280294 0.27000030875205994 -0.24999947473406792 -7.059999946504831 1.4700003787875175 415 18 31 7 4 17 24 15 9 5 6 9 13 13 2 3 3 9 1 4 2 0 4 5 3 2 2 5 4 1 2 1 8 1 2 4 0 1 1125.1600106358528 3635.8899906277657 413.0700013190508 186.9400001168251 981.0400044023991 3222.819989308715 2297.269993931055 925.5499953776598 237.5699979364872 129.4699990451336 848.2900083512068 1137.179998293519 2170.889993786812 161.9000015258789 234.2900009304285 122.58000113070011 925.5499953776598 89.05000178515911 186.9400001168251 120.78999914228916 0 428.75999641418457 496.7899989634752 130.74000085890293 126.38000014424324 303.06000269949436 592.3700026720762 310.9400047212839 89.05000178515911 104.44000078737736 18.140000343322754 1578.5199911147356 57.17000116407871 177.1199997663498 8.679999902844429 0 56.19999925792217 492.6699956059456 4189.910004079342 4998.619999200106 6.000000923871994 -21.789999905973673 6.810000512748957 6.7300009205937386 -12.029999885708094 8.17000062391162 415 41 57 15 8 34 42 24 18 7 10 23 28 21 5 6 8 18 2 8 2 0 8 10 7 3 8 7 9 2 5 3 14 3 3 8 0 1 2116.9300096035004 6495.289988830686 1021.3299984335899 288.27000091969967 1640.6500049978495 5473.959990397096 3709.239993363619 1764.7199970334768 266.0899973511696 314.7999990284443 1508.9400086402893 2441.329997420311 3451.4599936008453 349.6399990618229 449.1800000220537 515.949999153614 1764.7199970334768 160.6600012332201 288.27000091969967 120.78999914228916 0 819.889993622899 944.8300034105778 232.0700016617775 257.7799997627735 679.4800043553114 894.5200031548738 380.2800042629242 160.6600012332201 313.9899994581938 201.95999969542027 2556.9399904459715 180.31000079214573 268.869999229908 194.00999988615513 0 56.19999925792217 871.9599925130606 7488.840003058314 8878.309995785356 6.000001735985279 -41.97999981045723 7.5300009325146675 5.480001751333475 -26.26999970152974 9.960001103579998
416 0 1 0 0 0 1 0 1 0 0 0 1 0 0 0 0 1 0 0 0 0 0 1 0 0 0 0 0 0 0 0 0 0 0 0 0 0 0 126.73000028729439 0 0 0 126.73000028729439 0 126.73000028729439 0 0 0 126.73000028729439 0 0 0 0 126.73000028729439 0 0 0 0 0 126.73000028729439 0 0 0 0 0 0 0 0 0 0 0 0 0 0 25.22999969124794 86.73000013828278 126.73000028729439 -0.999999962747097 -0.3999999985098839 -0.9999999701976776 -1.379999965429306 -0.4699999988079071 -0.9999999701976776 416 2 7 1 0 3 6 4 2 1 2 1 2 4 0 1 0 2 0 0 2 0 0 2 0 0 0 1 0 0 0 0 3 0 1 0 0 0 120.78999914228916 989.6699988991022 104.08000123500824 0 190.51999796926975 885.589997664094 686.1999988406897 199.3899988234043 69.72999882698059 120.78999914228916 104.08000123500824 199.3899988234043 686.1999988406897 0 104.08000123500824 0 199.3899988234043 0 0 120.78999914228916 0 0 199.3899988234043 0 0 0 146.76000067591667 0 0 0 0 539.439998164773 0 104.08000123500824 0 0 0 133.13999871909618 959.7499992102385 1180.189996868372 2.000000189989805 -4.089999984949827 2.0900001153349876 1.3800002075731754 -3.209999982267618 2.850000150501728 416 2 12 2 0 5 10 6 4 3 2 2 4 6 0 2 0 4 0 0 2 0 0 4 0 0 0 2 0 0 0 0 4 0 2 0 0 0 120.78999914228916 1500.3799962550402 177.1199997663498 0 352.57999719679356 1323.2599964886904 964.6199980825186 358.6399984061718 231.7899980545044 120.78999914228916 177.1199997663498 358.6399984061718 964.6199980825186 0 177.1199997663498 0 358.6399984061718 0 0 120.78999914228916 0 0 358.6399984061718 0 0 0 207.2600013911724 0 0 0 0 757.3599966913462 0 177.1199997663498 0 0 0 227.75999782979488 1464.2099967449903 1852.9599934518337 2.0000003315508366 -7.069999974220991 2.2700002044439316 2.490000370889902 -5.169999968260527 3.830000266432762 416 10 24 5 3 11 19 11 8 4 5 5 10 10 0 3 2 8 0 3 2 0 3 5 3 1 0 4 2 0 1 1 6 1 2 3 0 0 313.9500010162592 2799.4599911421537 319.2000018656254 130.74000085890293 418.61999809741974 2480.2599892765284 1683.8899937272072 796.3699955493212 235.40999794006348 128.45999905467033 289.04000203311443 881.279996484518 1596.4899940788746 0 234.2900009304285 84.91000093519688 796.3699955493212 0 130.74000085890293 120.78999914228916 0 299.57999658584595 496.7899989634752 130.74000085890293 87.3999996483326 0 435.4600005298853 54.75000110268593 0 66.77000059187412 18.140000343322754 1161.0299935489893 57.17000116407871 177.1199997663498 7.669999912381172 0 0 357.74999706447124 2765.659993842244 3348.8199900984764 3.000000685453415 -15.559999942779541 3.360000401735306 1.8900006711483002 -8.549999926239252 3.41000047698617 416 34 43 12 8 27 31 19 12 6 9 17 20 17 4 5 6 12 2 8 3 0 4 8 7 2 5 6 7 2 4 2 11 3 2 6 0 1 1700.470009997487 4604.69999307394 703.7200003862381 288.27000091969967 1207.1900060027838 3900.979992687702 2777.809994608164 1123.1699980795383 241.95999784767628 223.22999945282936 1099.4300092607737 1573.9199998825788 2651.4299944639206 342.509998947382 357.4300005584955 290.0900005698204 1123.1699980795383 160.6600012332201 288.27000091969967 178.86999906599522 0 354.15999683737755 769.0100012421608 232.0700016617775 126.38000014424324 381.9000042229891 697.6000026166439 360.10000447928905 160.6600012332201 170.97000075876713 119.11999981105328 1953.8299918472767 180.31000079214573 177.1199997663498 44.360000386834145 0 56.19999925792217 626.4599951505661 5518.960006579757 6547.130000919104 7.000001315027475 -33.219999849796295 8.260000679641962 5.810001287609339 -19.529999777674675 9.860000807791948 416 57 68 19 12 46 49 27 22 9 17 28 34 22 7 8 9 22 3 12 4 0 10 12 10 5 9 7 11 3 4 5 15 4 4 13 0 2 2770.820013433695 7095.669989943504 1079.1699998229742 442.390003234148 2097.540007650852 6016.49999012053 3864.9799939990044 2151.5199961215258 371.7499983906746 566.7499998956919 1652.2100093960762 2876.339998230338 3378.839993432164 463.8199986219406 493.17000003159046 493.2600003480911 2151.5199961215258 231.5600017607212 442.390003234148 184.5999989658594 0 985.2799920588732 1166.2400040626526 349.6500037908554 486.1400005668402 697.1400042325258 894.5200031548738 461.9000051319599 231.5600017607212 170.97000075876713 322.289999589324 2484.3199902772903 188.25000075995922 304.91999927163124 382.15000092983246 0 92.73999944329262 1108.0299947708845 8485.480005830526 10238.240001767874 5.000002112239599 -53.49999975413084 7.0700010843575 0.4500020928680897 -34.549999598413706 9.290001265704632
417 0 1 1 0 0 0 0 0 0 0 1 0 0 0 1 0 0 0 0 0 0 0 0 0 0 0 0 0 0 0 0 0 0 1 0 0 0 0 104.08000123500824 104.08000123500824 0 0 0 0 0 0 0 104.08000123500824 0 0 0 104.08000123500824 0 0 0 0 0 0 0 0 0 0 0 0 0 0 0 0 0 0 104.08000123500824 0 0 0 17.71000063419342 76.09000086784363 104.08000123500824 -7.450580596923828e-9 -0.3999999985098839 -1.4901161193847656e-8 -0.050000011920928955 0.0 -0.14000001549720764 417 1 6 1 0 2 5 3 2 1 1 1 2 3 0 1 0 2 0 0 1 0 0 2 0 0 0 0 0 0 0 0 3 0 1 0 0 0 43.649999633431435 842.9099982231855 104.08000123500824 0 113.37999846041203 738.8299969881773 539.439998164773 199.3899988234043 69.72999882698059 43.649999633431435 104.08000123500824 199.3899988234043 539.439998164773 0 104.08000123500824 0 199.3899988234043 0 0 43.649999633431435 0 0 199.3899988234043 0 0 0 0 0 0 0 0 539.439998164773 0 104.08000123500824 0 0 0 109.04999922215939 779.7699980288744 956.2899966835976 1.0000001527369022 -3.2899999879300594 1.0900000929832458 0.940000157803297 -1.7599999941885471 1.7600001245737076 417 2 9 2 0 5 7 5 2 3 2 2 2 5 0 2 0 2 0 0 2 0 0 2 0 0 0 1 0 0 0 0 4 0 2 0 0 0 120.78999914228916 1280.629995957017 177.1199997663498 0 352.57999719679356 1103.5099961906672 904.1199973672628 199.3899988234043 231.7899980545044 120.78999914228916 177.1199997663498 199.3899988234043 904.1199973672628 0 177.1199997663498 0 199.3899988234043 0 0 120.78999914228916 0 0 199.3899988234043 0 0 0 146.76000067591667 0 0 0 0 757.3599966913462 0 177.1199997663498 0 0 0 222.2199978083372 1258.8299965113401 1633.2099931538105 3.000000227242708 -5.8699999786913395 3.270000122487545 2.9300002567470074 -4.65999997779727 4.250000171363354 417 7 18 3 3 7 15 9 6 4 2 3 7 8 1 2 1 6 0 3 2 0 2 4 3 1 0 3 1 0 1 0 5 0 2 0 0 0 449.4200037717819 2230.2399947941303 243.89000035822392 130.74000085890293 471.02000008523464 1986.3499944359064 1381.5899986475706 604.7599957883358 235.40999794006348 120.78999914228916 291.9400027692318 671.5299963802099 1294.189998999238 83.07000076770782 177.1199997663498 66.77000059187412 604.7599957883358 0 130.74000085890293 120.78999914228916 0 246.119997382164 358.6399984061718 130.74000085890293 87.3999996483326 0 364.17000353336334 114.820003002882 0 66.77000059187412 0 930.0199954658747 0 177.1199997663498 0 0 0 301.8499965071678 2399.8200008422136 2915.0699965059757 3.0000005438923836 -11.829999949783087 3.5400003232061863 1.5800005681812763 -7.849999945610762 3.9500004053115845 417 19 36 9 3 21 27 18 9 7 7 11 15 17 1 4 5 9 1 3 2 0 4 5 3 1 1 7 6 1 4 1 10 1 3 5 0 0 879.4400062710047 4137.419989928603 515.1500014960766 130.74000085890293 842.6700002104044 3622.2699884325266 2854.899993032217 767.3699954003096 266.0899973511696 301.85999915003777 600.7600041031837 1045.5299982875586 2767.4999933838844 83.07000076770782 326.0400003939867 189.11000110208988 767.3699954003096 89.05000178515911 130.74000085890293 120.78999914228916 0 354.15999683737755 413.209998562932 130.74000085890293 87.3999996483326 55.98999984562397 894.5200031548738 218.73000386357307 89.05000178515911 170.97000075876713 18.140000343322754 1872.9799902290106 57.17000116407871 268.869999229908 181.0700000077486 0 0 550.9599944353104 4430.279999047518 5282.949993550777 9.000001043081284 -25.29999990016222 9.810000576078892 8.850001011043787 -14.579999886453152 11.11000069603324 417 51 56 17 10 44 39 24 15 9 15 27 25 20 6 7 8 15 2 10 4 0 6 9 8 4 9 7 11 2 4 4 13 3 4 11 0 2 2347.750009804964 5881.199992984533 922.099999576807 300.2500007301569 1967.4400060474873 4959.099993407726 3559.389993980527 1399.7099994271994 386.0199983716011 422.3799983114004 1644.2700094282627 1933.440001115203 3186.2999923676252 369.2199992239475 485.23000006377697 373.07000045478344 1399.7099994271994 160.6600012332201 300.2500007301569 184.5999989658594 0 554.5399967133999 845.1700027137995 236.4500016719103 373.0900016129017 697.1400042325258 894.5200031548738 461.9000051319599 160.6600012332201 170.97000075876713 202.0999996960163 2291.7799892127514 180.31000079214573 304.91999927163124 237.779999345541 0 63.79999905824661 923.9899948239326 7130.910005897284 8614.970001161098 9.000001713633537 -46.42999978736043 10.890000823885202 6.300001680850983 -29.859999667853117 13.440000992268324
418 0 1 0 0 0 1 1 0 0 0 0 0 1 0 0 0 0 0 0 0 0 0 0 0 0 0 0 0 0 0 0 1 0 0 0 0 0 0 179.48999926447868 0 0 0 179.48999926447868 179.48999926447868 0 0 0 0 0 179.48999926447868 0 0 0 0 0 0 0 0 0 0 0 0 0 0 0 0 0 0 179.48999926447868 0 0 0 0 0 20.219999745488167 153.4799995571375 179.48999926447868 1.0000000223517418 -0.3999999985098839 1.0000000149011612 1.3400000259280205 0.07000000029802322 1.1800000220537186 418 0 6 1 0 3 5 3 2 3 0 1 2 3 0 1 0 2 0 0 0 0 0 2 0 0 0 0 0 0 0 0 3 0 1 0 0 0 0 842.9099982231855 104.08000123500824 0 231.7899980545044 738.8299969881773 539.439998164773 199.3899988234043 231.7899980545044 0 104.08000123500824 199.3899988234043 539.439998164773 0 104.08000123500824 0 199.3899988234043 0 0 0 0 0 199.3899988234043 0 0 0 0 0 0 0 0 539.439998164773 0 104.08000123500824 0 0 0 194.7999982535839 781.7399982959032 1074.69999627769 1.0000001676380634 -3.86999998614192 1.2700001001358032 1.8500001691281796 -1.830000001937151 2.0300001353025436 418 2 9 1 0 5 8 4 4 3 2 1 4 4 0 1 0 4 0 0 2 0 2 2 0 0 0 0 0 0 0 0 4 0 1 0 0 0 120.78999914228916 1306.9499941319227 104.08000123500824 0 352.57999719679356 1202.8699928969145 757.3599966913462 445.5099962055683 231.7899980545044 120.78999914228916 104.08000123500824 445.5099962055683 757.3599966913462 0 104.08000123500824 0 445.5099962055683 0 0 120.78999914228916 0 246.119997382164 199.3899988234043 0 0 0 0 0 0 0 0 757.3599966913462 0 104.08000123500824 0 0 0 233.55999802052975 1269.759994700551 1659.5299913287163 2.7939677238464355e-7 -5.8699999786913395 0.2700001746416092 0.49000029638409615 -4.149999987334013 1.3000002205371857 418 2 15 2 0 5 13 8 5 3 2 2 5 8 0 2 0 5 0 0 2 0 2 3 0 0 0 2 0 0 0 0 6 0 2 0 0 0 120.78999914228916 2183.1699929237366 177.1199997663498 0 352.57999719679356 2006.0499931573868 1482.319996356964 523.7299968004227 231.7899980545044 120.78999914228916 177.1199997663498 523.7299968004227 1482.319996356964 0 177.1199997663498 0 523.7299968004227 0 0 120.78999914228916 0 246.119997382164 277.60999941825867 0 0 0 303.6700028181076 0 0 0 0 1178.6499935388565 0 177.1199997663498 0 0 0 300.8799963891506 2043.3299950510263 2535.74999012053 3.000000413507223 -8.269999969750643 3.2700002640485764 4.000000458210707 -6.039999965578318 4.6100003272295 418 11 26 4 3 9 22 13 9 4 2 5 12 12 2 2 2 9 1 3 2 0 5 4 3 1 1 4 2 1 2 0 8 0 2 0 0 0 876.380007699132 3283.609988898039 281.56000055372715 130.74000085890293 669.3800017237663 3002.0499883443117 2160.0699932724237 841.979995071888 235.40999794006348 120.78999914228916 490.3000044077635 1035.4699976444244 2072.669993624091 222.62000127136707 177.1199997663498 104.44000078737736 841.979995071888 89.05000178515911 130.74000085890293 120.78999914228916 0 483.33999666571617 358.6399984061718 130.74000085890293 87.3999996483326 164.1000019311905 494.15000250935555 149.0800027102232 89.05000178515911 104.44000078737736 0 1578.5199911147356 0 177.1199997663498 0 0 0 416.4499952942133 3693.589999526739 4395.399994537234 4.000000815838575 -16.499999925494194 4.720000501722097 5.000000856816769 -9.579999908804893 5.900000609457493 418 39 48 11 7 36 37 25 12 11 11 18 20 21 6 4 6 12 2 7 3 0 5 7 6 4 6 7 8 2 4 2 14 1 3 8 0 1 2508.4500096589327 5816.199987635016 654.1900006383657 484.5000008940697 1794.7900041043758 5162.009986996651 4079.799991130829 1082.2099958658218 517.4599979072809 320.5299989283085 1282.8400076627731 1514.8199980854988 3706.709989517927 642.1600005924702 326.0400003939867 271.95000098645687 1082.2099958658218 160.6600012332201 484.5000008940697 126.51999904215336 0 483.33999666571617 598.8699992001057 428.3000016361475 373.0900016129017 517.6700019091368 894.5200031548738 439.13000535964966 160.6600012332201 170.97000075876713 100.98000022768974 2812.1899863630533 57.17000116407871 268.869999229908 194.00999988615513 0 56.19999925792217 992.449993416667 7277.130001917481 8842.10999520123 13.000001564621925 -39.4099998138845 15.070000808686018 13.970001585781574 -25.819999743252993 17.960000988096
419 0 0 0 0 1 0 0 0 1 0 0 0 0 0 0 0 0 0 0 0 0 0 0 0 0 0 0 0 0 0 0 0 0 0 0 0 0 0 0 0 0 69.72999882698059 0 0 0 69.72999882698059 0 0 0 0 0 0 0 0 0 0 0 0 0 0 0 0 0 0 0 0 0 0 0 0 0 0 0 0 38.74999916553497 14.90999984741211 69.72999882698059 1.1175870895385742e-8 -0.48999999836087227 0.09000000357627869 1.1175870895385742e-8 -0.48999999836087227 0.09000000357627869 419 0 5 1 0 3 4 2 2 3 0 1 2 2 0 1 0 2 0 0 0 0 0 2 0 0 0 0 0 0 0 0 2 0 1 0 0 0 0 685.1899979710579 104.08000123500824 0 231.7899980545044 581.1099967360497 381.71999791264534 199.3899988234043 231.7899980545044 0 104.08000123500824 199.3899988234043 381.71999791264534 0 104.08000123500824 0 199.3899988234043 0 0 0 0 0 199.3899988234043 0 0 0 0 0 0 0 0 381.71999791264534 0 104.08000123500824 0 0 0 194.58999826014042 624.229998037219 916.9799960255623 1.4528632164001465e-7 -3.469999987632036 0.27000008523464203 -0.019999850541353226 -2.339999992400408 0.6700001060962677 419 2 9 1 0 5 8 4 4 3 2 1 4 4 0 1 0 4 0 0 2 0 2 2 0 0 0 0 0 0 0 0 4 0 1 0 0 0 120.78999914228916 1320.0399936884642 104.08000123500824 0 352.57999719679356 1215.959992453456 770.4499962478876 445.5099962055683 231.7899980545044 120.78999914228916 104.08000123500824 445.5099962055683 770.4499962478876 0 104.08000123500824 0 445.5099962055683 0 0 120.78999914228916 0 246.119997382164 199.3899988234043 0 0 0 0 0 0 0 0 770.4499962478876 0 104.08000123500824 0 0 0 253.07999736070633 1275.05999442935 1672.6199908852577 2.7939677238464355e-7 -5.8699999786913395 0.2700001746416092 0.1600002907216549 -4.1199999786913395 0.9400002062320709 419 3 14 2 0 6 12 7 5 3 2 3 5 7 0 2 0 5 0 0 2 0 3 2 0 0 1 1 0 0 0 0 6 0 2 0 0 0 284.89000107347965 2077.21999001503 177.1199997663498 0 516.679999127984 1900.0999902486801 1325.4099942147732 574.6899960339069 231.7899980545044 120.78999914228916 341.2200016975403 574.6899960339069 1325.4099942147732 0 177.1199997663498 0 574.6899960339069 0 0 120.78999914228916 0 375.2999972105026 199.3899988234043 0 0 164.1000019311905 146.76000067591667 0 0 0 0 1178.6499935388565 0 177.1199997663498 0 0 0 320.3499964773655 2069.8499936014414 2593.899989143014 2.0000003911554813 -8.269999969750643 2.2700002416968346 3.000000435858965 -6.079999957233667 3.340000294148922 419 7 25 3 2 7 22 13 9 3 2 4 11 12 0 2 1 9 1 2 2 0 5 4 2 1 1 4 1 1 1 0 8 0 2 0 0 0 577.9100064486265 3250.879987999797 243.89000035822392 89.15000058710575 631.500002130866 3006.989987641573 2165.009992569685 841.979995071888 231.7899980545044 120.78999914228916 456.0400047004223 997.7999974489212 2077.6099929213524 0 177.1199997663498 66.77000059187412 841.979995071888 89.05000178515911 89.15000058710575 120.78999914228916 0 483.33999666571617 358.6399984061718 89.15000058710575 87.3999996483326 164.1000019311905 494.15000250935555 114.820003002882 89.05000178515911 66.77000059187412 0 1583.4599904119968 0 177.1199997663498 0 0 0 383.0799947977066 3416.459998637438 4060.579992502928 4.00000074505806 -14.269999947398901 4.270000483840704 5.320000771433115 -7.9999999441206455 4.910000570118427 419 27 46 12 6 23 34 21 13 6 8 13 22 18 3 4 7 13 2 6 3 0 6 7 5 3 2 7 7 2 5 2 11 2 2 5 0 1 1470.1500091850758 5344.339989691973 788.0900002270937 288.27000091969967 1057.8100045621395 4556.249989464879 3333.9299926310778 1222.3199968338013 241.95999784767628 161.62999948859215 971.1400085091591 1797.949997752905 3076.1499928683043 261.56999957561493 316.920001283288 414.9699996858835 1222.3199968338013 160.6600012332201 288.27000091969967 126.51999904215336 0 623.4499976336956 598.8699992001057 232.0700016617775 257.7799997627735 220.09000177681446 894.5200031548738 434.1300054490566 160.6600012332201 313.9899994581938 100.98000022768974 2181.6299897134304 139.8000015169382 177.1199997663498 35.11000044643879 0 56.19999925792217 696.0499937534332 5946.5200035870075 7056.449996724725 8.000001348555088 -31.74999986216426 9.08000074699521 10.400001339614391 -17.659999813884497 11.030000884085894
420 0 0 0 0 1 0 0 0 1 0 0 0 0 0 0 0 0 0 0 0 0 0 0 0 0 0 0 0 0 0 0 0 0 0 0 0 0 0 0 0 0 92.14000034332275 0 0 0 92.14000034332275 0 0 0 0 0 0 0 0 0 0 0 0 0 0 0 0 0 0 0 0 0 0 0 0 0 0 0 0 47.39999961853027 20.270000457763672 92.14000034332275 1.1175870895385742e-8 -0.48999999836087227 0.09000000357627869 1.1175870895385742e-8 -0.48999999836087227 0.09000000357627869 420 0 2 0 0 3 2 1 1 3 0 0 1 1 0 0 0 1 0 0 0 0 1 0 0 0 0 0 0 0 0 0 1 0 0 0 0 0 0 277.9599992930889 0 0 231.7899980545044 277.9599992930889 179.48999926447868 98.47000002861023 231.7899980545044 0 0 98.47000002861023 179.48999926447868 0 0 0 98.47000002861023 0 0 0 0 98.47000002861023 0 0 0 0 0 0 0 0 0 179.48999926447868 0 0 0 0 0 154.90999801456928 283.6199994236231 509.7499973475933 9.313225746154785e-8 -2.2699999921023846 0.27000005543231964 0.74000009521842 -1.3999999947845936 0.450000062584877 420 0 10 1 0 3 9 5 4 3 0 1 4 5 0 1 0 4 0 0 0 0 2 2 0 0 0 0 0 0 0 0 5 0 1 0 0 0 0 1510.3199924528599 104.08000123500824 0 231.7899980545044 1406.2399912178516 960.7299950122833 445.5099962055683 231.7899980545044 0 104.08000123500824 445.5099962055683 960.7299950122833 0 104.08000123500824 0 445.5099962055683 0 0 0 0 246.119997382164 199.3899988234043 0 0 0 0 0 0 0 0 960.7299950122833 0 104.08000123500824 0 0 0 263.6299972087145 1348.469993636012 1742.1099905073643 1.000000286847353 -5.469999980181456 1.2700001895427704 2.540000293403864 -2.7399999909102917 2.030000224709511 420 4 14 1 0 6 13 8 5 3 2 2 6 7 0 1 0 5 1 0 2 0 3 2 0 1 1 1 0 1 0 0 6 0 1 0 0 0 373.94000285863876 2091.579991132021 104.08000123500824 0 516.679999127984 1987.4999898970127 1412.8099938631058 574.6899960339069 231.7899980545044 120.78999914228916 268.18000316619873 663.739997819066 1325.4099942147732 0 104.08000123500824 0 574.6899960339069 89.05000178515911 0 120.78999914228916 0 375.2999972105026 199.3899988234043 0 87.3999996483326 164.1000019311905 146.76000067591667 0 89.05000178515911 0 0 1178.6499935388565 0 104.08000123500824 0 0 0 320.3499964773655 2178.1799965798855 2697.309992045164 3.000000439584255 -8.669999968260527 3.270000282675028 3.670000482350588 -6.079999957233667 4.320000343024731 420 7 25 3 0 8 22 14 8 3 3 4 11 12 0 2 1 8 2 0 2 0 4 4 0 2 1 2 1 2 0 1 10 0 2 1 0 0 506.5200025290251 3471.9799865186214 259.9599996507168 0 577.6499993503094 3212.0199868679047 2449.9599898308516 762.0599970370531 231.7899980545044 147.4999996572733 375.4800014048815 1005.5599981546402 2231.1599905639887 0 177.1199997663498 82.83999988436699 762.0599970370531 160.6600012332201 0 120.78999914228916 0 429.8799974620342 332.1799995750189 0 218.79999926686287 164.1000019311905 276.7399996519089 34.259999707341194 160.6600012332201 0 82.83999988436699 1954.4199909120798 0 177.1199997663498 26.71000051498413 0 0 391.9899947196245 3567.5399930924177 4210.289987102151 6.000000726431608 -14.269999947398901 6.2700004652142525 8.660000778734684 -7.569999936968088 7.510000567883253 420 28 42 9 5 23 33 21 12 5 11 11 19 19 3 4 5 12 2 5 4 0 6 6 5 2 2 7 5 2 3 2 12 1 3 7 0 0 1624.7900081723928 5217.579987928271 657.5799984931946 232.0700016617775 1244.790004119277 4559.999989435077 3385.1899926811457 1174.809996753931 239.79999785125256 360.6699991822243 949.1600065231323 1688.2099970430136 3166.389993414283 227.0699990093708 304.83999943733215 352.7399990558624 1174.809996753931 160.6600012332201 232.0700016617775 194.45999996364117 0 623.4499976336956 551.3599991202354 232.0700016617775 218.79999926686287 220.09000177681446 894.5200031548738 424.2300053089857 160.6600012332201 269.7599991708994 82.97999988496304 2271.869990259409 82.6300003528595 222.20999908447266 166.2099992185831 0 0 708.489994391799 5968.7700000703335 7082.169993951917 9.000001300126314 -30.059999868273735 9.99000072851777 11.380001340061426 -16.389999832957983 11.540000915527344
421 0 0 0 0 1 0 0 0 1 0 0 0 0 0 0 0 0 0 0 0 0 0 0 0 0 0 0 0 0 0 0 0 0 0 0 0 0 0 0 0 0 69.91999888420105 0 0 0 69.91999888420105 0 0 0 0 0 0 0 0 0 0 0 0 0 0 0 0 0 0 0 0 0 0 0 0 0 0 0 0 40.09999942779541 13.609999656677246 69.91999888420105 1.1175870895385742e-8 -0.48999999836087227 0.09000000357627869 1.1175870895385742e-8 -0.48999999836087227 0.09000000357627869 421 0 3 0 0 3 3 1 2 3 0 0 2 1 0 0 0 2 0 0 0 0 2 0 0 0 0 0 0 0 0 0 1 0 0 0 0 0 0 425.6099966466427 0 0 231.7899980545044 425.6099966466427 179.48999926447868 246.119997382164 231.7899980545044 0 0 246.119997382164 179.48999926447868 0 0 0 246.119997382164 0 0 0 0 246.119997382164 0 0 0 0 0 0 0 0 0 179.48999926447868 0 0 0 0 0 174.53999777138233 396.43999721109867 657.3999947011471 -0.9999998696148396 -2.6699999906122684 -0.729999914765358 -0.3299998678267002 -1.8699999935925007 -0.5499999076128006 421 0 9 1 0 3 8 4 4 3 0 1 4 4 0 1 0 4 0 0 0 0 2 2 0 0 0 0 0 0 0 0 4 0 1 0 0 0 0 1352.5999922007322 104.08000123500824 0 231.7899980545044 1248.519990965724 803.0099947601557 445.5099962055683 231.7899980545044 0 104.08000123500824 445.5099962055683 803.0099947601557 0 104.08000123500824 0 445.5099962055683 0 0 0 0 246.119997382164 199.3899988234043 0 0 0 0 0 0 0 0 803.0099947601557 0 104.08000123500824 0 0 0 263.419997215271 1190.959993377328 1584.3899902552366 2.644956111907959e-7 -5.069999981671572 0.2700001746416092 0.6700002737343311 -3.2499999813735485 0.6700001955032349 421 3 12 1 0 6 11 6 5 3 2 2 5 6 0 1 0 5 0 0 2 0 3 2 0 0 1 0 0 0 0 0 6 0 1 0 0 0 284.89000107347965 1871.6499903798103 104.08000123500824 0 516.679999127984 1767.569989144802 1192.8799931108952 574.6899960339069 231.7899980545044 120.78999914228916 268.18000316619873 574.6899960339069 1192.8799931108952 0 104.08000123500824 0 574.6899960339069 0 0 120.78999914228916 0 375.2999972105026 199.3899988234043 0 0 164.1000019311905 0 0 0 0 0 1192.8799931108952 0 104.08000123500824 0 0 0 321.7999961078167 1888.4499942809343 2388.3299895077944 1.0000003688037395 -7.469999972730875 1.270000234246254 2.3400003872811794 -4.629999969154596 2.0300002694129944 421 4 21 3 0 6 18 12 6 3 2 3 8 10 0 2 1 6 1 0 2 0 4 2 0 2 1 1 0 1 1 0 9 0 2 0 0 0 373.94000285863876 3124.849986076355 320.13999846577644 0 516.679999127984 2804.7099876105785 2175.43999132514 629.2699962854385 231.7899980545044 120.78999914228916 341.2200016975403 861.3399967700243 1956.6399920582771 0 177.1199997663498 143.01999869942665 629.2699962854385 89.05000178515911 0 120.78999914228916 0 429.8799974620342 199.3899988234043 0 218.79999926686287 164.1000019311905 146.76000067591667 0 89.05000178515911 143.01999869942665 0 1809.8799913823605 0 177.1199997663498 0 0 0 400.3499943166971 3085.4099935889244 3730.579986989498 6.000000562518835 -11.469999957829714 6.2700003534555435 7.940000601112843 -6.479999955743551 6.8100004233419895 421 16 34 5 4 14 29 17 12 4 5 7 17 15 0 2 3 12 2 4 3 0 6 6 4 2 2 4 3 2 2 1 11 0 2 2 0 0 953.3000075668097 4562.189988330007 469.74999894201756 190.48000138998032 838.3400029093027 4092.439989387989 2917.629992634058 1174.809996753931 236.17999796569347 153.95999957621098 625.320005133748 1628.099997162819 2698.829993367195 0 177.1199997663498 292.62999917566776 1174.809996753931 160.6600012332201 190.48000138998032 126.51999904215336 0 623.4499976336956 551.3599991202354 190.48000138998032 218.79999926686287 220.09000177681446 494.15000250935555 228.1100035905838 160.6600012332201 209.78999929130077 82.83999988436699 2204.6799908578396 0 177.1199997663498 27.440000534057617 0 0 536.4699945002794 4883.830000340939 5751.66999386251 5.000001050531864 -21.959999918937683 5.3600006476044655 7.190001122653484 -13.269999880343676 7.210000794380903
422 0 1 0 0 0 1 0 1 0 0 0 1 0 0 0 0 1 0 0 0 0 1 0 0 0 0 0 0 0 0 0 0 0 0 0 0 0 0 98.47000002861023 0 0 0 98.47000002861023 0 98.47000002861023 0 0 0 98.47000002861023 0 0 0 0 98.47000002861023 0 0 0 0 98.47000002861023 0 0 0 0 0 0 0 0 0 0 0 0 0 0 0 8.440000057220459 81.34999990463257 98.47000002861023 -0.999999962747097 -0.3999999985098839 -0.9999999701976776 -0.5999999642372131 0.0 -0.9999999701976776 422 0 4 0 0 2 4 2 2 2 0 0 2 2 0 0 0 2 0 0 0 0 2 0 0 0 0 0 0 0 0 0 2 0 0 0 0 0 0 667.4099942296743 0 0 162.0599992275238 667.4099942296743 421.28999684751034 246.119997382164 162.0599992275238 0 0 246.119997382164 421.28999684751034 0 0 0 246.119997382164 0 0 0 0 246.119997382164 0 0 0 0 0 0 0 0 0 421.28999684751034 0 0 0 0 0 156.32999800145626 600.6099954545498 829.4699934571981 1.4156103134155273e-7 -2.57999999076128 0.18000009655952454 0.6900001466274261 -1.8899999856948853 0.18000009655952454 422 1 6 0 0 4 6 3 3 3 0 1 3 3 0 0 0 3 0 0 0 0 3 0 0 0 1 0 0 0 0 0 3 0 0 0 0 0 164.1000019311905 976.0799933224916 0 0 395.8899999856949 976.0799933224916 600.779996111989 375.2999972105026 231.7899980545044 0 164.1000019311905 375.2999972105026 600.779996111989 0 0 0 375.2999972105026 0 0 0 0 375.2999972105026 0 0 0 164.1000019311905 0 0 0 0 0 600.779996111989 0 0 0 0 0 244.5999966263771 1013.2899966090918 1371.9699933081865 2.1979212760925293e-7 -4.269999984651804 0.2700001448392868 1.4100002385675907 -2.819999974220991 0.5400001555681229 422 1 12 1 0 4 11 6 5 3 0 2 5 6 0 1 0 5 0 0 0 0 3 2 0 0 1 0 0 0 0 0 6 0 1 0 0 0 164.1000019311905 1940.3499910980463 104.08000123500824 0 395.8899999856949 1836.269989863038 1261.5799938291311 574.6899960339069 231.7899980545044 0 268.18000316619873 574.6899960339069 1261.5799938291311 0 104.08000123500824 0 574.6899960339069 0 0 0 0 375.2999972105026 199.3899988234043 0 0 164.1000019311905 0 0 0 0 0 1261.5799938291311 0 104.08000123500824 0 0 0 327.35999584198 1840.4999956935644 2336.239991083741 1.0000003539025784 -6.669999975711107 1.270000234246254 2.8500003702938557 -3.7599999718368053 1.7600002586841583 422 4 18 2 0 6 16 10 6 3 2 2 8 9 0 1 1 6 1 0 2 0 4 2 0 1 1 1 0 1 1 0 8 0 1 0 0 0 373.94000285863876 2833.2799898684025 247.0999999344349 0 516.679999127984 2586.1799899339676 1871.3799929320812 714.7999970018864 231.7899980545044 120.78999914228916 268.18000316619873 946.8699974864721 1783.9799932837486 0 104.08000123500824 143.01999869942665 714.7999970018864 89.05000178515911 0 120.78999914228916 0 515.409998178482 199.3899988234043 0 87.3999996483326 164.1000019311905 146.76000067591667 0 89.05000178515911 143.01999869942665 0 1637.219992607832 0 104.08000123500824 0 0 0 402.2499951720238 2796.869996726513 3439.0099907815456 4.000000528991222 -10.269999962300062 4.270000342279673 6.050000574439764 -6.479999955743551 5.500000409781933 422 9 28 4 0 10 24 15 9 4 4 4 13 13 1 2 2 9 2 0 3 0 5 4 0 2 1 2 1 2 1 1 11 0 2 1 0 0 707.0900047272444 4005.3699861317873 402.97999835014343 0 693.0000008642673 3602.389987781644 2700.2199897766113 902.1699980050325 296.63999849557877 153.2299995571375 420.2500025779009 1288.6899978220463 2481.4199905097485 150.0700011253357 177.1199997663498 225.85999858379364 902.1699980050325 160.6600012332201 0 126.51999904215336 0 569.9899984300137 332.1799995750189 0 218.79999926686287 164.1000019311905 276.7399996519089 79.0300008803606 160.6600012332201 143.01999869942665 82.83999988436699 2204.6799908578396 0 177.1199997663498 26.71000051498413 0 0 523.8499955534935 4170.949995145202 5009.09998935461 6.000000830739737 -16.629999931901693 6.540000520646572 9.980000901967287 -9.369999922811985 8.320000644773245
423 0 1 0 0 0 1 0 1 0 0 0 1 0 0 0 0 1 0 0 0 0 1 0 0 0 0 0 0 0 0 0 0 0 0 0 0 0 0 147.64999735355377 0 0 0 147.64999735355377 0 147.64999735355377 0 0 0 147.64999735355377 0 0 0 0 147.64999735355377 0 0 0 0 147.64999735355377 0 0 0 0 0 0 0 0 0 0 0 0 0 0 0 19.62999975681305 112.81999778747559 147.64999735355377 -0.999999962747097 -0.3999999985098839 -0.9999999701976776 -1.0699999630451202 -0.4699999988079071 -0.9999999701976776 423 1 4 0 0 2 4 2 2 1 0 1 2 2 0 0 0 2 0 0 0 0 2 0 0 0 1 0 0 0 0 0 2 0 0 0 0 0 164.1000019311905 667.4099942296743 0 0 234.02000081539154 667.4099942296743 421.28999684751034 246.119997382164 69.91999888420105 0 164.1000019311905 246.119997382164 421.28999684751034 0 0 0 246.119997382164 0 0 0 0 246.119997382164 0 0 0 164.1000019311905 0 0 0 0 0 421.28999684751034 0 0 0 0 0 121.01999853551388 723.0899967849255 901.4299950450659 1.3783574104309082e-7 -2.4899999909102917 0.09000009298324585 0.6700001545250416 -1.9099999777972698 0.18000009655952454 423 1 8 0 0 4 8 5 3 3 0 1 3 5 0 0 0 3 0 0 0 0 3 0 0 0 1 0 0 0 0 0 5 0 0 0 0 0 164.1000019311905 1410.4599900692701 0 0 395.8899999856949 1410.4599900692701 1035.1599928587675 375.2999972105026 231.7899980545044 0 164.1000019311905 375.2999972105026 1035.1599928587675 0 0 0 375.2999972105026 0 0 0 0 375.2999972105026 0 0 0 164.1000019311905 0 0 0 0 0 1035.1599928587675 0 0 0 0 0 268.56999588012695 1409.2199944406748 1806.349990054965 2.000000264495611 -5.069999981671572 2.270000174641609 3.6100002862513065 -3.2899999730288982 2.7200001925230026 423 1 14 2 0 4 12 6 6 3 0 2 7 6 0 1 1 6 0 0 0 0 4 2 0 0 1 0 0 0 1 0 6 0 1 0 0 0 164.1000019311905 2223.4799907654524 247.0999999344349 0 395.8899999856949 1976.3799908310175 1261.5799938291311 714.7999970018864 231.7899980545044 0 268.18000316619873 857.819995701313 1261.5799938291311 0 104.08000123500824 143.01999869942665 714.7999970018864 0 0 0 0 515.409998178482 199.3899988234043 0 0 164.1000019311905 0 0 0 143.01999869942665 0 1261.5799938291311 0 104.08000123500824 0 0 0 374.619995623827 2053.9399952739477 2619.3699907511473 3.986060619354248e-7 -7.469999972730875 0.27000026404857635 2.4300004206597805 -4.159999970346689 0.9400002956390381 423 4 19 2 0 6 17 11 6 3 2 2 8 10 0 1 1 6 1 0 2 0 4 2 0 1 1 1 0 1 1 0 9 0 1 0 0 0 373.94000285863876 3083.5399898141623 247.0999999344349 0 516.679999127984 2836.4399898797274 2121.639992877841 714.7999970018864 231.7899980545044 120.78999914228916 268.18000316619873 946.8699974864721 2034.2399932295084 0 104.08000123500824 143.01999869942665 714.7999970018864 89.05000178515911 0 120.78999914228916 0 515.409998178482 199.3899988234043 0 87.3999996483326 164.1000019311905 146.76000067591667 0 89.05000178515911 143.01999869942665 0 1887.4799925535917 0 104.08000123500824 0 0 0 424.3399958759546 3011.7199962735176 3689.2699907273054 5.000000551342964 -10.669999960809946 5.270000357180834 6.900000620633364 -7.389999944716692 6.860000438988209 423 10 28 4 1 10 24 14 10 4 4 4 14 12 1 2 2 10 2 1 3 0 5 5 1 2 1 2 1 2 1 1 10 0 2 1 0 0 805.8400055617094 3998.9799871593714 402.97999835014343 98.75000083446503 693.0000008642673 3595.999988809228 2555.679990246892 1040.319998562336 296.63999849557877 153.2299995571375 420.2500025779009 1426.8399983793497 2336.879990980029 150.0700011253357 177.1199997663498 225.85999858379364 1040.319998562336 160.6600012332201 98.75000083446503 126.51999904215336 0 569.9899984300137 470.3300001323223 98.75000083446503 218.79999926686287 164.1000019311905 276.7399996519089 79.0300008803606 160.6600012332201 143.01999869942665 82.83999988436699 2060.1399913281202 0 177.1199997663498 26.71000051498413 0 0 538.8199957460165 4244.289997026324 5101.45999121666 4.000000853091478 -17.029999930411577 4.540000535547733 8.370000924915075 -9.369999922811985 6.310000661760569
424 0 1 0 0 0 1 1 0 0 0 0 0 1 0 0 0 0 0 0 0 0 0 0 0 0 0 0 0 0 0 0 1 0 0 0 0 0 0 231.00999808311462 0 0 0 231.00999808311462 231.00999808311462 0 0 0 0 0 231.00999808311462 0 0 0 0 0 0 0 0 0 0 0 0 0 0 0 0 0 0 231.00999808311462 0 0 0 0 0 21.099999383091927 207.4499986320734 231.00999808311462 1.0000000223517418 -0.3999999985098839 1.0000000149011612 0.9600000306963921 -0.4399999901652336 1.0000000149011612 424 1 5 0 0 1 5 2 3 0 0 1 3 2 0 0 0 3 0 0 0 0 3 0 0 0 1 0 0 0 0 0 2 0 0 0 0 0 164.1000019311905 796.589994058013 0 0 164.1000019311905 796.589994058013 421.28999684751034 375.2999972105026 0 0 164.1000019311905 375.2999972105026 421.28999684751034 0 0 0 375.2999972105026 0 0 0 0 375.2999972105026 0 0 0 164.1000019311905 0 0 0 0 0 421.28999684751034 0 0 0 0 0 98.12999866902828 811.0199970901012 960.6899959892035 -0.9999998360872269 -2.3999999910593033 -0.9999998807907104 0.07000017911195755 -1.4199999794363976 -0.9099998772144318 424 1 7 0 0 4 7 4 3 3 0 1 3 4 0 0 0 3 0 0 0 0 3 0 0 0 1 0 0 0 0 0 4 0 0 0 0 0 164.1000019311905 1255.1599931269884 0 0 395.8899999856949 1255.1599931269884 879.8599959164858 375.2999972105026 231.7899980545044 0 164.1000019311905 375.2999972105026 879.8599959164858 0 0 0 375.2999972105026 0 0 0 0 375.2999972105026 0 0 0 164.1000019311905 0 0 0 0 0 879.8599959164858 0 0 0 0 0 259.0199957937002 1265.0599976181984 1651.0499931126833 1.0000002421438694 -4.669999983161688 1.270000159740448 2.8700002543628216 -2.8899999745190144 1.3600001633167267 424 2 16 2 0 4 14 8 6 3 0 1 9 6 0 0 2 6 1 0 0 0 5 1 0 2 1 0 0 1 1 1 6 0 0 0 0 0 253.1500037163496 2402.9599903970957 225.85999858379364 0 395.8899999856949 2177.099991813302 1480.379993095994 696.719998717308 231.7899980545044 0 164.1000019311905 1011.6299990862608 1261.5799938291311 0 0 225.85999858379364 696.719998717308 89.05000178515911 0 0 0 569.9899984300137 126.73000028729439 0 218.79999926686287 164.1000019311905 0 0 89.05000178515911 143.01999869942665 82.83999988436699 1261.5799938291311 0 0 0 0 0 357.6199950128794 2342.659996509552 2887.8999921679497 2.000000473111868 -8.669999968260527 2.2700003162026405 4.790000505745411 -4.669999960809946 3.100000362843275 424 9 25 5 1 10 20 12 8 4 4 5 12 10 0 3 2 8 2 1 2 0 5 3 1 2 1 1 1 2 1 1 9 1 2 2 0 0 626.9700031429529 3472.6099879443645 457.65999948978424 98.75000083446503 664.1999995708466 3014.9499884545803 2190.999991044402 823.9499974101782 296.63999849557877 124.4299982637167 474.9300037175417 1210.469997227192 1972.1999917775393 0 231.8000009059906 225.85999858379364 823.9499974101782 160.6600012332201 98.75000083446503 49.37999953329563 0 569.9899984300137 253.95999898016453 98.75000083446503 218.79999926686287 164.1000019311905 129.9799989759922 79.0300008803606 160.6600012332201 143.01999869942665 82.83999988436699 1842.219992801547 82.6300003528595 149.1700005531311 75.04999873042107 0 0 490.7499963492155 3632.1399938315153 4396.219989582896 4.000000704079866 -15.559999942779541 4.360000420361757 6.410000748932362 -8.42999992519617 5.500000521540642 424 29 38 10 5 26 28 17 11 7 12 13 17 15 3 6 3 11 3 5 4 0 7 4 4 2 2 3 5 3 1 2 12 2 4 8 0 1 1779.640003785491 4756.809983372688 689.5399966239929 137.870000988245 1476.0899993181229 4067.2699867486954 2869.009989976883 1198.2599967718124 350.20999847352505 402.2999979406595 1150.580000758171 1682.619998127222 2650.20999071002 294.0699993669987 426.9999978542328 225.9999985843897 1198.2599967718124 258.36000277101994 137.870000988245 194.45999996364117 0 806.1499972343445 392.10999953746796 101.33000080287457 218.79999926686287 220.09000177681446 381.96999959647655 503.49000112712383 258.36000277101994 143.01999869942665 82.97999988496304 2268.2399911135435 140.4300000667572 286.5699977874756 207.83999797701836 0 36.540000185370445 757.039995148778 5690.399993091822 6886.659985631704 6.0000011548399925 -29.839999869465828 7.1700005903840065 8.120001189410686 -17.98999982699752 9.790000755339861
425 0 1 0 0 0 1 1 0 0 0 0 0 1 0 0 0 0 0 0 0 0 0 0 0 0 0 0 0 0 0 0 1 0 0 0 0 0 0 190.2799987643957 0 0 0 190.2799987643957 190.2799987643957 0 0 0 0 0 190.2799987643957 0 0 0 0 0 0 0 0 0 0 0 0 0 0 0 0 0 0 190.2799987643957 0 0 0 0 0 19.659999758005142 165.10999901592731 190.2799987643957 1.0000000223517418 -0.3999999985098839 1.0000000149011612 1.4000000208616257 0.0 1.0000000149011612 425 1 6 0 0 1 6 3 3 0 0 1 3 3 0 0 0 3 0 0 0 0 3 0 0 0 1 0 0 0 0 0 3 0 0 0 0 0 164.1000019311905 1028.7399921566248 0 0 164.1000019311905 1028.7399921566248 653.4399949461222 375.2999972105026 0 0 164.1000019311905 375.2999972105026 653.4399949461222 0 0 0 375.2999972105026 0 0 0 0 375.2999972105026 0 0 0 164.1000019311905 0 0 0 0 0 653.4399949461222 0 0 0 0 0 117.8899979442358 1015.009996175766 1192.8399940878153 1.862645149230957e-7 -2.799999989569187 1.341104507446289e-7 1.4700001999735832 -1.4199999794363976 0.09000013768672943 425 1 8 1 0 3 7 4 3 2 0 1 4 4 0 0 1 3 0 0 0 0 3 0 0 0 1 0 0 0 1 0 4 0 0 0 0 0 164.1000019311905 1398.179991826415 143.01999869942665 0 326.1600011587143 1255.1599931269884 879.8599959164858 375.2999972105026 162.0599992275238 0 164.1000019311905 518.3199959099293 879.8599959164858 0 0 143.01999869942665 375.2999972105026 0 0 0 0 375.2999972105026 0 0 0 164.1000019311905 0 0 0 143.01999869942665 0 879.8599959164858 0 0 0 0 0 243.80999626219273 1359.4999967217445 1724.3399929851294 1.000000238418579 -4.5799999833106995 1.1800001561641693 3.0500002577900887 -2.799999974668026 1.4500001668930054 425 1 11 1 0 4 10 6 4 3 0 1 5 6 0 0 1 4 0 0 0 0 4 0 0 0 1 0 0 0 1 0 6 0 0 0 0 0 164.1000019311905 1968.039992004633 143.01999869942665 0 395.8899999856949 1825.0199933052063 1309.6099951267242 515.409998178482 231.7899980545044 0 164.1000019311905 658.4299968779087 1309.6099951267242 0 0 143.01999869942665 515.409998178482 0 0 0 0 515.409998178482 0 0 0 164.1000019311905 0 0 0 143.01999869942665 0 1309.6099951267242 0 0 0 0 0 348.58999602496624 1846.8299963027239 2363.929991990328 2.0000003315508366 -6.269999977201223 2.2700002193450928 4.640000376850367 -4.129999961704016 3.080000251531601 425 2 15 2 0 5 13 7 6 4 0 2 7 7 1 1 1 6 0 0 0 0 4 2 0 0 1 0 0 0 1 0 7 0 1 0 0 0 314.1700030565262 2473.739990711212 247.0999999344349 0 460.74000042676926 2226.6399907767773 1511.839993774891 714.7999970018864 296.63999849557877 0 268.18000316619873 857.819995701313 1511.839993774891 150.0700011253357 104.08000123500824 143.01999869942665 714.7999970018864 0 0 0 0 515.409998178482 199.3899988234043 0 0 164.1000019311905 0 0 0 143.01999869942665 0 1511.839993774891 0 104.08000123500824 0 0 0 455.54999677836895 2399.9699965566397 3084.549992263317 1.0000004507601261 -8.629999961704016 1.5400002896785736 3.550000488758087 -5.559999957680702 2.57000033557415 425 6 21 3 0 9 18 11 7 5 2 3 10 9 1 1 2 7 1 0 2 0 5 2 0 2 1 0 1 1 1 1 9 0 1 0 0 0 603.0400048643351 3205.5999888926744 329.9399998188019 0 746.9799990952015 2875.6599890738726 2106.2799918204546 769.379997253418 383.05999714136124 120.78999914228916 347.21000404655933 1084.2899976223707 1887.4799925535917 150.0700011253357 104.08000123500824 225.85999858379364 769.379997253418 89.05000178515911 0 120.78999914228916 0 569.9899984300137 199.3899988234043 0 218.79999926686287 164.1000019311905 0 79.0300008803606 89.05000178515911 143.01999869942665 82.83999988436699 1887.4799925535917 0 104.08000123500824 0 0 0 510.82999607920647 3378.009996905923 4191.699990898371 4.000000633299351 -13.119999945163727 4.6300003901124 7.890000700950623 -7.899999942630529 6.760000493377447
426 0 1 0 0 0 1 0 1 0 0 0 1 0 0 0 0 1 0 0 0 0 1 0 0 0 0 0 0 0 0 0 0 0 0 0 0 0 0 129.17999982833862 0 0 0 129.17999982833862 0 129.17999982833862 0 0 0 129.17999982833862 0 0 0 0 129.17999982833862 0 0 0 0 129.17999982833862 0 0 0 0 0 0 0 0 0 0 0 0 0 0 0 17.209999561309814 101.53999996185303 129.17999982833862 -0.999999962747097 -0.3999999985098839 -0.9999999701976776 -0.5999999642372131 0.0 -0.9999999701976776 426 1 5 0 0 1 5 4 1 0 0 1 1 4 0 0 0 1 0 0 0 0 1 0 0 0 1 0 0 0 0 0 4 0 0 0 0 0 164.1000019311905 1009.0399957448244 0 0 164.1000019311905 1009.0399957448244 879.8599959164858 129.17999982833862 0 0 164.1000019311905 129.17999982833862 879.8599959164858 0 0 0 129.17999982833862 0 0 0 0 129.17999982833862 0 0 0 164.1000019311905 0 0 0 0 0 879.8599959164858 0 0 0 0 0 104.69999776780605 1022.0999999642372 1173.139997676015 3.0000001341104507 -2.3999999910593033 3.000000089406967 4.540000148117542 -0.9499999806284904 3.090000092983246 426 1 9 1 0 1 8 4 4 0 0 1 5 4 0 0 1 4 0 0 0 0 4 0 0 0 1 0 0 0 1 0 4 0 0 0 0 0 164.1000019311905 1538.2899927943945 143.01999869942665 0 164.1000019311905 1395.2699940949678 879.8599959164858 515.409998178482 0 0 164.1000019311905 658.4299968779087 879.8599959164858 0 0 143.01999869942665 515.409998178482 0 0 0 0 515.409998178482 0 0 0 164.1000019311905 0 0 0 143.01999869942665 0 879.8599959164858 0 0 0 0 0 180.02999736368656 1429.7099972367287 1702.389994725585 2.5331974029541016e-7 -3.999999985098839 1.7881393432617188e-7 2.4500002712011337 -1.8199999779462814 0.2700001895427704 426 1 10 1 0 5 9 5 4 4 0 1 5 5 0 0 1 4 0 0 0 0 4 0 0 0 1 0 0 0 1 0 5 0 0 0 0 0 164.1000019311905 1788.5499927401543 143.01999869942665 0 460.74000042676926 1645.5299940407276 1130.1199958622456 515.409998178482 296.63999849557877 0 164.1000019311905 658.4299968779087 1130.1199958622456 0 0 143.01999869942665 515.409998178482 0 0 0 0 515.409998178482 0 0 0 164.1000019311905 0 0 0 143.01999869942665 0 1130.1199958622456 0 0 0 0 0 358.9099965393543 1712.459997355938 2249.2899931669235 1.0000003203749657 -6.359999977052212 1.3600002080202103 3.300000362098217 -4.689999960362911 1.990000233054161 426 2 12 1 0 5 11 7 4 4 0 1 5 7 1 0 1 4 0 0 0 0 4 0 0 0 1 0 0 0 1 0 7 0 0 0 0 0 314.1700030565262 2170.2699906527996 143.01999869942665 0 460.74000042676926 2027.249991953373 1511.839993774891 515.409998178482 296.63999849557877 0 164.1000019311905 658.4299968779087 1511.839993774891 150.0700011253357 0 143.01999869942665 515.409998178482 0 0 0 0 515.409998178482 0 0 0 164.1000019311905 0 0 0 143.01999869942665 0 1511.839993774891 0 0 0 0 0 411.6399964541197 2169.9499967843294 2781.0799922049046 3.0000003837049007 -7.429999966174364 3.54000024497509 5.710000425577164 -5.089999958872795 4.530000284314156 426 4 16 2 0 9 14 8 6 6 2 2 7 8 1 1 1 6 0 0 2 0 4 2 0 0 1 0 0 0 1 0 8 0 1 0 0 0 434.96000219881535 2631.45999096334 247.0999999344349 0 745.1699970513582 2384.359991028905 1669.5599940270185 714.7999970018864 460.27999597787857 120.78999914228916 268.18000316619873 857.819995701313 1669.5599940270185 150.0700011253357 104.08000123500824 143.01999869942665 714.7999970018864 0 0 120.78999914228916 0 515.409998178482 199.3899988234043 0 0 164.1000019311905 0 0 0 143.01999869942665 0 1669.5599940270185 0 104.08000123500824 0 0 0 551.6399952322245 2678.70999635756 3526.6999891400337 2.000000510364771 -10.809999953955412 2.720000311732292 4.440000548958778 -7.409999951720238 4.020000368356705
427 1 0 0 0 1 0 0 0 0 0 1 0 0 0 0 0 0 0 0 0 0 0 0 0 0 1 0 0 0 0 0 0 0 0 0 0 0 164.1000019311905 0 0 0 164.1000019311905 0 0 0 0 0 164.1000019311905 0 0 0 0 0 0 0 0 0 0 0 0 0 0 164.1000019311905 0 0 0 0 0 0 0 0 0 0 0 12.09000015258789 142.75000178813934 164.1000019311905 7.450580596923828e-9 -0.3999999985098839 0.0 -0.019999980926513672 -0.5099999904632568 0.09000000357627869 427 1 7 1 0 1 6 4 2 0 0 1 3 4 0 0 1 2 0 0 0 0 2 0 0 0 1 0 0 0 1 0 4 0 0 0 0 0 164.1000019311905 1299.7099917978048 143.01999869942665 0 164.1000019311905 1156.6899930983782 879.8599959164858 276.8299971818924 0 0 164.1000019311905 419.84999588131905 879.8599959164858 0 0 143.01999869942665 276.8299971818924 0 0 0 0 276.8299971818924 0 0 0 164.1000019311905 0 0 0 143.01999869942665 0 879.8599959164858 0 0 0 0 0 147.86999715864658 1244.269996702671 1463.8099937289953 2.0000001788139343 -3.199999988079071 2.0000001192092896 3.65000019967556 -1.8199999779462814 2.2700001299381256 427 1 10 1 0 1 9 5 4 0 0 1 5 5 0 0 1 4 0 0 0 0 4 0 0 0 1 0 0 0 1 0 5 0 0 0 0 0 164.1000019311905 1788.5499927401543 143.01999869942665 0 164.1000019311905 1645.5299940407276 1130.1199958622456 515.409998178482 0 0 164.1000019311905 658.4299968779087 1130.1199958622456 0 0 143.01999869942665 515.409998178482 0 0 0 0 515.409998178482 0 0 0 164.1000019311905 0 0 0 143.01999869942665 0 1130.1199958622456 0 0 0 0 0 202.11999806761742 1644.5599967837334 1952.6499946713448 1.000000275671482 -4.399999983608723 1.0000001937150955 3.3000003173947334 -2.729999966919422 1.6300002187490463 427 2 10 1 0 5 9 5 4 4 0 1 5 5 1 0 1 4 0 0 0 0 4 0 0 0 1 0 0 0 1 0 5 0 0 0 0 0 314.1700030565262 1788.5499927401543 143.01999869942665 0 460.74000042676926 1645.5299940407276 1130.1199958622456 515.409998178482 296.63999849557877 0 164.1000019311905 658.4299968779087 1130.1199958622456 150.0700011253357 0 143.01999869942665 515.409998178482 0 0 0 0 515.409998178482 0 0 0 164.1000019311905 0 0 0 143.01999869942665 0 1130.1199958622456 0 0 0 0 0 387.2099967300892 1824.5299984812737 2399.359994292259 1.0000003390014172 -6.629999969154596 1.5400002151727676 3.570000372827053 -4.689999960362911 2.1700002402067184 427 2 13 1 0 6 12 7 5 5 0 1 6 7 1 0 1 5 0 0 0 0 4 1 0 0 1 0 0 0 1 0 7 0 0 0 0 0 314.1700030565262 2296.999990940094 143.01999869942665 0 547.1599990725517 2153.9799922406673 1511.839993774891 642.1399984657764 383.05999714136124 0 164.1000019311905 785.1599971652031 1511.839993774891 150.0700011253357 0 143.01999869942665 642.1399984657764 0 0 0 0 515.409998178482 126.73000028729439 0 0 164.1000019311905 0 0 0 143.01999869942665 0 1511.839993774891 0 0 0 0 0 479.5699954777956 2273.3299965411425 2994.2299911379814 2.0000004321336746 -8.31999996304512 2.630000278353691 4.330000471323729 -6.0499999560415745 3.6200003176927567 427 7 21 3 1 9 18 11 7 6 2 2 10 9 2 1 2 7 1 1 2 0 5 2 1 2 1 1 0 1 1 1 8 0 1 0 0 0 747.4700044393539 3134.439991042018 329.9399998188019 98.75000083446503 745.1699970513582 2804.499991223216 2035.119993969798 769.379997253418 460.27999597787857 120.78999914228916 268.18000316619873 1084.2899976223707 1816.3199947029352 274.78000074625015 104.08000123500824 225.85999858379364 769.379997253418 89.05000178515911 98.75000083446503 120.78999914228916 0 569.9899984300137 199.3899988234043 98.75000083446503 218.79999926686287 164.1000019311905 146.76000067591667 0 89.05000178515911 143.01999869942665 82.83999988436699 1669.5599940270185 0 104.08000123500824 0 0 0 584.7899945676327 3427.469999343157 4342.18999145925 4.000000670552254 -13.879999935626984 4.900000408291817 6.480000730603933 -9.189999923110008 6.370000492781401
428 0 1 0 0 0 1 1 0 0 0 0 0 1 0 0 0 0 0 0 0 0 0 0 0 0 0 0 0 0 0 0 1 0 0 0 0 0 0 232.14999809861183 0 0 0 232.14999809861183 232.14999809861183 0 0 0 0 0 232.14999809861183 0 0 0 0 0 0 0 0 0 0 0 0 0 0 0 0 0 0 232.14999809861183 0 0 0 0 0 19.75999927520752 203.98999908566475 232.14999809861183 1.0000000223517418 -0.3999999985098839 1.0000000149011612 1.4000000208616257 0.0 1.0000000149011612 428 1 5 1 0 1 4 3 1 0 0 1 2 3 0 0 1 1 0 0 0 0 1 0 0 0 1 0 0 0 1 0 3 0 0 0 0 0 164.1000019311905 921.0499963611364 143.01999869942665 0 164.1000019311905 778.0299976617098 648.8499978333712 129.17999982833862 0 0 164.1000019311905 272.1999985277653 648.8499978333712 0 0 143.01999869942665 129.17999982833862 0 0 0 0 129.17999982833862 0 0 0 164.1000019311905 0 0 0 143.01999869942665 0 648.8499978333712 0 0 0 0 0 107.13999801874161 924.0000002831221 1085.149998292327 2.0000001192092896 -2.3999999910593033 2.000000074505806 3.760000132024288 -0.9099999889731407 2.270000085234642 428 1 9 1 0 1 8 5 3 0 0 1 4 5 0 0 1 3 0 0 0 0 3 0 0 0 1 0 0 0 1 0 5 0 0 0 0 0 164.1000019311905 1690.079992711544 143.01999869942665 0 164.1000019311905 1547.0599940121174 1130.1199958622456 416.9399981498718 0 0 164.1000019311905 559.9599968492985 1130.1199958622456 0 0 143.01999869942665 416.9399981498718 0 0 0 0 416.9399981498718 0 0 0 164.1000019311905 0 0 0 143.01999869942665 0 1130.1199958622456 0 0 0 0 0 193.67999801039696 1563.2099968791008 1854.1799946427345 2.000000238418579 -3.999999985098839 2.000000163912773 3.9000002816319466 -2.729999966919422 2.630000188946724 428 2 10 1 0 3 9 5 4 2 0 1 5 5 1 0 1 4 0 0 0 0 4 0 0 0 1 0 0 0 1 0 5 0 0 0 0 0 314.1700030565262 1788.5499927401543 143.01999869942665 0 298.8700012564659 1645.5299940407276 1130.1199958622456 515.409998178482 134.76999932527542 0 164.1000019311905 658.4299968779087 1130.1199958622456 150.0700011253357 0 143.01999869942665 515.409998178482 0 0 0 0 515.409998178482 0 0 0 164.1000019311905 0 0 0 143.01999869942665 0 1130.1199958622456 0 0 0 0 0 301.05999794602394 1789.3499981760979 2237.489995121956 1.0000003166496754 -5.649999972432852 1.3600002080202103 3.5700003504753113 -3.7099999636411667 1.990000233054161 428 2 11 1 0 6 10 6 4 5 0 1 5 5 1 0 1 4 0 0 0 0 4 0 0 1 1 0 0 0 1 0 5 0 0 0 0 0 314.1700030565262 1919.9499923586845 143.01999869942665 0 547.1599990725517 1776.929993659258 1261.5199954807758 515.409998178482 383.05999714136124 0 164.1000019311905 658.4299968779087 1130.1199958622456 150.0700011253357 0 143.01999869942665 515.409998178482 0 0 0 0 515.409998178482 0 0 131.39999961853027 164.1000019311905 0 0 0 143.01999869942665 0 1130.1199958622456 0 0 0 0 0 429.90999606251717 1970.1199976801872 2617.179992556572 2.0000003688037395 -7.5199999660253525 2.630000229924917 4.6600003987550735 -5.1799999587237835 3.260000254958868 428 10 19 4 0 12 15 9 6 6 3 5 9 7 3 2 2 6 1 0 2 0 5 1 0 2 1 0 2 1 1 1 7 0 2 1 0 0 929.7600057423115 2821.6599902808666 394.2999985218048 0 981.8799989968538 2427.359991759062 1730.6399930417538 696.719998717308 460.27999597787857 122.00999903678894 568.0300039201975 1011.6299990862608 1511.839993774891 319.1100009381771 168.43999993801117 225.85999858379364 696.719998717308 89.05000178515911 0 73.670000821352 0 569.9899984300137 126.73000028729439 0 218.79999926686287 164.1000019311905 0 235.49000205099583 89.05000178515911 143.01999869942665 82.83999988436699 1511.839993774891 0 168.43999993801117 48.339998215436935 0 0 596.3999948501587 3300.2799987345934 4211.699992001057 3.0000006072223186 -14.149999927729368 4.0800003334879875 6.530000660568476 -8.829999916255474 5.620000418275595
429 0 1 0 0 0 1 1 0 0 0 0 0 1 0 0 0 0 0 0 0 0 0 0 0 0 0 0 0 0 0 0 1 0 0 0 0 0 0 226.42000097036362 0 0 0 226.42000097036362 226.42000097036362 0 0 0 0 0 226.42000097036362 0 0 0 0 0 0 0 0 0 0 0 0 0 0 0 0 0 0 226.42000097036362 0 0 0 0 0 14.87999963760376 201.26000148057938 226.42000097036362 1.0000000223517418 -0.3999999985098839 1.0000000149011612 1.4000000208616257 0.0 1.0000000149011612 429 1 5 1 0 1 4 2 2 0 0 1 3 2 0 0 1 2 0 0 0 0 2 0 0 0 1 0 0 0 1 0 2 0 0 0 0 0 164.1000019311905 870.8799985647202 143.01999869942665 0 164.1000019311905 727.8599998652935 458.56999906897545 269.29000079631805 0 0 164.1000019311905 412.3099994957447 458.56999906897545 0 0 143.01999869942665 269.29000079631805 0 0 0 0 269.29000079631805 0 0 0 164.1000019311905 0 0 0 143.01999869942665 0 458.56999906897545 0 0 0 0 0 111.19999840855598 862.9800018966198 1034.9800004959106 1.341104507446289e-7 -2.3999999910593033 8.940696716308594e-8 1.7600001469254494 -0.9099999889731407 0.2700001001358032 429 1 8 1 0 1 7 5 2 0 0 1 3 5 0 0 1 2 0 0 0 0 2 0 0 0 1 0 0 0 1 0 5 0 0 0 0 0 164.1000019311905 1542.4299953579903 143.01999869942665 0 164.1000019311905 1399.4099966585636 1130.1199958622456 269.29000079631805 0 0 164.1000019311905 412.3099994957447 1130.1199958622456 0 0 143.01999869942665 269.29000079631805 0 0 0 0 269.29000079631805 0 0 0 164.1000019311905 0 0 0 143.01999869942665 0 1130.1199958622456 0 0 0 0 0 174.0499982535839 1450.3899990916252 1706.5299972891808 3.000000201165676 -3.599999986588955 3.0000001341104507 4.970000244677067 -2.259999968111515 3.6300001591444016 429 2 10 1 0 2 9 5 4 1 0 1 5 5 1 0 1 4 0 0 0 0 4 0 0 0 1 0 0 0 1 0 5 0 0 0 0 0 314.1700030565262 1788.5499927401543 143.01999869942665 0 228.95000237226486 1645.5299940407276 1130.1199958622456 515.409998178482 64.85000044107437 0 164.1000019311905 658.4299968779087 1130.1199958622456 150.0700011253357 0 143.01999869942665 515.409998178482 0 0 0 0 515.409998178482 0 0 0 164.1000019311905 0 0 0 143.01999869942665 0 1130.1199958622456 0 0 0 0 0 260.95999851822853 1775.7399985194206 2167.569996237755 1.0000003054738045 -5.1599999740719795 1.2700002044439316 3.5700003392994404 -3.2199999652802944 1.9000002294778824 429 2 10 1 0 6 9 5 4 5 0 1 5 5 1 0 1 4 0 0 0 0 4 0 0 0 1 0 0 0 1 0 5 0 0 0 0 0 314.1700030565262 1788.5499927401543 143.01999869942665 0 554.6499990820885 1645.5299940407276 1130.1199958622456 515.409998178482 390.549997150898 0 164.1000019311905 658.4299968779087 1130.1199958622456 150.0700011253357 0 143.01999869942665 515.409998178482 0 0 0 0 515.409998178482 0 0 0 164.1000019311905 0 0 0 143.01999869942665 0 1130.1199958622456 0 0 0 0 0 435.22999611496925 1839.1499983668327 2493.2699929475784 1.000000350177288 -7.119999967515469 1.6300002187490463 3.570000384002924 -5.1799999587237835 2.260000243782997 429 3 13 1 0 7 12 8 4 6 0 1 5 8 2 0 1 4 0 0 0 0 4 0 0 0 1 0 0 0 1 0 8 0 0 0 0 0 438.88000267744064 2427.8799890726805 143.01999869942665 0 624.3799979090691 2284.859990373254 1769.4499921947718 515.409998178482 460.27999597787857 0 164.1000019311905 658.4299968779087 1769.4499921947718 274.78000074625015 0 143.01999869942665 515.409998178482 0 0 0 0 515.409998178482 0 0 0 164.1000019311905 0 0 0 143.01999869942665 0 1769.4499921947718 0 0 0 0 0 536.4099947810173 2518.4699948579073 3327.0399877279997 4.000000447034836 -9.079999953508377 4.900000274181366 6.870000496506691 -6.759999945759773 6.070000320672989
430 0 1 1 0 0 0 0 0 0 0 0 1 0 0 0 1 0 0 0 0 0 0 0 0 0 0 0 0 0 1 0 0 0 0 0 0 0 0 143.01999869942665 143.01999869942665 0 0 0 0 0 0 0 0 143.01999869942665 0 0 0 143.01999869942665 0 0 0 0 0 0 0 0 0 0 0 0 0 143.01999869942665 0 0 0 0 0 0 0 23.53999963402748 109.34999895095825 143.01999869942665 7.450580596923828e-9 -0.3999999985098839 0.0 0.18000001460313797 -0.3999999985098839 0.18000000715255737 430 1 5 1 0 1 4 3 1 0 0 1 2 3 0 0 1 1 0 0 0 0 1 0 0 0 1 0 0 0 1 0 3 0 0 0 0 0 164.1000019311905 991.9599986821413 143.01999869942665 0 164.1000019311905 848.9399999827147 708.8299990147352 140.11000096797943 0 0 164.1000019311905 283.1299996674061 708.8299990147352 0 0 143.01999869942665 140.11000096797943 0 0 0 0 140.11000096797943 0 0 0 164.1000019311905 0 0 0 143.01999869942665 0 708.8299990147352 0 0 0 0 0 116.07999955117702 976.2900014817715 1156.0600006133318 2.0000001192092896 -2.3999999910593033 2.000000074505806 3.210000157356262 -1.8199999779462814 2.6300000995397568 430 2 7 1 0 2 6 4 2 1 0 1 3 4 1 0 1 2 0 0 0 0 2 0 0 0 1 0 0 0 1 0 4 0 0 0 0 0 314.1700030565262 1311.4199972748756 143.01999869942665 0 228.95000237226486 1168.399998575449 899.1099977791309 269.29000079631805 64.85000044107437 0 164.1000019311905 412.3099994957447 899.1099977791309 150.0700011253357 0 143.01999869942665 269.29000079631805 0 0 0 0 269.29000079631805 0 0 0 164.1000019311905 0 0 0 143.01999869942665 0 899.1099977791309 0 0 0 0 0 211.7899993211031 1374.120002195239 1690.4400007724762 2.0000002086162567 -3.959999978542328 2.2700001299381256 4.280000235885382 -2.3099999763071537 2.9000001549720764 430 2 9 1 0 3 8 5 3 2 0 1 4 5 1 0 1 3 0 0 0 0 3 0 0 0 1 0 0 0 1 0 5 0 0 0 0 0 314.1700030565262 1690.079992711544 143.01999869942665 0 315.37000101804733 1547.0599940121174 1130.1199958622456 416.9399981498718 151.26999908685684 0 164.1000019311905 559.9599968492985 1130.1199958622456 150.0700011253357 0 143.01999869942665 416.9399981498718 0 0 0 0 416.9399981498718 0 0 0 164.1000019311905 0 0 0 143.01999869942665 0 1130.1199958622456 0 0 0 0 0 295.21999779343605 1711.0399982333183 2155.519994854927 2.0000002793967724 -5.249999973922968 2.360000178217888 4.170000314712524 -3.7099999636411667 2.9900002032518387 430 3 10 1 0 5 9 5 4 4 0 1 5 5 2 0 1 4 0 0 0 0 4 0 0 0 1 0 0 0 1 0 5 0 0 0 0 0 438.88000267744064 1788.5499927401543 143.01999869942665 0 462.5099987387657 1645.5299940407276 1130.1199958622456 515.409998178482 298.4099968075752 0 164.1000019311905 658.4299968779087 1130.1199958622456 274.78000074625015 0 143.01999869942665 515.409998178482 0 0 0 0 515.409998178482 0 0 0 164.1000019311905 0 0 0 143.01999869942665 0 1130.1199958622456 0 0 0 0 0 398.41999623179436 1925.3299977183342 2525.83999222517 1.0000003576278687 -6.899999961256981 1.720000222325325 3.5500003919005394 -4.979999952018261 2.350000247359276 430 3 12 1 0 8 11 7 4 7 0 1 5 7 2 0 1 4 0 0 0 0 4 0 0 0 1 0 0 0 1 0 7 0 0 0 0 0 438.88000267744064 2248.389989808202 143.01999869942665 0 687.8199977278709 2105.369991108775 1589.959992930293 515.409998178482 523.7199957966805 0 164.1000019311905 658.4299968779087 1589.959992930293 274.78000074625015 0 143.01999869942665 515.409998178482 0 0 0 0 515.409998178482 0 0 0 164.1000019311905 0 0 0 143.01999869942665 0 1589.959992930293 0 0 0 0 0 551.2599944919348 2380.6199954152107 3210.989988282323 3.000000435858965 -9.169999953359365 3.9900002628564835 5.530000481754541 -7.319999944418669 4.980000302195549
431 0 1 0 0 0 1 0 1 0 0 0 1 0 0 0 0 1 0 0 0 0 1 0 0 0 0 0 0 0 0 0 0 0 0 0 0 0 0 140.11000096797943 0 0 0 140.11000096797943 0 140.11000096797943 0 0 0 140.11000096797943 0 0 0 0 140.11000096797943 0 0 0 0 140.11000096797943 0 0 0 0 0 0 0 0 0 0 0 0 0 0 0 23.72000014781952 104.09000062942505 140.11000096797943 -0.999999962747097 -0.3999999985098839 -0.9999999701976776 -0.5999999642372131 0.0 -0.9999999701976776 431 1 4 1 0 1 3 2 1 1 0 0 2 2 1 0 1 1 0 0 0 0 1 0 0 0 0 0 0 0 1 0 2 0 0 0 0 0 150.0700011253357 759.8100005835295 143.01999869942665 0 64.85000044107437 616.7900018841028 476.6800009161234 140.11000096797943 64.85000044107437 0 0 283.1299996674061 476.6800009161234 150.0700011253357 0 143.01999869942665 140.11000096797943 0 0 0 0 140.11000096797943 0 0 0 0 0 0 0 143.01999869942665 0 476.6800009161234 0 0 0 0 0 143.07000057399273 760.7300023436546 974.7300021499395 1.0000001192092896 -2.3599999845027924 1.2700000703334808 2.100000139325857 -1.7999999858438969 1.810000091791153 431 2 6 1 0 3 5 3 2 2 0 1 3 3 1 0 1 2 0 0 0 0 2 0 0 0 1 0 0 0 1 0 3 0 0 0 0 0 314.1700030565262 1121.13999851048 143.01999869942665 0 315.37000101804733 978.1199998110533 708.8299990147352 269.29000079631805 151.26999908685684 0 164.1000019311905 412.3099994957447 708.8299990147352 150.0700011253357 0 143.01999869942665 269.29000079631805 0 0 0 0 269.29000079631805 0 0 0 164.1000019311905 0 0 0 143.01999869942665 0 708.8299990147352 0 0 0 0 0 234.82999889552593 1225.660002797842 1586.580000653863 1.0000001974403858 -4.049999978393316 1.360000118613243 2.880000226199627 -2.799999974668026 1.990000143647194 431 2 9 1 0 4 8 5 3 3 0 1 4 5 1 0 1 3 0 0 0 0 3 0 0 0 1 0 0 0 1 0 5 0 0 0 0 0 314.1700030565262 1690.079992711544 143.01999869942665 0 392.58999985456467 1547.0599940121174 1130.1199958622456 416.9399981498718 228.48999792337418 0 164.1000019311905 559.9599968492985 1130.1199958622456 150.0700011253357 0 143.01999869942665 416.9399981498718 0 0 0 0 416.9399981498718 0 0 0 164.1000019311905 0 0 0 143.01999869942665 0 1130.1199958622456 0 0 0 0 0 339.2899970114231 1723.9199983477592 2232.7399936914444 2.0000002905726433 -5.73999997228384 2.4500001817941666 4.170000325888395 -4.199999962002039 3.0800002068281174 431 3 11 1 0 4 10 6 4 3 0 1 5 6 2 0 1 4 0 0 0 0 4 0 0 0 1 0 0 0 1 0 6 0 0 0 0 0 438.88000267744064 2046.1599911600351 143.01999869942665 0 392.58999985456467 1903.1399924606085 1387.7299942821264 515.409998178482 228.48999792337418 0 164.1000019311905 658.4299968779087 1387.7299942821264 274.78000074625015 0 143.01999869942665 515.409998178482 0 0 0 0 515.409998178482 0 0 0 164.1000019311905 0 0 0 143.01999869942665 0 1387.7299942821264 0 0 0 0 0 385.72999684512615 2124.2599965929985 2713.52999176085 2.0000003688037395 -6.8099999614059925 2.6300002336502075 4.730000410228968 -4.889999952167273 3.4400002658367157 431 4 12 1 0 9 11 7 4 7 0 2 5 7 2 0 1 4 0 0 0 0 4 0 0 0 2 0 0 0 1 0 7 0 0 0 0 0 608.8000038862228 2248.389989808202 143.01999869942665 0 857.7399989366531 2105.369991108775 1589.959992930293 515.409998178482 523.7199957966805 0 334.0200031399727 658.4299968779087 1589.959992930293 274.78000074625015 0 143.01999869942665 515.409998178482 0 0 0 0 515.409998178482 0 0 0 334.0200031399727 0 0 0 143.01999869942665 0 1589.959992930293 0 0 0 0 0 569.4399946182966 2511.659996211529 3380.909989491105 3.0000004433095455 -9.56999995186925 3.9900002628564835 5.040000502020121 -8.299999933689833 5.070000305771828
432 0 1 0 0 0 1 1 0 0 0 0 0 1 0 0 0 0 0 0 0 0 0 0 0 0 0 0 0 0 0 0 1 0 0 0 0 0 0 250.25999994575977 0 0 0 250.25999994575977 250.25999994575977 0 0 0 0 0 250.25999994575977 0 0 0 0 0 0 0 0 0 0 0 0 0 0 0 0 0 0 250.25999994575977 0 0 0 0 0 22.090000703930855 214.8499995470047 250.25999994575977 1.0000000223517418 -0.3999999985098839 1.0000000149011612 0.8500000461935997 -0.9099999889731407 1.360000029206276 432 1 3 1 0 1 2 1 1 1 0 0 2 1 1 0 1 1 0 0 0 0 1 0 0 0 0 0 0 0 1 0 1 0 0 0 0 0 150.0700011253357 533.3899996131659 143.01999869942665 0 64.85000044107437 390.3700009137392 250.25999994575977 140.11000096797943 64.85000044107437 0 0 283.1299996674061 250.25999994575977 150.0700011253357 0 143.01999869942665 140.11000096797943 0 0 0 0 140.11000096797943 0 0 0 0 0 0 0 143.01999869942665 0 250.25999994575977 0 0 0 0 0 128.19000093638897 559.4700008630753 748.3100011795759 9.685754776000977e-8 -1.9599999859929085 0.27000005543231964 0.7000001184642315 -1.7999999858438969 0.8100000768899918 432 2 5 1 0 3 4 3 1 2 0 1 2 3 1 0 1 1 0 0 0 0 1 0 0 0 1 0 0 0 1 0 3 0 0 0 0 0 314.1700030565262 991.9599986821413 143.01999869942665 0 315.37000101804733 848.9399999827147 708.8299990147352 140.11000096797943 151.26999908685684 0 164.1000019311905 283.1299996674061 708.8299990147352 150.0700011253357 0 143.01999869942665 140.11000096797943 0 0 0 0 140.11000096797943 0 0 0 164.1000019311905 0 0 0 143.01999869942665 0 708.8299990147352 0 0 0 0 0 217.61999933421612 1124.120002835989 1457.4000008255243 2.000000160187483 -3.6499999798834324 2.3600000888109207 3.48000019043684 -2.799999974668026 2.9900001138448715 432 3 7 1 0 4 6 4 2 3 0 1 3 4 2 0 1 2 0 0 0 0 2 0 0 0 1 0 0 0 1 0 4 0 0 0 0 0 438.88000267744064 1311.4199972748756 143.01999869942665 0 392.58999985456467 1168.399998575449 899.1099977791309 269.29000079631805 228.48999792337418 0 164.1000019311905 412.3099994957447 899.1099977791309 274.78000074625015 0 143.01999869942665 269.29000079631805 0 0 0 0 269.29000079631805 0 0 0 164.1000019311905 0 0 0 143.01999869942665 0 899.1099977791309 0 0 0 0 0 309.1499976068735 1510.1000017374754 1978.7899978756905 2.00000024959445 -5.209999967366457 2.6300001442432404 4.26000027731061 -3.579999964684248 3.260000169277191 432 4 10 1 0 6 9 6 3 4 0 2 4 6 2 0 1 3 0 0 0 0 3 0 0 0 2 0 0 0 1 0 6 0 0 0 0 0 608.8000038862228 1947.689991131425 143.01999869942665 0 625.9500008821487 1804.6699924319983 1387.7299942821264 416.9399981498718 291.92999774217606 0 334.0200031399727 559.9599968492985 1387.7299942821264 274.78000074625015 0 143.01999869942665 416.9399981498718 0 0 0 0 416.9399981498718 0 0 0 334.0200031399727 0 0 0 143.01999869942665 0 1387.7299942821264 0 0 0 0 0 430.5399963706732 2189.579997599125 2848.419992759824 3.000000350177288 -7.299999959766865 3.720000207424164 4.840000405907631 -6.359999939799309 4.620000243186951 432 5 11 1 0 11 10 6 4 8 1 2 5 6 2 0 1 4 0 0 0 0 4 0 0 0 2 0 0 0 1 0 6 0 0 1 0 0 761.3800045847893 2046.1599911600351 143.01999869942665 0 1074.5000017285347 1903.1399924606085 1387.7299942821264 515.409998178482 587.8999978899956 152.58000069856644 334.0200031399727 658.4299968779087 1387.7299942821264 274.78000074625015 0 143.01999869942665 515.409998178482 0 0 0 0 515.409998178482 0 0 0 334.0200031399727 0 0 0 143.01999869942665 0 1387.7299942821264 0 0 152.58000069856644 0 0 614.3399972170591 2428.4699979424477 3395.43999363482 2.000000439584255 -10.059999950230122 3.080000251531601 4.260000497102737 -8.789999932050705 4.0700002908706665
433 0 0 0 0 1 0 0 0 1 0 0 0 0 0 0 0 0 0 0 0 0 0 0 0 0 0 0 0 0 0 0 0 0 0 0 0 0 0 0 0 0 64.85000044107437 0 0 0 64.85000044107437 0 0 0 0 0 0 0 0 0 0 0 0 0 0 0 0 0 0 0 0 0 0 0 0 0 0 0 0 30.54000025987625 19.110000610351563 64.85000044107437 1.1175870895385742e-8 -0.48999999836087227 0.09000000357627869 1.1175870895385742e-8 -0.48999999836087227 0.09000000357627869 433 1 2 0 0 2 2 1 1 2 0 0 1 1 1 0 0 1 0 0 0 0 1 0 0 0 0 0 0 0 0 0 1 0 0 0 0 0 150.0700011253357 390.3700009137392 0 0 151.26999908685684 390.3700009137392 250.25999994575977 140.11000096797943 151.26999908685684 0 0 140.11000096797943 250.25999994575977 150.0700011253357 0 0 140.11000096797943 0 0 0 0 140.11000096797943 0 0 0 0 0 0 0 0 0 250.25999994575977 0 0 0 0 0 147.35000063478947 466.7700015306473 691.7100011259317 1.0058283805847168e-7 -2.049999985843897 0.3600000590085983 0.5200001150369644 -1.8899999856948853 0.7200000733137131 433 2 3 1 0 3 2 1 1 3 0 0 2 1 2 0 1 1 0 0 0 0 1 0 0 0 0 0 0 0 1 0 1 0 0 0 0 0 274.78000074625015 533.3899996131659 143.01999869942665 0 228.48999792337418 390.3700009137392 250.25999994575977 140.11000096797943 228.48999792337418 0 0 283.1299996674061 250.25999994575977 274.78000074625015 0 143.01999869942665 140.11000096797943 0 0 0 0 140.11000096797943 0 0 0 0 0 0 0 143.01999869942665 0 250.25999994575977 0 0 0 0 0 225.54999922215939 695.4500004053116 1036.6599982827902 1.3783574104309082e-7 -3.2099999748170376 0.6300000697374344 0.6800001598894596 -3.069999974220991 1.1700000911951065 433 3 7 1 0 4 6 4 2 3 0 1 3 4 2 0 1 2 0 0 0 0 2 0 0 0 1 0 0 0 1 0 4 0 0 0 0 0 438.88000267744064 1378.7499969303608 143.01999869942665 0 392.58999985456467 1235.7299982309341 966.4399974346161 269.29000079631805 228.48999792337418 0 164.1000019311905 412.3099994957447 966.4399974346161 274.78000074625015 0 143.01999869942665 269.29000079631805 0 0 0 0 269.29000079631805 0 0 0 164.1000019311905 0 0 0 143.01999869942665 0 966.4399974346161 0 0 0 0 0 316.8999978899956 1557.5300012528896 2046.1199975311756 2.00000024959445 -5.209999967366457 2.6300001442432404 4.040000285953283 -3.979999963194132 3.4400001764297485 433 4 9 1 0 6 8 6 2 4 0 2 3 6 2 0 1 2 0 0 0 0 2 0 0 0 2 0 0 0 1 0 6 0 0 0 0 0 608.8000038862228 1800.0399937778711 143.01999869942665 0 625.9500008821487 1657.0199950784445 1387.7299942821264 269.29000079631805 291.92999774217606 0 334.0200031399727 412.3099994957447 1387.7299942821264 274.78000074625015 0 143.01999869942665 269.29000079631805 0 0 0 0 269.29000079631805 0 0 0 334.0200031399727 0 0 0 143.01999869942665 0 1387.7299942821264 0 0 0 0 0 410.90999661386013 2076.7599998116493 2700.76999540627 4.000000312924385 -6.899999961256981 4.720000177621841 5.910000368952751 -5.889999940991402 5.620000213384628 433 5 11 1 0 9 10 6 4 6 1 2 5 6 2 0 1 4 0 0 0 0 4 0 0 0 2 0 0 0 1 0 6 0 0 1 0 0 761.3800045847893 2046.1599911600351 143.01999869942665 0 937.8800043463707 1903.1399924606085 1387.7299942821264 515.409998178482 451.2800005078316 152.58000069856644 334.0200031399727 658.4299968779087 1387.7299942821264 274.78000074625015 0 143.01999869942665 515.409998178482 0 0 0 0 515.409998178482 0 0 0 334.0200031399727 0 0 0 143.01999869942665 0 1387.7299942821264 0 0 152.58000069856644 0 0 549.3799984902143 2404.289998590946 3258.819996252656 2.0000004172325134 -9.079999953508377 2.9000002443790436 4.260000474750996 -7.80999993532896 3.890000283718109
434 1 0 0 0 0 0 0 0 0 0 0 0 0 1 0 0 0 0 0 0 0 0 0 0 0 0 0 0 0 0 0 0 0 0 0 0 0 150.0700011253357 0 0 0 0 0 0 0 0 0 0 0 0 150.0700011253357 0 0 0 0 0 0 0 0 0 0 0 0 0 0 0 0 0 0 0 0 0 0 0 28.300000190734863 112.0700011253357 150.0700011253357 1.862645149230957e-8 -0.26999999210238457 0.18000000715255737 0.27000001072883606 0.0 0.18000000715255737 434 1 2 0 0 3 2 1 1 3 0 0 1 1 1 0 0 1 0 0 0 0 1 0 0 0 0 0 0 0 0 0 1 0 0 0 0 0 150.0700011253357 390.3700009137392 0 0 228.48999792337418 390.3700009137392 250.25999994575977 140.11000096797943 228.48999792337418 0 0 140.11000096797943 250.25999994575977 150.0700011253357 0 0 140.11000096797943 0 0 0 0 140.11000096797943 0 0 0 0 0 0 0 0 0 250.25999994575977 0 0 0 0 0 191.41999985277653 479.6500016450882 768.9299999624491 1.1175870895385742e-7 -2.539999984204769 0.450000062584877 0.5200001262128353 -2.3799999840557575 0.8100000768899918 434 2 3 1 0 3 2 1 1 3 0 0 2 1 2 0 1 1 0 0 0 0 1 0 0 0 0 0 0 0 1 0 1 0 0 0 0 0 274.78000074625015 533.3899996131659 143.01999869942665 0 228.48999792337418 390.3700009137392 250.25999994575977 140.11000096797943 228.48999792337418 0 0 283.1299996674061 250.25999994575977 274.78000074625015 0 143.01999869942665 140.11000096797943 0 0 0 0 140.11000096797943 0 0 0 0 0 0 0 143.01999869942665 0 250.25999994575977 0 0 0 0 0 225.54999922215939 695.4500004053116 1036.6599982827902 1.3783574104309082e-7 -3.2099999748170376 0.6300000697374344 0.6800001598894596 -3.069999974220991 1.1700000911951065 434 3 6 1 0 5 5 4 1 4 0 1 2 4 2 0 1 1 0 0 0 0 1 0 0 0 1 0 0 0 1 0 4 0 0 0 0 0 438.88000267744064 1249.5699971020222 143.01999869942665 0 456.02999967336655 1106.5499984025955 966.4399974346161 140.11000096797943 291.92999774217606 0 164.1000019311905 283.1299996674061 966.4399974346161 274.78000074625015 0 143.01999869942665 140.11000096797943 0 0 0 0 140.11000096797943 0 0 0 164.1000019311905 0 0 0 143.01999869942665 0 966.4399974346161 0 0 0 0 0 334.7599977850914 1471.6200014054775 1980.3799975216389 3.000000223517418 -5.299999967217445 3.7200001180171967 4.640000261366367 -4.469999961555004 4.530000150203705 434 5 8 1 0 7 7 5 2 4 1 2 3 5 2 0 1 2 0 0 0 0 2 0 0 0 2 0 0 0 1 0 5 0 0 1 0 0 761.3800045847893 1569.0299956947565 143.01999869942665 0 778.5300015807152 1426.0099969953299 1156.7199961990118 269.29000079631805 291.92999774217606 152.58000069856644 334.0200031399727 412.3099994957447 1156.7199961990118 274.78000074625015 0 143.01999869942665 269.29000079631805 0 0 0 0 269.29000079631805 0 0 0 334.0200031399727 0 0 0 143.01999869942665 0 1156.7199961990118 0 0 152.58000069856644 0 0 423.6599976718426 1978.060001656413 2622.339998021722 3.000000298023224 -6.899999961256981 3.7200001627206802 4.970000348985195 -5.919999949634075 4.710000202059746 434 5 11 1 0 10 10 6 4 7 1 2 5 6 2 0 1 4 0 0 0 0 4 0 0 0 2 0 0 0 1 0 6 0 0 1 0 0 761.3800045847893 2046.1599911600351 143.01999869942665 0 1004.5800028443336 1903.1399924606085 1387.7299942821264 515.409998178482 517.9799990057945 152.58000069856644 334.0200031399727 658.4299968779087 1387.7299942821264 274.78000074625015 0 143.01999869942665 515.409998178482 0 0 0 0 515.409998178482 0 0 0 334.0200031399727 0 0 0 143.01999869942665 0 1387.7299942821264 0 0 152.58000069856644 0 0 574.2399977892637 2414.8599982857704 3325.519994750619 2.0000004284083843 -9.56999995186925 2.9900002479553223 4.2600004859268665 -8.299999933689833 3.980000287294388
435 0 0 0 0 1 0 0 0 1 0 0 0 0 0 0 0 0 0 0 0 0 0 0 0 0 0 0 0 0 0 0 0 0 0 0 0 0 0 0 0 0 86.41999864578247 0 0 0 86.41999864578247 0 0 0 0 0 0 0 0 0 0 0 0 0 0 0 0 0 0 0 0 0 0 0 0 0 0 0 0 42.69999933242798 16.649999618530273 86.41999864578247 1.1175870895385742e-8 -0.48999999836087227 0.09000000357627869 1.1175870895385742e-8 -0.48999999836087227 0.09000000357627869 435 2 0 0 0 3 0 0 0 3 0 0 0 0 2 0 0 0 0 0 0 0 0 0 0 0 0 0 0 0 0 0 0 0 0 0 0 0 274.78000074625015 0 0 0 228.48999792337418 0 0 0 228.48999792337418 0 0 0 0 274.78000074625015 0 0 0 0 0 0 0 0 0 0 0 0 0 0 0 0 0 0 0 0 0 0 0 156.19999873638153 267.1600012779236 503.26999866962433 7.078051567077637e-8 -2.009999979287386 0.6300000250339508 0.2500000633299351 -1.7599999867379665 0.6300000250339508 435 2 3 0 0 3 3 2 1 3 0 0 1 2 2 0 0 1 0 0 0 0 1 0 0 0 0 0 0 0 0 0 2 0 0 0 0 0 274.78000074625015 647.9799993336201 0 0 228.48999792337418 647.9799993336201 507.86999836564064 140.11000096797943 228.48999792337418 0 0 140.11000096797943 507.86999836564064 274.78000074625015 0 0 140.11000096797943 0 0 0 0 140.11000096797943 0 0 0 0 0 0 0 0 0 507.86999836564064 0 0 0 0 0 229.4199996292591 798.6399999856949 1151.2499980032444 1.0000001527369022 -3.2099999748170376 1.6300000846385956 1.6800001747906208 -3.069999974220991 2.1700001060962677 435 3 4 1 0 5 3 2 1 4 0 1 2 2 2 0 1 1 0 0 0 0 1 0 0 0 1 0 0 0 1 0 2 0 0 0 0 0 444.70000195503235 790.9999980330467 143.01999869942665 0 461.84999895095825 647.9799993336201 507.86999836564064 140.11000096797943 291.92999774217606 0 169.9200012087822 283.1299996674061 507.86999836564064 274.78000074625015 0 143.01999869942665 140.11000096797943 0 0 0 0 140.11000096797943 0 0 0 169.9200012087822 0 0 0 143.01999869942665 0 507.86999836564064 0 0 0 0 0 306.2099988460541 1054.659999847412 1527.6299977302551 1.0000001788139343 -4.499999970197678 1.7200000882148743 1.370000220835209 -4.939999960362911 2.5300001204013824 435 5 6 1 0 8 5 4 1 5 1 2 2 4 2 0 1 1 0 0 0 0 1 0 0 0 2 0 0 0 1 0 4 0 0 1 0 0 761.3800045847893 1249.5699971020222 143.01999869942665 0 850.800002515316 1106.5499984025955 966.4399974346161 140.11000096797943 364.1999986767769 152.58000069856644 334.0200031399727 283.1299996674061 966.4399974346161 274.78000074625015 0 143.01999869942665 140.11000096797943 0 0 0 0 140.11000096797943 0 0 0 334.0200031399727 0 0 0 143.01999869942665 0 966.4399974346161 0 0 152.58000069856644 0 0 423.0099990963936 1718.650002449751 2375.1500003635883 3.00000024959445 -6.589999962598085 3.8100001215934753 4.1700003035366535 -6.409999947994947 4.800000160932541 435 5 8 1 0 10 7 5 2 7 1 2 3 5 2 0 1 2 0 0 0 0 2 0 0 0 2 0 0 0 1 0 5 0 0 1 0 0 761.3800045847893 1569.0299956947565 143.01999869942665 0 1004.5800028443336 1426.0099969953299 1156.7199961990118 269.29000079631805 517.9799990057945 152.58000069856644 334.0200031399727 412.3099994957447 1156.7199961990118 274.78000074625015 0 143.01999869942665 269.29000079631805 0 0 0 0 269.29000079631805 0 0 0 334.0200031399727 0 0 0 143.01999869942665 0 1156.7199961990118 0 0 152.58000069856644 0 0 525.0699985921383 2013.2400019615889 2848.3899992853403 3.0000003315508366 -8.369999956339598 3.9900001734495163 4.970000382512808 -7.389999944716692 4.980000212788582
436 0 0 0 0 1 0 0 0 1 0 0 0 0 0 0 0 0 0 0 0 0 0 0 0 0 0 0 0 0 0 0 0 0 0 0 0 0 0 0 0 0 77.21999883651733 0 0 0 77.21999883651733 0 0 0 0 0 0 0 0 0 0 0 0 0 0 0 0 0 0 0 0 0 0 0 0 0 0 0 0 44.06999921798706 12.880000114440918 77.21999883651733 1.1175870895385742e-8 -0.48999999836087227 0.09000000357627869 1.1175870895385742e-8 -0.48999999836087227 0.09000000357627869 436 2 1 0 0 2 1 1 0 2 0 0 0 1 2 0 0 0 0 0 0 0 0 0 0 0 0 0 0 0 0 0 1 0 0 0 0 0 274.78000074625015 257.60999841988087 0 0 163.6399974822998 257.60999841988087 257.60999841988087 0 163.6399974822998 0 0 0 257.60999841988087 274.78000074625015 0 0 0 0 0 0 0 0 0 0 0 0 0 0 0 0 0 257.60999841988087 0 0 0 0 0 153.06999851763248 460.5899991989136 696.0299966484308 1.0000000819563866 -1.9199999794363976 1.5400000363588333 1.4300000816583633 -1.6699999868869781 1.7200000435113907 436 3 1 0 0 5 1 1 0 4 0 1 0 1 2 0 0 0 0 0 0 0 0 0 0 0 1 0 0 0 0 0 1 0 0 0 0 0 444.70000195503235 257.60999841988087 0 0 461.84999895095825 257.60999841988087 257.60999841988087 0 291.92999774217606 0 169.9200012087822 0 257.60999841988087 274.78000074625015 0 0 0 0 0 0 0 0 0 0 0 169.9200012087822 0 0 0 0 0 257.60999841988087 0 0 0 0 0 236.85999836027622 626.3700007200241 994.2399981170893 1.000000111758709 -3.299999974668026 1.7200000435113907 0.9400001242756844 -3.6299999728798866 1.9900000542402267 436 4 3 0 0 6 3 2 1 4 1 1 1 2 2 0 0 1 0 0 0 0 1 0 0 0 1 0 0 0 0 0 2 0 0 1 0 0 597.2800026535988 647.9799993336201 0 0 614.4299996495247 647.9799993336201 507.86999836564064 140.11000096797943 291.92999774217606 152.58000069856644 169.9200012087822 140.11000096797943 507.86999836564064 274.78000074625015 0 0 140.11000096797943 0 0 0 0 140.11000096797943 0 0 0 169.9200012087822 0 0 0 0 0 507.86999836564064 0 0 152.58000069856644 0 0 316.51999965310097 1054.060001373291 1537.189999729395 1.0000001788139343 -4.499999970197678 1.7200000882148743 1.210000216960907 -5.0099999606609344 2.4400001168251038 436 4 5 1 0 8 4 3 1 6 1 1 2 3 2 0 1 1 0 0 0 0 1 0 0 0 1 0 0 0 1 0 3 0 0 1 0 0 597.2800026535988 1017.4199990034103 143.01999869942665 0 773.7800024151802 874.4000003039837 734.2899993360043 140.11000096797943 451.2800005078316 152.58000069856644 169.9200012087822 283.1299996674061 734.2899993360043 274.78000074625015 0 143.01999869942665 140.11000096797943 0 0 0 0 140.11000096797943 0 0 0 169.9200012087822 0 0 0 143.01999869942665 0 734.2899993360043 0 0 152.58000069856644 0 0 431.49000054597855 1389.2800024151802 2065.9800021648407 2.0000002309679985 -6.27999996393919 2.900000110268593 2.7900002747774124 -6.389999955892563 3.8000001460313797 436 6 7 1 0 10 6 4 2 7 1 2 4 4 2 0 1 2 1 0 0 0 2 0 0 0 2 0 0 1 1 0 4 0 0 1 0 0 944.6100041568279 1378.7499969303608 143.01999869942665 0 1004.5800028443336 1235.7299982309341 966.4399974346161 269.29000079631805 517.9799990057945 152.58000069856644 334.0200031399727 595.5399990677834 966.4399974346161 274.78000074625015 0 143.01999869942665 269.29000079631805 183.22999957203865 0 0 0 269.29000079631805 0 0 0 334.0200031399727 0 0 183.22999957203865 143.01999869942665 0 966.4399974346161 0 0 152.58000069856644 0 0 538.8799982964993 1977.0400031507015 2841.3400000929832 2.0000003315508366 -8.369999956339598 2.9900001734495163 3.890000391751528 -7.789999943226576 4.300000220537186
437 1 0 0 0 0 0 0 0 0 0 0 0 0 1 0 0 0 0 0 0 0 0 0 0 0 0 0 0 0 0 0 0 0 0 0 0 0 124.70999962091446 0 0 0 0 0 0 0 0 0 0 0 0 124.70999962091446 0 0 0 0 0 0 0 0 0 0 0 0 0 0 0 0 0 0 0 0 0 0 0 10.589999735355377 106.44999980926514 124.70999962091446 1.862645149230957e-8 -0.26999999210238457 0.18000000715255737 -0.019999980926513672 -0.28999999165534973 0.18000000715255737 437 1 1 0 0 3 1 1 0 3 0 0 0 1 1 0 0 0 0 0 0 0 0 0 0 0 0 0 0 0 0 0 1 0 0 0 0 0 124.70999962091446 257.60999841988087 0 0 227.07999730110168 257.60999841988087 257.60999841988087 0 227.07999730110168 0 0 0 257.60999841988087 124.70999962091446 0 0 0 0 0 0 0 0 0 0 0 0 0 0 0 0 0 257.60999841988087 0 0 0 0 0 159.83999778330326 364.1499981880188 609.399995341897 1.000000074505806 -2.1399999856948853 1.4500000327825546 1.1600000821053982 -2.1599999852478504 1.630000039935112 437 3 1 0 0 5 1 1 0 4 0 1 0 1 2 0 0 0 0 0 0 0 0 0 0 0 1 0 0 0 0 0 1 0 0 0 0 0 444.70000195503235 257.60999841988087 0 0 461.84999895095825 257.60999841988087 257.60999841988087 0 291.92999774217606 0 169.9200012087822 0 257.60999841988087 274.78000074625015 0 0 0 0 0 0 0 0 0 0 0 169.9200012087822 0 0 0 0 0 257.60999841988087 0 0 0 0 0 236.85999836027622 626.3700007200241 994.2399981170893 1.000000111758709 -3.299999974668026 1.7200000435113907 0.9400001242756844 -3.6299999728798866 1.9900000542402267 437 4 2 0 0 7 2 2 0 5 1 1 0 2 2 0 0 0 0 0 0 0 0 0 0 0 1 0 0 0 0 0 2 0 0 1 0 0 597.2800026535988 507.86999836564064 0 0 686.7000005841255 507.86999836564064 507.86999836564064 0 364.1999986767769 152.58000069856644 169.9200012087822 0 507.86999836564064 274.78000074625015 0 0 0 0 0 0 0 0 0 0 0 169.9200012087822 0 0 0 0 0 507.86999836564064 0 0 152.58000069856644 0 0 329.0200002491474 957.2100005149841 1469.3499996960163 2.0000001527369022 -4.589999970048666 2.8100000619888306 1.810000192373991 -5.499999959021807 3.53000009059906 437 4 4 1 0 9 3 2 1 7 1 1 2 2 2 0 1 1 0 0 0 0 1 0 0 0 1 0 0 0 1 0 2 0 0 1 0 0 597.2800026535988 790.9999980330467 143.01999869942665 0 840.4800009131432 647.9799993336201 507.86999836564064 140.11000096797943 517.9799990057945 152.58000069856644 169.9200012087822 283.1299996674061 507.86999836564064 274.78000074625015 0 143.01999869942665 140.11000096797943 0 0 0 0 140.11000096797943 0 0 0 169.9200012087822 0 0 0 143.01999869942665 0 507.86999836564064 0 0 152.58000069856644 0 0 441.47000020742416 1198.590000629425 1906.25999969244 1.0000002197921276 -6.369999963790178 1.9900000989437103 1.3900002650916576 -6.879999954253435 2.890000134706497 437 7 6 1 0 10 5 4 1 7 1 2 4 4 2 0 1 1 2 0 0 0 1 0 0 0 2 0 0 2 1 0 4 0 0 1 0 0 1090.6400068998337 1249.5699971020222 143.01999869942665 0 1004.5800028443336 1106.5499984025955 966.4399974346161 140.11000096797943 517.9799990057945 152.58000069856644 334.0200031399727 612.3900019824505 966.4399974346161 274.78000074625015 0 143.01999869942665 140.11000096797943 329.2600023150444 0 0 0 140.11000096797943 0 0 0 334.0200031399727 0 0 329.2600023150444 143.01999869942665 0 966.4399974346161 0 0 152.58000069856644 0 0 547.1799994409084 1974.160005569458 2858.1900030076504 3.0000003166496754 -8.369999956339598 3.990000158548355 4.600000385195017 -8.259999942034483 5.480000212788582
438 0 1 0 0 0 1 1 0 0 0 0 0 1 0 0 0 0 0 0 0 0 0 0 0 0 0 0 0 0 0 0 1 0 0 0 0 0 0 257.60999841988087 0 0 0 257.60999841988087 257.60999841988087 0 0 0 0 0 257.60999841988087 0 0 0 0 0 0 0 0 0 0 0 0 0 0 0 0 0 0 257.60999841988087 0 0 0 0 0 27.410000041127205 212.53999853134155 257.60999841988087 1.0000000223517418 -0.3999999985098839 1.0000000149011612 1.1800000295042992 -0.3999999985098839 1.1800000220537186 438 2 1 0 0 3 1 1 0 2 0 1 0 1 1 0 0 0 0 0 0 0 0 0 0 0 1 0 0 0 0 0 1 0 0 0 0 0 294.63000082969666 257.60999841988087 0 0 310.5799998641014 257.60999841988087 257.60999841988087 0 140.6599986553192 0 169.9200012087822 0 257.60999841988087 124.70999962091446 0 0 0 0 0 0 0 0 0 0 0 169.9200012087822 0 0 0 0 0 257.60999841988087 0 0 0 0 0 135.31999857723713 478.5399993658066 692.8999979048967 1.0000000707805157 -2.049999985843897 1.360000029206276 0.6700000911951065 -2.649999976158142 1.630000039935112 438 3 1 0 0 5 1 1 0 3 1 1 0 1 1 0 0 0 0 0 0 0 0 0 0 0 1 0 0 0 0 0 1 0 0 1 0 0 447.2100015282631 257.60999841988087 0 0 549.5799992084503 257.60999841988087 257.60999841988087 0 227.07999730110168 152.58000069856644 169.9200012087822 0 257.60999841988087 124.70999962091446 0 0 0 0 0 0 0 0 0 0 0 169.9200012087822 0 0 0 0 0 257.60999841988087 0 0 152.58000069856644 0 0 211.86999835073948 603.939999461174 931.8999972492456 1.0000000894069672 -2.939999982714653 1.4500000327825546 0.6900001130998135 -3.6099999733269215 1.8100000470876694 438 4 1 0 0 8 1 1 0 6 1 1 0 1 2 0 0 0 0 0 0 0 0 0 0 0 1 0 0 0 0 0 1 0 0 1 0 0 597.2800026535988 257.60999841988087 0 0 773.7800024151802 257.60999841988087 257.60999841988087 0 451.2800005078316 152.58000069856644 169.9200012087822 0 257.60999841988087 274.78000074625015 0 0 0 0 0 0 0 0 0 0 0 169.9200012087822 0 0 0 0 0 257.60999841988087 0 0 152.58000069856644 0 0 347.26000042259693 759.7300018072128 1306.1700015813112 1.0000001415610313 -4.679999969899654 1.900000050663948 0.9600001573562622 -5.079999968409538 2.260000064969063 438 5 3 0 0 9 3 2 1 7 1 1 2 2 2 0 0 1 1 0 0 0 1 0 0 0 1 0 0 1 0 0 2 0 0 1 0 0 780.5100022256374 647.9799993336201 0 0 840.4800009131432 647.9799993336201 507.86999836564064 140.11000096797943 517.9799990057945 152.58000069856644 169.9200012087822 323.3400005400181 507.86999836564064 274.78000074625015 0 0 140.11000096797943 183.22999957203865 0 0 0 140.11000096797943 0 0 0 169.9200012087822 0 0 183.22999957203865 0 0 507.86999836564064 0 0 152.58000069856644 0 0 451.4000000357628 1218.1500018835068 1946.470000565052 1.0000002346932888 -6.369999963790178 1.9900001138448715 1.5300002805888653 -6.879999954253435 3.030000150203705 438 6 5 1 0 9 4 3 1 7 1 1 4 3 2 0 1 1 2 0 0 0 1 0 0 0 1 0 0 2 1 0 3 0 0 1 0 0 926.5400049686432 1017.4199990034103 143.01999869942665 0 840.4800009131432 874.4000003039837 734.2899993360043 140.11000096797943 517.9799990057945 152.58000069856644 169.9200012087822 612.3900019824505 734.2899993360043 274.78000074625015 0 143.01999869942665 140.11000096797943 329.2600023150444 0 0 0 140.11000096797943 0 0 0 169.9200012087822 0 0 329.2600023150444 143.01999869942665 0 734.2899993360043 0 0 152.58000069856644 0 0 515.330000013113 1627.420004695654 2461.940002977848 2.000000286847353 -7.56999995931983 2.990000143647194 3.220000345259905 -7.749999951571226 4.390000194311142
439 0 0 0 0 1 0 0 0 1 0 0 0 0 0 0 0 0 0 0 0 0 0 0 0 0 0 0 0 0 0 0 0 0 0 0 0 0 0 0 0 0 63.43999981880188 0 0 0 63.43999981880188 0 0 0 0 0 0 0 0 0 0 0 0 0 0 0 0 0 0 0 0 0 0 0 0 0 0 0 0 35.06999945640564 15.630000114440918 63.43999981880188 1.1175870895385742e-8 -0.48999999836087227 0.09000000357627869 1.1175870895385742e-8 -0.48999999836087227 0.09000000357627869 439 3 1 0 0 3 1 1 0 1 1 1 0 1 1 0 0 0 0 0 0 0 0 0 0 0 1 0 0 0 0 0 1 0 0 1 0 0 447.2100015282631 257.60999841988087 0 0 385.9400017261505 257.60999841988087 257.60999841988087 0 63.43999981880188 152.58000069856644 169.9200012087822 0 257.60999841988087 124.70999962091446 0 0 0 0 0 0 0 0 0 0 0 169.9200012087822 0 0 0 0 0 257.60999841988087 0 0 152.58000069856644 0 0 125.09999980032444 574.4099997282028 768.2599997669458 1.0000000670552254 -1.9599999859929085 1.2700000256299973 0.6900000907480717 -2.629999976605177 1.630000039935112 439 3 1 0 0 5 1 1 0 3 1 1 0 1 1 0 0 0 0 0 0 0 0 0 0 0 1 0 0 0 0 0 1 0 0 1 0 0 447.2100015282631 257.60999841988087 0 0 535.4300014972687 257.60999841988087 257.60999841988087 0 212.92999958992004 152.58000069856644 169.9200012087822 0 257.60999841988087 124.70999962091446 0 0 0 0 0 0 0 0 0 0 0 169.9200012087822 0 0 0 0 0 257.60999841988087 0 0 152.58000069856644 0 0 205.38999976217747 594.5299996137619 917.749999538064 1.0000000894069672 -2.939999982714653 1.4500000327825546 0.6900001130998135 -3.6099999733269215 1.8100000470876694 439 4 1 0 0 8 1 1 0 6 1 1 0 1 2 0 0 0 0 0 0 0 0 0 0 0 1 0 0 0 0 0 1 0 0 1 0 0 597.2800026535988 257.60999841988087 0 0 775.6300004720688 257.60999841988087 257.60999841988087 0 453.12999856472015 152.58000069856644 169.9200012087822 0 257.60999841988087 274.78000074625015 0 0 0 0 0 0 0 0 0 0 0 169.9200012087822 0 0 0 0 0 257.60999841988087 0 0 152.58000069856644 0 0 341.57999946177006 751.1900008916855 1308.0199996381998 1.0000001415610313 -4.679999969899654 1.900000050663948 0.9600001573562622 -5.079999968409538 2.260000064969063 439 6 2 0 0 9 2 2 0 7 1 1 2 2 2 0 0 0 2 0 0 0 0 0 0 0 1 0 0 2 0 0 2 0 0 1 0 0 926.5400049686432 507.86999836564064 0 0 840.4800009131432 507.86999836564064 507.86999836564064 0 517.9799990057945 152.58000069856644 169.9200012087822 329.2600023150444 507.86999836564064 274.78000074625015 0 0 0 329.2600023150444 0 0 0 0 0 0 0 169.9200012087822 0 0 329.2600023150444 0 0 507.86999836564064 0 0 152.58000069856644 0 0 453.19000059366226 1212.7200036346912 1952.3900023400784 2.0000002197921276 -6.369999963790178 2.9900000989437103 2.2400002740323544 -7.349999953061342 4.210000142455101 439 6 6 1 0 9 5 3 2 7 1 1 5 3 2 0 1 2 2 0 0 0 2 0 0 0 1 0 0 2 1 0 3 0 0 1 0 0 926.5400049686432 1118.930003285408 143.01999869942665 0 840.4800009131432 975.9100045859814 713.3500007539988 262.5600038319826 517.9799990057945 152.58000069856644 169.9200012087822 734.8400048464537 713.3500007539988 274.78000074625015 0 143.01999869942665 262.5600038319826 329.2600023150444 0 0 0 262.5600038319826 0 0 0 169.9200012087822 0 0 329.2600023150444 143.01999869942665 0 713.3500007539988 0 0 152.58000069856644 0 0 552.3400009125471 1655.8700075298548 2563.4500072598457 1.000000324100256 -7.969999957829714 1.9900001734495163 1.9300003908574581 -8.619999948889017 3.5700002312660217
440 1 0 0 0 1 0 0 0 0 0 1 0 0 0 0 0 0 0 0 0 0 0 0 0 0 1 0 0 0 0 0 0 0 0 0 0 0 169.9200012087822 0 0 0 169.9200012087822 0 0 0 0 0 169.9200012087822 0 0 0 0 0 0 0 0 0 0 0 0 0 0 169.9200012087822 0 0 0 0 0 0 0 0 0 0 0 18.180000126361847 131.04000079631805 169.9200012087822 7.450580596923828e-9 -0.3999999985098839 0.0 -0.4899999797344208 -0.9799999892711639 0.09000000357627869 440 2 1 0 0 4 1 1 0 2 1 1 0 1 0 0 0 0 0 0 0 0 0 0 0 0 1 0 0 0 0 0 1 0 0 1 0 0 322.50000190734863 257.60999841988087 0 0 458.21000266075134 257.60999841988087 257.60999841988087 0 135.7100007534027 152.58000069856644 169.9200012087822 0 257.60999841988087 0 0 0 0 0 0 0 0 0 0 0 0 169.9200012087822 0 0 0 0 0 257.60999841988087 0 0 152.58000069856644 0 0 150.73000080883503 475.19999969005585 715.8200010806322 1.0000000596046448 -2.179999992251396 1.1800000220537186 0.7100000828504562 -2.8299999833106995 1.5400000363588333 440 3 1 0 0 6 1 1 0 4 1 1 0 1 1 0 0 0 0 0 0 0 0 0 0 0 1 0 0 0 0 0 1 0 0 1 0 0 447.2100015282631 257.60999841988087 0 0 622.5100033283234 257.60999841988087 257.60999841988087 0 300.01000142097473 152.58000069856644 169.9200012087822 0 257.60999841988087 124.70999962091446 0 0 0 0 0 0 0 0 0 0 0 169.9200012087822 0 0 0 0 0 257.60999841988087 0 0 152.58000069856644 0 0 245.72000063955784 611.9000004529953 1004.8300013691187 1.000000100582838 -3.4299999810755253 1.5400000363588333 0.6900001242756844 -4.099999971687794 1.900000050663948 440 4 1 0 0 8 1 1 0 6 1 1 1 1 1 0 0 0 1 0 0 0 0 0 0 0 1 0 0 1 0 0 1 0 0 1 0 0 630.4400011003017 257.60999841988087 0 0 775.6300004720688 257.60999841988087 257.60999841988087 0 453.12999856472015 152.58000069856644 169.9200012087822 183.22999957203865 257.60999841988087 124.70999962091446 0 0 0 183.22999957203865 0 0 0 0 0 0 0 169.9200012087822 0 0 183.22999957203865 0 0 257.60999841988087 0 0 152.58000069856644 0 0 346.7499987334013 768.0299999713898 1341.1799980849028 1.0000001452863216 -4.809999976307154 1.7200000584125519 1.0100001767277718 -5.479999966919422 2.4000000804662704 440 6 2 0 0 9 2 2 0 7 1 1 2 2 2 0 0 0 2 0 0 0 0 0 0 0 1 0 0 2 0 0 2 0 0 1 0 0 926.5400049686432 507.86999836564064 0 0 840.4800009131432 507.86999836564064 507.86999836564064 0 517.9799990057945 152.58000069856644 169.9200012087822 329.2600023150444 507.86999836564064 274.78000074625015 0 0 0 329.2600023150444 0 0 0 0 0 0 0 169.9200012087822 0 0 329.2600023150444 0 0 507.86999836564064 0 0 152.58000069856644 0 0 453.19000059366226 1212.7200036346912 1952.3900023400784 2.0000002197921276 -6.369999963790178 2.9900000989437103 2.2400002740323544 -7.349999953061342 4.210000142455101 440 6 5 0 0 9 5 3 2 7 1 1 4 3 2 0 0 2 2 0 0 0 2 0 0 0 1 0 0 2 0 0 3 0 0 1 0 0 926.5400049686432 975.9100045859814 0 0 840.4800009131432 975.9100045859814 713.3500007539988 262.5600038319826 517.9799990057945 152.58000069856644 169.9200012087822 591.820006147027 713.3500007539988 274.78000074625015 0 0 262.5600038319826 329.2600023150444 0 0 0 262.5600038319826 0 0 0 169.9200012087822 0 0 329.2600023150444 0 0 713.3500007539988 0 0 152.58000069856644 0 0 528.8000012785196 1546.5200085788965 2420.430008560419 1.0000003166496754 -7.56999995931983 1.9900001734495163 1.7500003762543201 -8.219999950379133 3.3900002241134644
441 1 0 0 0 1 0 0 0 0 1 0 0 0 0 0 0 0 0 0 0 0 0 0 0 0 0 0 0 0 0 0 0 0 0 1 0 0 152.58000069856644 0 0 0 152.58000069856644 0 0 0 0 152.58000069856644 0 0 0 0 0 0 0 0 0 0 0 0 0 0 0 0 0 0 0 0 0 0 0 0 152.58000069856644 0 0 33.85000044107437 108.75000047683716 152.58000069856644 7.450580596923828e-9 -0.3999999985098839 0.0 0.02000001072883606 -0.4699999988079071 0.09000000357627869 441 2 0 0 0 5 0 0 0 3 1 1 0 0 0 0 0 0 0 0 0 0 0 0 0 0 1 0 0 0 0 0 0 0 0 1 0 0 322.50000190734863 0 0 0 545.290004491806 0 0 0 222.7900025844574 152.58000069856644 169.9200012087822 0 0 0 0 0 0 0 0 0 0 0 0 0 0 169.9200012087822 0 0 0 0 0 0 0 0 152.58000069856644 0 0 163.6500016450882 280.0300019979477 545.290004491806 4.842877388000488e-8 -2.2699999921023846 0.27000001072883606 -0.46999993547797203 -2.919999983161688 0.45000001788139343 441 2 1 0 0 6 1 1 0 4 1 1 0 1 0 0 0 0 0 0 0 0 0 0 0 0 1 0 0 0 0 0 1 0 0 1 0 0 322.50000190734863 257.60999841988087 0 0 611.990002989769 257.60999841988087 257.60999841988087 0 289.49000108242035 152.58000069856644 169.9200012087822 0 257.60999841988087 0 0 0 0 0 0 0 0 0 0 0 0 169.9200012087822 0 0 0 0 0 257.60999841988087 0 0 152.58000069856644 0 0 215.92000098526478 503.14000022411346 869.6000014096498 1.0000000819563866 -3.1599999889731407 1.360000029206276 0.710000105202198 -3.809999980032444 1.7200000435113907 441 5 1 0 0 7 1 1 0 5 1 1 2 1 1 0 0 0 2 0 0 0 0 0 0 0 1 0 0 2 0 0 1 0 0 1 0 0 776.4700038433075 257.60999841988087 0 0 689.2100018262863 257.60999841988087 257.60999841988087 0 366.7099999189377 152.58000069856644 169.9200012087822 329.2600023150444 257.60999841988087 124.70999962091446 0 0 0 329.2600023150444 0 0 0 0 0 0 0 169.9200012087822 0 0 329.2600023150444 0 0 257.60999841988087 0 0 152.58000069856644 0 0 329.5600001066923 850.040002733469 1400.790002182126 1.0000001564621925 -4.719999976456165 1.6300000697374344 1.1200001947581768 -5.459999967366457 2.4900000989437103 441 6 2 0 0 8 2 2 0 6 1 1 2 2 2 0 0 0 2 0 0 0 0 0 0 0 1 0 0 2 0 0 2 0 0 1 0 0 926.5400049686432 463.090000808239 0 0 775.6300004720688 463.090000808239 463.090000808239 0 453.12999856472015 152.58000069856644 169.9200012087822 329.2600023150444 463.090000808239 274.78000074625015 0 0 0 329.2600023150444 0 0 0 0 0 0 0 169.9200012087822 0 0 329.2600023150444 0 0 463.090000808239 0 0 152.58000069856644 0 0 429.30999962985516 1135.8000058084726 1842.7600043416023 2.0000002086162567 -5.879999965429306 2.9000000953674316 2.5000002458691597 -6.419999964535236 3.940000131726265 441 6 5 0 0 9 5 4 1 7 1 1 3 4 2 0 0 1 2 0 0 0 1 0 0 0 1 0 0 2 0 0 4 0 0 1 0 0 926.5400049686432 1057.0300039052963 0 0 840.4800009131432 1057.0300039052963 934.5800010412931 122.45000286400318 517.9799990057945 152.58000069856644 169.9200012087822 451.7100051790476 934.5800010412931 274.78000074625015 0 0 122.45000286400318 329.2600023150444 0 0 0 122.45000286400318 0 0 0 169.9200012087822 0 0 329.2600023150444 0 0 934.5800010412931 0 0 152.58000069856644 0 0 533.3600020557642 1611.7800074070692 2501.550007879734 3.000000301748514 -7.56999995931983 3.990000158548355 3.460000369697809 -8.68999994918704 5.5700002163648605
442 0 0 0 0 1 0 0 0 1 0 0 0 0 0 0 0 0 0 0 0 0 0 0 0 0 0 0 0 0 0 0 0 0 0 0 0 0 0 0 0 0 72.27000093460083 0 0 0 72.27000093460083 0 0 0 0 0 0 0 0 0 0 0 0 0 0 0 0 0 0 0 0 0 0 0 0 0 0 0 0 36.22000074386597 7.239999771118164 72.27000093460083 1.1175870895385742e-8 -0.48999999836087227 0.09000000357627869 1.1175870895385742e-8 -0.48999999836087227 0.09000000357627869 442 2 0 0 0 5 0 0 0 3 1 1 0 0 0 0 0 0 0 0 0 0 0 0 0 0 1 0 0 0 0 0 0 0 0 1 0 0 322.50000190734863 0 0 0 548.5500031709671 0 0 0 226.05000126361847 152.58000069856644 169.9200012087822 0 0 0 0 0 0 0 0 0 0 0 0 0 0 169.9200012087822 0 0 0 0 0 0 0 0 152.58000069856644 0 0 153.44000148773193 274.970001578331 548.5500031709671 4.842877388000488e-8 -2.2699999921023846 0.27000001072883606 -0.46999993547797203 -2.919999983161688 0.45000001788139343 442 3 0 0 0 6 0 0 0 4 1 1 1 0 0 0 0 0 1 0 0 0 0 0 0 0 1 0 0 1 0 0 0 0 0 1 0 0 505.7300014793873 0 0 0 611.990002989769 0 0 0 289.49000108242035 152.58000069856644 169.9200012087822 183.22999957203865 0 0 0 0 0 183.22999957203865 0 0 0 0 0 0 0 169.9200012087822 0 0 183.22999957203865 0 0 0 0 0 152.58000069856644 0 0 221.98000040650368 419.5100018978119 795.2200025618076 8.195638656616211e-8 -3.1599999889731407 0.36000002920627594 -0.14999989420175552 -3.809999980032444 0.8600000441074371 442 5 2 0 0 6 2 2 0 4 1 1 2 2 1 0 0 0 2 0 0 0 0 0 0 0 1 0 0 2 0 0 2 0 0 1 0 0 776.4700038433075 463.090000808239 0 0 611.990002989769 463.090000808239 463.090000808239 0 289.49000108242035 152.58000069856644 169.9200012087822 329.2600023150444 463.090000808239 124.70999962091446 0 0 0 329.2600023150444 0 0 0 0 0 0 0 169.9200012087822 0 0 329.2600023150444 0 0 463.090000808239 0 0 152.58000069856644 0 0 314.24000088870525 994.2000049501657 1529.0500057339668 2.0000001676380634 -4.629999976605177 2.540000081062317 2.230000212788582 -5.439999967813492 3.58000011742115 442 5 3 0 0 8 3 2 1 6 1 1 3 2 1 0 0 1 2 0 0 0 1 0 0 0 1 0 0 2 0 0 2 0 0 1 0 0 776.4700038433075 585.5400036722422 0 0 775.6300004720688 585.5400036722422 463.090000808239 122.45000286400318 453.12999856472015 152.58000069856644 169.9200012087822 451.7100051790476 463.090000808239 124.70999962091446 0 0 122.45000286400318 329.2600023150444 0 0 0 122.45000286400318 0 0 0 169.9200012087822 0 0 329.2600023150444 0 0 463.090000808239 0 0 152.58000069856644 0 0 424.14999997615814 1096.4000066667795 1815.1400060802698 1.0000002272427082 -6.009999971836805 1.7200001180171967 1.2300002723932266 -6.81999996304512 2.76000015437603 442 6 6 0 0 9 6 4 2 7 1 1 4 4 2 0 0 2 2 0 0 0 2 0 0 0 1 0 0 2 0 0 4 0 0 1 0 0 926.5400049686432 1171.0300042182207 0 0 840.4800009131432 1171.0300042182207 934.5800010412931 236.45000317692757 517.9799990057945 152.58000069856644 169.9200012087822 565.710005491972 934.5800010412931 274.78000074625015 0 0 236.45000317692757 329.2600023150444 0 0 0 236.45000317692757 0 0 0 169.9200012087822 0 0 329.2600023150444 0 0 934.5800010412931 0 0 152.58000069856644 0 0 560.4400027692318 1682.7700071781874 2615.5500081926584 2.000000339001417 -7.969999957829714 2.9900001883506775 2.460000406950712 -9.089999947696924 4.570000246167183
443 0 0 0 0 1 0 0 0 1 0 0 0 0 0 0 0 0 0 0 0 0 0 0 0 0 0 0 0 0 0 0 0 0 0 0 0 0 0 0 0 0 87.08000183105469 0 0 0 87.08000183105469 0 0 0 0 0 0 0 0 0 0 0 0 0 0 0 0 0 0 0 0 0 0 0 0 0 0 0 0 40.33000087738037 17.3700008392334 87.08000183105469 1.1175870895385742e-8 -0.48999999836087227 0.09000000357627869 1.1175870895385742e-8 -0.48999999836087227 0.09000000357627869 443 2 0 0 0 4 0 0 0 3 1 0 1 0 0 0 0 0 1 0 0 0 0 0 0 0 0 0 0 1 0 0 0 0 0 1 0 0 335.8100002706051 0 0 0 378.6300019621849 0 0 0 226.05000126361847 152.58000069856644 0 183.22999957203865 0 0 0 0 0 183.22999957203865 0 0 0 0 0 0 0 0 0 0 183.22999957203865 0 0 0 0 0 152.58000069856644 0 0 168.7300008237362 272.8400009870529 561.8600015342236 6.332993507385254e-8 -2.2699999921023846 0.27000002562999725 0.34000007435679436 -2.339999992400408 0.6800000369548798 443 4 0 0 0 5 0 0 0 3 1 1 2 0 0 0 0 0 2 0 0 0 0 0 0 0 1 0 0 2 0 0 0 0 0 1 0 0 651.760004222393 0 0 0 548.5500031709671 0 0 0 226.05000126361847 152.58000069856644 169.9200012087822 329.2600023150444 0 0 0 0 0 329.2600023150444 0 0 0 0 0 0 0 169.9200012087822 0 0 329.2600023150444 0 0 0 0 0 152.58000069856644 0 0 212.42000165581703 502.5400041639805 877.8100054860115 9.313225746154785e-8 -3.0699999891221523 0.27000004053115845 -0.03999987617135048 -3.789999980479479 0.950000062584877 443 4 3 0 0 6 3 2 1 4 1 1 3 2 0 0 0 1 2 0 0 0 1 0 0 0 1 0 0 2 0 0 2 0 0 1 0 0 651.760004222393 585.5400036722422 0 0 611.990002989769 585.5400036722422 463.090000808239 122.45000286400318 289.49000108242035 152.58000069856644 169.9200012087822 451.7100051790476 463.090000808239 0 0 0 122.45000286400318 329.2600023150444 0 0 0 122.45000286400318 0 0 0 169.9200012087822 0 0 329.2600023150444 0 0 463.090000808239 0 0 152.58000069856644 0 0 326.7900016903877 960.4200071245432 1526.7900089770555 1.000000186264515 -4.759999983012676 1.360000103712082 1.2500002309679985 -5.549999974668026 2.4000001400709152 443 5 4 0 0 7 4 3 1 5 1 1 3 3 1 0 0 1 2 0 0 0 1 0 0 0 1 0 0 2 0 0 3 0 0 1 0 0 776.4700038433075 806.7700039595366 0 0 689.2100018262863 806.7700039595366 684.3200010955334 122.45000286400318 366.7099999189377 152.58000069856644 169.9200012087822 451.7100051790476 684.3200010955334 124.70999962091446 0 0 122.45000286400318 329.2600023150444 0 0 0 122.45000286400318 0 0 0 169.9200012087822 0 0 329.2600023150444 0 0 684.3200010955334 0 0 152.58000069856644 0 0 409.73000156879425 1249.100006505847 1949.9500077217817 2.000000238418579 -5.919999971985817 2.630000129342079 2.3400002904236317 -6.799999963492155 3.85000017285347 443 6 6 0 0 10 6 4 2 8 1 1 4 4 2 0 0 2 2 0 0 0 2 0 0 0 1 0 0 2 0 0 4 0 0 1 0 0 926.5400049686432 1171.0300042182207 0 0 920.6299994587898 1171.0300042182207 934.5800010412931 236.45000317692757 598.1299975514412 152.58000069856644 169.9200012087822 565.710005491972 934.5800010412931 274.78000074625015 0 0 236.45000317692757 329.2600023150444 0 0 0 236.45000317692757 0 0 0 169.9200012087822 0 0 329.2600023150444 0 0 934.5800010412931 0 0 152.58000069856644 0 0 597.1500026881695 1703.9100065678358 2695.700006738305 2.000000350177288 -8.459999956190586 3.080000191926956 2.460000418126583 -9.579999946057796 4.660000249743462
444 0 0 0 0 1 0 0 0 1 0 0 0 0 0 0 0 0 0 0 0 0 0 0 0 0 0 0 0 0 0 0 0 0 0 0 0 0 0 0 0 0 66.69999849796295 0 0 0 66.69999849796295 0 0 0 0 0 0 0 0 0 0 0 0 0 0 0 0 0 0 0 0 0 0 0 0 0 0 0 0 24.859999299049377 10.569999694824219 66.69999849796295 1.1175870895385742e-8 -0.48999999836087227 0.09000000357627869 1.1175870895385742e-8 -0.48999999836087227 0.09000000357627869 444 2 0 0 0 3 0 0 0 3 0 0 2 0 0 0 0 0 2 0 0 0 0 0 0 0 0 0 0 2 0 0 0 0 0 0 0 0 329.2600023150444 0 0 0 226.05000126361847 0 0 0 226.05000126361847 0 0 329.2600023150444 0 0 0 0 0 329.2600023150444 0 0 0 0 0 0 0 0 0 0 329.2600023150444 0 0 0 0 0 0 0 0 160.3900010883808 262.7500028908253 555.3100035786629 7.82310962677002e-8 -2.2699999921023846 0.27000004053115845 0.43000009283423424 -2.339999992400408 0.7700000554323196 444 3 1 0 0 4 1 1 0 3 1 0 2 1 0 0 0 0 2 0 0 0 0 0 0 0 0 0 0 2 0 0 1 0 0 1 0 0 481.84000301361084 205.48000238835812 0 0 378.6300019621849 205.48000238835812 205.48000238835812 0 226.05000126361847 152.58000069856644 0 329.2600023150444 205.48000238835812 0 0 0 0 329.2600023150444 0 0 0 0 0 0 0 0 0 0 329.2600023150444 0 0 205.48000238835812 0 0 152.58000069856644 0 0 222.99000152945518 528.5400056988001 913.3700066655874 1.0000001080334187 -3.0699999891221523 1.2700000554323196 1.5600001327693462 -3.279999990016222 2.040000081062317 444 4 3 0 0 6 3 2 1 4 1 1 3 2 0 0 0 1 2 0 0 0 1 0 0 0 1 0 0 2 0 0 2 0 0 1 0 0 651.760004222393 549.1600055396557 0 0 611.990002989769 549.1600055396557 426.7100026756525 122.45000286400318 289.49000108242035 152.58000069856644 169.9200012087822 451.7100051790476 426.7100026756525 0 0 0 122.45000286400318 329.2600023150444 0 0 0 122.45000286400318 0 0 0 169.9200012087822 0 0 329.2600023150444 0 0 426.7100026756525 0 0 152.58000069856644 0 0 327.6600025743246 917.2300080507994 1490.410010844469 1.000000186264515 -4.759999983012676 1.360000103712082 1.1800002306699753 -5.619999974966049 2.4000001400709152 444 5 5 0 0 6 5 3 2 4 1 1 4 3 1 0 0 2 2 0 0 0 2 0 0 0 1 0 0 2 0 0 3 0 0 1 0 0 776.4700038433075 920.7700042724609 0 0 611.990002989769 920.7700042724609 684.3200010955334 236.45000317692757 289.49000108242035 152.58000069856644 169.9200012087822 565.710005491972 684.3200010955334 124.70999962091446 0 0 236.45000317692757 329.2600023150444 0 0 0 236.45000317692757 0 0 0 169.9200012087822 0 0 329.2600023150444 0 0 684.3200010955334 0 0 152.58000069856644 0 0 392.7400030642748 1307.2100061625242 1986.7300091981888 1.0000002644956112 -5.829999972134829 1.5400001555681229 1.3400003165006638 -6.709999963641167 2.7600001990795135 444 6 7 0 0 9 7 5 2 7 1 1 4 5 2 0 0 2 2 0 0 0 2 0 0 0 1 0 0 2 0 0 5 0 0 1 0 0 926.5400049686432 1428.2000038474798 0 0 855.7799990177155 1428.2000038474798 1191.7500006705523 236.45000317692757 533.2799971103668 152.58000069856644 169.9200012087822 565.710005491972 1191.7500006705523 274.78000074625015 0 0 236.45000317692757 329.2600023150444 0 0 0 236.45000317692757 0 0 0 169.9200012087822 0 0 329.2600023150444 0 0 1191.7500006705523 0 0 152.58000069856644 0 0 601.4300030320883 1890.210005402565 2888.02000592649 3.000000361353159 -8.369999956339598 3.9900002032518387 3.6400004364550114 -9.489999946206808 5.7500002682209015
445 1 0 0 0 0 0 0 0 0 0 0 1 0 0 0 0 0 1 0 0 0 0 0 0 0 0 0 0 1 0 0 0 0 0 0 0 0 183.22999957203865 0 0 0 0 0 0 0 0 0 0 183.22999957203865 0 0 0 0 0 183.22999957203865 0 0 0 0 0 0 0 0 0 0 183.22999957203865 0 0 0 0 0 0 0 0 33.469999462366104 128.91000020503998 183.22999957203865 2.2351741790771484e-8 -0.3999999985098839 1.4901161193847656e-8 0.3200000301003456 -0.3999999985098839 0.320000022649765 445 2 1 0 0 2 1 1 0 2 0 0 2 1 0 0 0 0 2 0 0 0 0 0 0 0 0 0 0 2 0 0 1 0 0 0 0 0 329.2600023150444 205.48000238835812 0 0 153.78000032901764 205.48000238835812 205.48000238835812 0 153.78000032901764 0 0 329.2600023150444 205.48000238835812 0 0 0 0 329.2600023150444 0 0 0 0 0 0 0 0 0 0 329.2600023150444 0 0 205.48000238835812 0 0 0 0 0 152.92000034451485 412.55000545084476 688.5200050324202 1.0000000894069672 -2.179999992251396 1.180000051856041 1.5400001108646393 -2.3199999928474426 1.8600000739097595 445 2 2 0 0 3 2 1 1 3 0 0 3 1 0 0 0 1 2 0 0 0 1 0 0 0 0 0 0 2 0 0 1 0 0 0 0 0 329.2600023150444 327.9300052523613 0 0 226.05000126361847 327.9300052523613 205.48000238835812 122.45000286400318 226.05000126361847 0 0 451.7100051790476 205.48000238835812 0 0 0 122.45000286400318 329.2600023150444 0 0 0 122.45000286400318 0 0 0 0 0 0 329.2600023150444 0 0 205.48000238835812 0 0 0 0 0 212.28000162541866 492.4600072056055 883.2400088310242 1.3783574104309082e-7 -3.0699999891221523 0.27000008523464203 0.5400001592934132 -3.2099999897181988 0.9500001072883606 445 4 4 0 0 5 4 2 2 3 1 1 4 2 0 0 0 2 2 0 0 0 2 0 0 0 1 0 0 2 0 0 2 0 0 1 0 0 651.760004222393 663.1600058525801 0 0 548.5500031709671 663.1600058525801 426.7100026756525 236.45000317692757 226.05000126361847 152.58000069856644 169.9200012087822 565.710005491972 426.7100026756525 0 0 0 236.45000317692757 329.2600023150444 0 0 0 236.45000317692757 0 0 0 169.9200012087822 0 0 329.2600023150444 0 0 426.7100026756525 0 0 152.58000069856644 0 0 319.67000383138657 972.5900077074766 1540.9700113385916 2.123415470123291e-7 -4.669999983161688 0.2700001299381256 0.18000025674700737 -5.529999975115061 1.310000166296959 445 4 6 0 0 7 6 4 2 5 1 1 4 4 0 0 0 2 2 0 0 0 2 0 0 0 1 0 0 2 0 0 4 0 0 1 0 0 651.760004222393 1177.94000390172 0 0 692.1400015354156 1177.94000390172 941.4900007247925 236.45000317692757 369.639999628067 152.58000069856644 169.9200012087822 565.710005491972 941.4900007247925 0 0 0 236.45000317692757 329.2600023150444 0 0 0 236.45000317692757 0 0 0 169.9200012087822 0 0 329.2600023150444 0 0 941.4900007247925 0 0 152.58000069856644 0 0 453.68000385165215 1427.3100051879883 2199.34000775218 2.0000002793967724 -6.4499999769032 2.4500001668930054 2.5400003381073475 -7.309999968856573 3.8500002175569534 445 5 6 0 0 9 6 4 2 7 1 1 4 4 1 0 0 2 2 0 0 0 2 0 0 0 1 0 0 2 0 0 4 0 0 1 0 0 776.4700038433075 1177.94000390172 0 0 835.3799996376038 1177.94000390172 941.4900007247925 236.45000317692757 512.8799977302551 152.58000069856644 169.9200012087822 565.710005491972 941.4900007247925 124.70999962091446 0 0 236.45000317692757 329.2600023150444 0 0 0 236.45000317692757 0 0 0 169.9200012087822 0 0 329.2600023150444 0 0 941.4900007247925 0 0 152.58000069856644 0 0 537.1500020325184 1556.9200048446655 2467.2900054752827 2.0000003203749657 -7.699999965727329 2.81000018119812 2.5200003795325756 -8.579999957233667 4.210000231862068
446 1 0 0 0 0 0 0 0 0 0 0 1 0 0 0 0 0 1 0 0 0 0 0 0 0 0 0 0 1 0 0 0 0 0 0 0 0 146.03000274300575 0 0 0 0 0 0 0 0 0 0 146.03000274300575 0 0 0 0 0 146.03000274300575 0 0 0 0 0 0 0 0 0 0 146.03000274300575 0 0 0 0 0 0 0 0 25.510000705718994 98.66000238060951 146.03000274300575 2.2351741790771484e-8 -0.3999999985098839 1.4901161193847656e-8 0.11000002920627594 -0.4699999988079071 0.18000002205371857 446 2 2 0 0 1 2 1 1 1 0 0 3 1 0 0 0 1 2 0 0 0 1 0 0 0 0 0 0 2 0 0 1 0 0 0 0 0 329.2600023150444 327.9300052523613 0 0 66.69999849796295 327.9300052523613 205.48000238835812 122.45000286400318 66.69999849796295 0 0 451.7100051790476 205.48000238835812 0 0 0 122.45000286400318 329.2600023150444 0 0 0 122.45000286400318 0 0 0 0 0 0 329.2600023150444 0 0 205.48000238835812 0 0 0 0 0 135.73000000417233 467.85000659525394 723.8900060653687 1.1548399925231934e-7 -2.089999992400408 0.09000007808208466 0.5400001369416714 -2.2299999929964542 0.7700001001358032 446 2 3 0 0 2 3 2 1 2 0 0 3 2 0 0 0 1 2 0 0 0 1 0 0 0 0 0 0 2 0 0 2 0 0 0 0 0 329.2600023150444 549.1600055396557 0 0 153.78000032901764 549.1600055396557 426.7100026756525 122.45000286400318 153.78000032901764 0 0 451.7100051790476 426.7100026756525 0 0 0 122.45000286400318 329.2600023150444 0 0 0 122.45000286400318 0 0 0 0 0 0 329.2600023150444 0 0 426.7100026756525 0 0 0 0 0 204.34000180661678 654.5700068920851 1032.2000081837177 1.000000149011612 -2.979999989271164 1.1800000965595245 1.6500001773238182 -3.1899999901652336 2.0400001257658005 446 3 4 0 0 5 4 2 2 4 1 0 4 2 0 0 0 2 2 0 0 0 2 0 0 0 0 0 0 2 0 0 2 0 0 1 0 0 481.84000301361084 663.1600058525801 0 0 458.7800005078316 663.1600058525801 426.7100026756525 236.45000317692757 306.19999980926514 152.58000069856644 0 565.710005491972 426.7100026756525 0 0 0 236.45000317692757 329.2600023150444 0 0 0 236.45000317692757 0 0 0 0 0 0 329.2600023150444 0 0 426.7100026756525 0 0 152.58000069856644 0 0 338.2000036239624 862.690006300807 1451.200008675456 2.1606683731079102e-7 -4.759999983012676 0.3600001335144043 0.670000247657299 -5.039999984204769 1.310000166296959 446 4 5 0 0 8 5 3 2 6 1 1 4 3 0 0 0 2 2 0 0 0 2 0 0 0 1 0 0 2 0 0 3 0 0 1 0 0 651.760004222393 920.3300054818392 0 0 758.1600008010864 920.3300054818392 683.8800023049116 236.45000317692757 435.6599988937378 152.58000069856644 169.9200012087822 565.710005491972 683.8800023049116 0 0 0 236.45000317692757 329.2600023150444 0 0 0 236.45000317692757 0 0 0 169.9200012087822 0 0 329.2600023150444 0 0 683.8800023049116 0 0 152.58000069856644 0 0 455.08000303804874 1225.050006389618 2007.75000859797 1.0000002682209015 -6.5399999767541885 1.5400001555681229 1.3600003197789192 -7.3999999687075615 2.7600001990795135 446 6 6 0 0 8 6 4 2 6 1 1 4 4 2 0 0 2 2 0 0 0 2 0 0 0 1 0 0 2 0 0 4 0 0 1 0 0 903.0100049078465 1177.94000390172 0 0 758.1600008010864 1177.94000390172 941.4900007247925 236.45000317692757 435.6599988937378 152.58000069856644 169.9200012087822 565.710005491972 941.4900007247925 251.25000068545341 0 0 236.45000317692757 329.2600023150444 0 0 0 236.45000317692757 0 0 0 169.9200012087822 0 0 329.2600023150444 0 0 941.4900007247925 0 0 152.58000069856644 0 0 513.2400033324957 1635.0700048953295 2516.6100077033043 2.0000003278255463 -7.4799999594688416 2.900000184774399 2.500000387430191 -8.379999950528145 4.300000235438347
447 0 1 0 0 0 1 1 0 0 0 0 0 1 0 0 0 0 0 0 0 0 0 0 0 0 0 0 0 0 0 0 1 0 0 0 0 0 0 205.48000238835812 0 0 0 205.48000238835812 205.48000238835812 0 0 0 0 0 205.48000238835812 0 0 0 0 0 0 0 0 0 0 0 0 0 0 0 0 0 0 205.48000238835812 0 0 0 0 0 28.75 157.04000233113766 205.48000238835812 1.0000000223517418 -0.3999999985098839 1.0000000149011612 1.110000029206276 -0.4699999988079071 1.1800000220537186 447 2 3 0 0 0 3 2 1 0 0 0 3 2 0 0 0 1 2 0 0 0 1 0 0 0 0 0 0 2 0 0 2 0 0 0 0 0 329.2600023150444 549.1600055396557 0 0 0 549.1600055396557 426.7100026756525 122.45000286400318 0 0 0 451.7100051790476 426.7100026756525 0 0 0 122.45000286400318 329.2600023150444 0 0 0 122.45000286400318 0 0 0 0 0 0 329.2600023150444 0 0 426.7100026756525 0 0 0 0 0 139.15000163018703 626.6300063580275 878.4200078547001 1.0000001266598701 -1.9999999925494194 1.0000000894069672 1.6500001549720764 -2.209999993443489 1.860000118613243 447 2 4 0 0 1 4 2 2 1 0 0 4 2 0 0 0 2 2 0 0 0 2 0 0 0 0 0 0 2 0 0 2 0 0 0 0 0 329.2600023150444 663.1600058525801 0 0 66.69999849796295 663.1600058525801 426.7100026756525 236.45000317692757 66.69999849796295 0 0 565.710005491972 426.7100026756525 0 0 0 236.45000317692757 329.2600023150444 0 0 0 236.45000317692757 0 0 0 0 0 0 329.2600023150444 0 0 426.7100026756525 0 0 0 0 0 191.090001642704 708.1900058239698 1059.1200066655874 1.7508864402770996e-7 -2.8899999894201756 0.09000012278556824 0.6500002034008503 -3.0999999903142452 0.9500001519918442 447 2 5 0 0 4 5 3 2 4 0 0 4 3 0 0 0 2 2 0 0 0 2 0 0 0 0 0 0 2 0 0 3 0 0 0 0 0 329.2600023150444 920.3300054818392 0 0 306.19999980926514 920.3300054818392 683.8800023049116 236.45000317692757 306.19999980926514 0 0 565.710005491972 683.8800023049116 0 0 0 236.45000317692757 329.2600023150444 0 0 0 236.45000317692757 0 0 0 0 0 0 329.2600023150444 0 0 683.8800023049116 0 0 0 0 0 339.1700037866831 959.3500052690506 1555.7900076061487 1.0000002309679985 -4.759999983012676 1.3600001484155655 1.8300002664327621 -4.969999983906746 2.400000184774399 447 4 5 0 0 6 5 3 2 5 1 0 4 3 1 0 0 2 2 0 0 0 2 0 0 0 0 0 0 2 0 0 3 0 0 1 0 0 608.3800040781498 920.3300054818392 0 0 524.7999997735023 920.3300054818392 683.8800023049116 236.45000317692757 372.2199990749359 152.58000069856644 0 565.710005491972 683.8800023049116 126.54000106453896 0 0 236.45000317692757 329.2600023150444 0 0 0 236.45000317692757 0 0 0 0 0 0 329.2600023150444 0 0 683.8800023049116 0 0 152.58000069856644 0 0 421.9900039732456 1169.4100056439638 1900.930008634925 1.0000002682209015 -5.919999971985817 1.6300001591444016 1.8300003074109554 -6.219999972730875 2.7600001990795135 447 6 5 0 0 8 5 3 2 6 1 1 4 3 2 0 0 2 2 0 0 0 2 0 0 0 1 0 0 2 0 0 3 0 0 1 0 0 900.7200082689524 920.3300054818392 0 0 758.1600008010864 920.3300054818392 683.8800023049116 236.45000317692757 435.6599988937378 152.58000069856644 169.9200012087822 565.710005491972 683.8800023049116 248.96000404655933 0 0 236.45000317692757 329.2600023150444 0 0 0 236.45000317692757 0 0 0 169.9200012087822 0 0 329.2600023150444 0 0 683.8800023049116 0 0 152.58000069856644 0 0 499.97000443935394 1413.6300086528063 2256.7100126445293 1.0000003054738045 -7.079999960958958 1.9000001698732376 1.3200003579258919 -7.979999952018261 3.1200002133846283
448 0 1 0 0 0 1 0 1 0 0 0 1 0 0 0 0 1 0 0 0 0 1 0 0 0 0 0 0 0 0 0 0 0 0 0 0 0 0 122.45000286400318 0 0 0 122.45000286400318 0 122.45000286400318 0 0 0 122.45000286400318 0 0 0 0 122.45000286400318 0 0 0 0 122.45000286400318 0 0 0 0 0 0 0 0 0 0 0 0 0 0 0 23.14000053703785 72.67000198364258 122.45000286400318 -0.999999962747097 -0.3999999985098839 -0.9999999701976776 -0.999999962747097 -0.3999999985098839 -0.9999999701976776 448 1 4 0 0 0 4 2 2 0 0 0 3 2 0 0 0 2 1 0 0 0 2 0 0 0 0 0 0 1 0 0 2 0 0 0 0 0 146.03000274300575 663.1600058525801 0 0 0 663.1600058525801 426.7100026756525 236.45000317692757 0 0 0 382.4800059199333 426.7100026756525 0 0 0 236.45000317692757 146.03000274300575 0 0 0 236.45000317692757 0 0 0 0 0 0 146.03000274300575 0 0 426.7100026756525 0 0 0 0 0 132.76000288128853 568.7100059241056 809.1900085955858 1.4156103134155273e-7 -1.9999999925494194 1.043081283569336e-7 0.3300001621246338 -2.209999993443489 0.5400001257658005 448 2 4 0 0 1 4 2 2 1 0 0 4 2 0 0 0 2 2 0 0 0 2 0 0 0 0 0 0 2 0 0 2 0 0 0 0 0 329.2600023150444 663.1600058525801 0 0 80.14999854564667 663.1600058525801 426.7100026756525 236.45000317692757 80.14999854564667 0 0 565.710005491972 426.7100026756525 0 0 0 236.45000317692757 329.2600023150444 0 0 0 236.45000317692757 0 0 0 0 0 0 329.2600023150444 0 0 426.7100026756525 0 0 0 0 0 202.94000226259232 718.7600055187941 1072.5700067132711 1.7508864402770996e-7 -2.8899999894201756 0.09000012278556824 0.6500002034008503 -3.0999999903142452 0.9500001519918442 448 2 5 0 0 4 5 3 2 4 0 0 4 3 0 0 0 2 2 0 0 0 2 0 0 0 0 0 0 2 0 0 3 0 0 0 0 0 329.2600023150444 920.3300054818392 0 0 299.9499981403351 920.3300054818392 683.8800023049116 236.45000317692757 299.9499981403351 0 0 565.710005491972 683.8800023049116 0 0 0 236.45000317692757 329.2600023150444 0 0 0 236.45000317692757 0 0 0 0 0 0 329.2600023150444 0 0 683.8800023049116 0 0 0 0 0 331.7600022703409 962.3900052309036 1549.5400059372187 1.0000002309679985 -4.759999983012676 1.3600001484155655 1.8300002664327621 -4.969999983906746 2.400000184774399 448 3 5 0 0 5 5 3 2 5 0 0 4 3 1 0 0 2 2 0 0 0 2 0 0 0 0 0 0 2 0 0 3 0 0 0 0 0 455.80000337958336 920.3300054818392 0 0 372.2199990749359 920.3300054818392 683.8800023049116 236.45000317692757 372.2199990749359 0 0 565.710005491972 683.8800023049116 126.54000106453896 0 0 236.45000317692757 329.2600023150444 0 0 0 236.45000317692757 0 0 0 0 0 0 329.2600023150444 0 0 683.8800023049116 0 0 0 0 0 388.14000353217125 1060.6600051671267 1748.3500079363585 1.000000260770321 -5.519999973475933 1.6300001591444016 1.8100002966821194 -5.749999973922968 2.670000195503235 448 7 5 0 0 8 5 3 2 6 1 1 4 3 3 0 0 2 2 0 0 0 2 0 0 0 1 0 0 2 0 0 3 0 0 1 0 0 1015.3400077968836 920.3300054818392 0 0 758.1600008010864 920.3300054818392 683.8800023049116 236.45000317692757 435.6599988937378 152.58000069856644 169.9200012087822 565.710005491972 683.8800023049116 363.58000357449055 0 0 236.45000317692757 329.2600023150444 0 0 0 236.45000317692757 0 0 0 169.9200012087822 0 0 329.2600023150444 0 0 683.8800023049116 0 0 152.58000069856644 0 0 516.7800046205521 1501.7400081902742 2371.3300121724606 1.000000324100256 -7.349999953061342 2.080000177025795 1.590000368654728 -7.979999952018261 3.3000002205371857
449 0 1 0 0 0 1 1 0 0 0 0 0 1 0 0 0 0 0 0 0 0 0 0 0 0 0 0 0 0 0 0 1 0 0 0 0 0 0 221.2300002872944 0 0 0 221.2300002872944 221.2300002872944 0 0 0 0 0 221.2300002872944 0 0 0 0 0 0 0 0 0 0 0 0 0 0 0 0 0 0 221.2300002872944 0 0 0 0 0 28.280000925064087 169.34999945759773 221.2300002872944 1.0000000223517418 -0.3999999985098839 1.0000000149011612 1.110000029206276 -0.4699999988079071 1.1800000220537186 449 0 4 0 0 1 4 2 2 1 0 0 2 2 0 0 0 2 0 0 0 0 2 0 0 0 0 0 0 0 0 0 2 0 0 0 0 0 0 663.1600058525801 0 0 80.14999854564667 663.1600058525801 426.7100026756525 236.45000317692757 80.14999854564667 0 0 236.45000317692757 426.7100026756525 0 0 0 236.45000317692757 0 0 0 0 236.45000317692757 0 0 0 0 0 0 0 0 0 426.7100026756525 0 0 0 0 0 143.96000209450722 491.19000293314457 743.3100043982267 1.30385160446167e-7 -2.089999992400408 0.09000009298324585 0.22000014409422874 -2.2299999929964542 0.4500001072883606 449 1 5 0 0 1 5 3 2 1 0 0 3 3 0 0 0 2 1 0 0 0 2 0 0 0 0 0 0 1 0 0 3 0 0 0 0 0 146.03000274300575 920.3300054818392 0 0 80.14999854564667 920.3300054818392 683.8800023049116 236.45000317692757 80.14999854564667 0 0 382.4800059199333 683.8800023049116 0 0 0 236.45000317692757 146.03000274300575 0 0 0 236.45000317692757 0 0 0 0 0 0 146.03000274300575 0 0 683.8800023049116 0 0 0 0 0 204.29000340402126 795.2600047588348 1146.5100067704916 1.000000175088644 -2.8899999894201756 1.0900001227855682 1.5100002028048038 -3.0999999903142452 1.8100001513957977 449 3 5 0 0 3 5 3 2 3 0 0 4 3 1 0 0 2 2 0 0 0 2 0 0 0 0 0 0 2 0 0 3 0 0 0 0 0 455.80000337958336 920.3300054818392 0 0 212.8699963092804 920.3300054818392 683.8800023049116 236.45000317692757 212.8699963092804 0 0 565.710005491972 683.8800023049116 126.54000106453896 0 0 236.45000317692757 329.2600023150444 0 0 0 236.45000317692757 0 0 0 0 0 0 329.2600023150444 0 0 683.8800023049116 0 0 0 0 0 311.5900019109249 1036.050004556775 1589.000005170703 1.000000238418579 -4.5399999767541885 1.4500001519918442 1.8100002743303776 -4.769999977201223 2.4900001883506775 449 5 5 0 0 4 5 3 2 4 0 0 4 3 3 0 0 2 2 0 0 0 2 0 0 0 0 0 0 2 0 0 3 0 0 0 0 0 692.840005889535 920.3300054818392 0 0 299.9499981403351 920.3300054818392 683.8800023049116 236.45000317692757 299.9499981403351 0 0 565.710005491972 683.8800023049116 363.58000357449055 0 0 236.45000317692757 329.2600023150444 0 0 0 236.45000317692757 0 0 0 0 0 0 329.2600023150444 0 0 683.8800023049116 0 0 0 0 0 393.46000385284424 1239.08000703156 1913.1200095117092 1.000000286847353 -5.56999995931983 1.9000001698732376 2.060000315308571 -5.549999967217445 2.940000206232071 449 6 6 0 0 6 6 4 2 5 1 0 4 4 3 0 0 2 2 0 0 0 2 0 0 0 0 0 0 2 0 0 4 0 0 1 0 0 845.4200065881014 1170.6000075638294 0 0 524.7999997735023 1170.6000075638294 934.1500043869019 236.45000317692757 372.2199990749359 152.58000069856644 0 565.710005491972 934.1500043869019 363.58000357449055 0 0 236.45000317692757 329.2600023150444 0 0 0 236.45000317692757 0 0 0 0 0 0 329.2600023150444 0 0 934.1500043869019 0 0 152.58000069856644 0 0 492.37000542879105 1549.8700088560581 2388.2400132268667 2.0000003278255463 -6.85999995470047 2.9900001883506775 3.1900003664195538 -6.979999963194132 4.300000235438347
450 0 1 0 0 0 1 0 1 0 0 0 1 0 0 0 0 1 0 0 0 0 1 0 0 0 0 0 0 0 0 0 0 0 0 0 0 0 0 114.00000031292439 0 0 0 114.00000031292439 0 114.00000031292439 0 0 0 114.00000031292439 0 0 0 0 114.00000031292439 0 0 0 0 114.00000031292439 0 0 0 0 0 0 0 0 0 0 0 0 0 0 0 27.080000713467598 70.98999977111816 114.00000031292439 -0.999999962747097 -0.3999999985098839 -0.9999999701976776 -0.999999962747097 -0.3999999985098839 -0.9999999701976776 450 0 4 0 0 1 4 2 2 1 0 0 2 2 0 0 0 2 0 0 0 0 2 0 0 0 0 0 0 0 0 0 2 0 0 0 0 0 0 714.8500030934811 0 0 80.14999854564667 714.8500030934811 478.3999999165535 236.45000317692757 80.14999854564667 0 0 236.45000317692757 478.3999999165535 0 0 0 236.45000317692757 0 0 0 0 236.45000317692757 0 0 0 0 0 0 0 0 0 478.3999999165535 0 0 0 0 0 150.03000269830227 539.5600000470877 795.0000016391277 1.30385160446167e-7 -2.089999992400408 0.09000009298324585 0.29000014439225197 -2.159999992698431 0.4500001072883606 450 0 5 0 0 2 5 3 2 2 0 0 2 3 0 0 0 2 0 0 0 0 2 0 0 0 0 0 0 0 0 0 3 0 0 0 0 0 0 920.3300054818392 0 0 146.16999781131744 920.3300054818392 683.8800023049116 236.45000317692757 146.16999781131744 0 0 236.45000317692757 683.8800023049116 0 0 0 236.45000317692757 0 0 0 0 236.45000317692757 0 0 0 0 0 0 0 0 0 683.8800023049116 0 0 0 0 0 207.59000192582607 706.8800021111965 1066.5000032931566 1.0000001639127731 -2.979999989271164 1.1800001114606857 1.4000001847743988 -3.1199999898672104 1.7200001329183578 450 4 5 0 0 2 5 3 2 2 0 0 4 3 2 0 0 2 2 0 0 0 2 0 0 0 0 0 0 2 0 0 3 0 0 0 0 0 578.2200063616037 920.3300054818392 0 0 146.16999781131744 920.3300054818392 683.8800023049116 236.45000317692757 146.16999781131744 0 0 565.710005491972 683.8800023049116 248.96000404655933 0 0 236.45000317692757 329.2600023150444 0 0 0 236.45000317692757 0 0 0 0 0 0 329.2600023150444 0 0 683.8800023049116 0 0 0 0 0 311.46000349521637 1123.0300069600344 1644.7200096547604 1.0000002458691597 -4.319999970495701 1.5400001555681229 1.790000282227993 -4.569999970495701 2.580000191926956 450 5 5 0 0 3 5 3 2 3 0 0 4 3 3 0 0 2 2 0 0 0 2 0 0 0 0 0 0 2 0 0 3 0 0 0 0 0 692.840005889535 920.3300054818392 0 0 212.8699963092804 920.3300054818392 683.8800023049116 236.45000317692757 212.8699963092804 0 0 565.710005491972 683.8800023049116 363.58000357449055 0 0 236.45000317692757 329.2600023150444 0 0 0 236.45000317692757 0 0 0 0 0 0 329.2600023150444 0 0 683.8800023049116 0 0 0 0 0 353.13000297546387 1221.7100061923265 1826.0400076806545 1.000000275671482 -5.079999960958958 1.810000166296959 2.0600003041327 -5.059999968856573 2.8500002026557922 450 5 6 0 0 5 6 4 2 5 0 0 4 4 3 0 0 2 2 0 0 0 2 0 0 0 0 0 0 2 0 0 4 0 0 0 0 0 692.840005889535 1170.6000075638294 0 0 372.2199990749359 1170.6000075638294 934.1500043869019 236.45000317692757 372.2199990749359 0 0 565.710005491972 934.1500043869019 363.58000357449055 0 0 236.45000317692757 329.2600023150444 0 0 0 236.45000317692757 0 0 0 0 0 0 329.2600023150444 0 0 934.1500043869019 0 0 0 0 0 458.5200049877167 1441.120008379221 2235.6600125283003 2.0000003203749657 -6.459999956190586 2.9900001883506775 3.1700003556907177 -6.509999964386225 4.210000231862068
451 0 0 0 0 1 0 0 0 1 0 0 0 0 0 0 0 0 0 0 0 0 0 0 0 0 0 0 0 0 0 0 0 0 0 0 0 0 0 0 0 0 80.14999854564667 0 0 0 80.14999854564667 0 0 0 0 0 0 0 0 0 0 0 0 0 0 0 0 0 0 0 0 0 0 0 0 0 0 0 0 36.70999991893768 21.139999389648438 80.14999854564667 1.1175870895385742e-8 -0.48999999836087227 0.09000000357627869 1.1175870895385742e-8 -0.48999999836087227 0.09000000357627869 451 0 3 0 0 2 3 2 1 2 0 0 1 2 0 0 0 1 0 0 0 0 1 0 0 0 0 0 0 0 0 0 2 0 0 0 0 0 0 592.4000002294779 0 0 146.16999781131744 592.4000002294779 478.3999999165535 114.00000031292439 146.16999781131744 0 0 114.00000031292439 478.3999999165535 0 0 0 114.00000031292439 0 0 0 0 114.00000031292439 0 0 0 0 0 0 0 0 0 478.3999999165535 0 0 0 0 0 155.70000138878822 477.1699977964163 738.5699980407953 1.0000001043081284 -2.179999992251396 1.1800000667572021 1.2900001183152199 -2.2499999925494194 1.540000081062317 451 1 4 0 0 2 4 2 2 2 0 0 2 2 1 0 0 2 0 0 0 0 2 0 0 0 0 0 0 0 0 0 2 0 0 0 0 0 126.54000106453896 714.8500030934811 0 0 146.16999781131744 714.8500030934811 478.3999999165535 236.45000317692757 146.16999781131744 0 0 236.45000317692757 478.3999999165535 126.54000106453896 0 0 236.45000317692757 0 0 0 0 236.45000317692757 0 0 0 0 0 0 0 0 0 478.3999999165535 0 0 0 0 0 199.00000244379044 640.8699999451637 987.5600019693375 1.601874828338623e-7 -2.8499999828636646 0.3600001037120819 0.2700001746416092 -2.939999982714653 0.7200001180171967 451 4 5 0 0 2 5 3 2 2 0 0 3 3 3 0 0 2 1 0 0 0 2 0 0 0 0 0 0 1 0 0 3 0 0 0 0 0 509.6100063174963 920.3300054818392 0 0 146.16999781131744 920.3300054818392 683.8800023049116 236.45000317692757 146.16999781131744 0 0 382.4800059199333 683.8800023049116 363.58000357449055 0 0 236.45000317692757 146.03000274300575 0 0 0 236.45000317692757 0 0 0 0 0 0 146.03000274300575 0 0 683.8800023049116 0 0 0 0 0 294.8000042140484 1082.2300062924623 1576.110009610653 1.0000002421438694 -4.1899999640882015 1.720000147819519 1.7400002628564835 -4.169999971985817 2.4400001764297485 451 5 6 0 0 2 6 4 2 2 0 0 4 4 3 0 0 2 2 0 0 0 2 0 0 0 0 0 0 2 0 0 4 0 0 0 0 0 692.840005889535 1170.6000075638294 0 0 146.16999781131744 1170.6000075638294 934.1500043869019 236.45000317692757 146.16999781131744 0 0 565.710005491972 934.1500043869019 363.58000357449055 0 0 236.45000317692757 329.2600023150444 0 0 0 236.45000317692757 0 0 0 0 0 0 329.2600023150444 0 0 934.1500043869019 0 0 0 0 0 357.11000406742096 1405.9400080740452 2009.6100112646818 2.000000286847353 -4.989999961107969 2.7200001776218414 3.170000322163105 -5.039999969303608 3.940000221133232 451 5 6 0 0 6 6 4 2 6 0 0 4 4 3 0 0 2 2 0 0 0 2 0 0 0 0 0 0 2 0 0 4 0 0 0 0 0 692.840005889535 1170.6000075638294 0 0 445.7899992465973 1170.6000075638294 934.1500043869019 236.45000317692757 445.7899992465973 0 0 565.710005491972 934.1500043869019 363.58000357449055 0 0 236.45000317692757 329.2600023150444 0 0 0 236.45000317692757 0 0 0 0 0 0 329.2600023150444 0 0 934.1500043869019 0 0 0 0 0 495.89000487327576 1450.8200086653233 2309.2300126999617 2.0000003315508366 -6.949999954551458 3.080000191926956 3.1700003668665886 -6.999999962747097 4.300000235438347
452 0 1 0 0 0 1 1 0 0 0 0 0 1 0 0 0 0 0 0 0 0 0 0 0 0 0 0 0 0 0 0 1 0 0 0 0 0 0 257.1699996292591 0 0 0 257.1699996292591 257.1699996292591 0 0 0 0 0 257.1699996292591 0 0 0 0 0 0 0 0 0 0 0 0 0 0 0 0 0 0 257.1699996292591 0 0 0 0 0 34.82000060379505 205.40999944508076 257.1699996292591 1.0000000223517418 -0.3999999985098839 1.0000000149011612 1.1800000295042992 -0.3999999985098839 1.1800000220537186 452 1 2 0 0 2 2 1 1 2 0 0 1 1 1 0 0 1 0 0 0 0 1 0 0 0 0 0 0 0 0 0 1 0 0 0 0 0 126.54000106453896 371.1699999421835 0 0 146.16999781131744 371.1699999421835 257.1699996292591 114.00000031292439 146.16999781131744 0 0 114.00000031292439 257.1699996292591 126.54000106453896 0 0 114.00000031292439 0 0 0 0 114.00000031292439 0 0 0 0 0 0 0 0 0 257.1699996292591 0 0 0 0 0 147.5800009816885 398.8499985039234 643.8799988180399 1.0058283805847168e-7 -2.049999985843897 0.3600000590085983 0.16000010818243027 -2.069999985396862 0.5400000661611557 452 2 3 0 0 2 3 2 1 2 0 0 1 2 2 0 0 1 0 0 0 0 1 0 0 0 0 0 0 0 0 0 2 0 0 0 0 0 248.96000404655933 592.4000002294779 0 0 146.16999781131744 592.4000002294779 478.3999999165535 114.00000031292439 146.16999781131744 0 0 114.00000031292439 478.3999999165535 248.96000404655933 0 0 114.00000031292439 0 0 0 0 114.00000031292439 0 0 0 0 0 0 0 0 0 478.3999999165535 0 0 0 0 0 200.59000279009342 665.7500000596046 987.5300020873547 1.0000001415610313 -2.7199999764561653 1.540000081062317 1.2500001564621925 -2.829999975860119 1.9000000953674316 452 3 6 0 0 2 6 4 2 2 0 0 2 4 3 0 0 2 0 0 0 0 2 0 0 0 0 0 0 0 0 0 4 0 0 0 0 0 363.58000357449055 1170.6000075638294 0 0 146.16999781131744 1170.6000075638294 934.1500043869019 236.45000317692757 146.16999781131744 0 0 236.45000317692757 934.1500043869019 363.58000357449055 0 0 236.45000317692757 0 0 0 0 236.45000317692757 0 0 0 0 0 0 0 0 0 934.1500043869019 0 0 0 0 0 298.13000389933586 1178.3700054883957 1680.3500089496374 2.0000002421438694 -4.1899999640882015 2.720000147819519 2.7400002628564835 -4.169999971985817 3.4400001764297485 452 5 6 0 0 3 6 4 2 3 0 0 4 4 3 0 0 2 2 0 0 0 2 0 0 0 0 0 0 2 0 0 4 0 0 0 0 0 692.840005889535 1170.6000075638294 0 0 227.94999778270721 1170.6000075638294 934.1500043869019 236.45000317692757 227.94999778270721 0 0 565.710005491972 934.1500043869019 363.58000357449055 0 0 236.45000317692757 329.2600023150444 0 0 0 236.45000317692757 0 0 0 0 0 0 329.2600023150444 0 0 934.1500043869019 0 0 0 0 0 400.8100041151047 1418.1000079214573 2091.3900112360716 2.000000298023224 -5.4799999594688416 2.81000018119812 3.170000333338976 -5.52999996766448 4.030000224709511 452 6 6 0 0 5 6 4 2 5 0 0 5 4 3 0 0 2 3 0 0 0 2 0 0 0 0 0 0 3 0 0 4 0 0 0 0 0 884.970007866621 1170.6000075638294 0 0 358.7099974155426 1170.6000075638294 934.1500043869019 236.45000317692757 358.7099974155426 0 0 757.840007469058 934.1500043869019 363.58000357449055 0 0 236.45000317692757 521.3900042921305 0 0 0 236.45000317692757 0 0 0 0 0 0 521.3900042921305 0 0 934.1500043869019 0 0 0 0 0 489.78000473976135 1576.0100086778402 2414.280012845993 2.0000003427267075 -6.85999995470047 2.9900002032518387 3.0100003741681576 -6.979999963194132 4.210000246763229
453 0 0 0 0 1 0 0 0 1 0 0 0 0 0 0 0 0 0 0 0 0 0 0 0 0 0 0 0 0 0 0 0 0 0 0 0 0 0 0 0 0 66.01999926567078 0 0 0 66.01999926567078 0 0 0 0 0 0 0 0 0 0 0 0 0 0 0 0 0 0 0 0 0 0 0 0 0 0 0 0 28.809999227523804 10.279999732971191 66.01999926567078 1.1175870895385742e-8 -0.48999999836087227 0.09000000357627869 1.1175870895385742e-8 -0.48999999836087227 0.09000000357627869 453 2 1 0 0 2 1 1 0 2 0 0 0 1 2 0 0 0 0 0 0 0 0 0 0 0 0 0 0 0 0 0 1 0 0 0 0 0 248.96000404655933 257.1699996292591 0 0 146.16999781131744 257.1699996292591 257.1699996292591 0 146.16999781131744 0 0 0 257.1699996292591 248.96000404655933 0 0 0 0 0 0 0 0 0 0 0 0 0 0 0 0 0 257.1699996292591 0 0 0 0 0 145.23000115156174 425.41000083088875 652.3000014871359 1.0000000819563866 -1.9199999794363976 1.5400000363588333 1.1400000900030136 -1.9599999785423279 1.7200000435113907 453 3 2 0 0 2 2 1 1 2 0 0 1 1 3 0 0 1 0 0 0 0 1 0 0 0 0 0 0 0 0 0 1 0 0 0 0 0 363.58000357449055 371.1699999421835 0 0 146.16999781131744 371.1699999421835 257.1699996292591 114.00000031292439 146.16999781131744 0 0 114.00000031292439 257.1699996292591 363.58000357449055 0 0 114.00000031292439 0 0 0 0 114.00000031292439 0 0 0 0 0 0 0 0 0 257.1699996292591 0 0 0 0 0 189.12000204622746 584.5100001394749 880.9200013279915 1.3783574104309082e-7 -2.589999970048666 0.7200000733137131 0.41000013798475266 -2.3599999770522118 0.9000000804662704 453 3 5 0 0 2 5 3 2 2 0 0 2 3 3 0 0 2 0 0 0 0 2 0 0 0 0 0 0 0 0 0 3 0 0 0 0 0 363.58000357449055 965.1200051754713 0 0 146.16999781131744 965.1200051754713 728.6700019985437 236.45000317692757 146.16999781131744 0 0 236.45000317692757 728.6700019985437 363.58000357449055 0 0 236.45000317692757 0 0 0 0 236.45000317692757 0 0 0 0 0 0 0 0 0 728.6700019985437 0 0 0 0 0 269.38000389933586 1021.330003157258 1474.8700065612793 1.0000002197921276 -3.7899999655783176 1.7200001329183578 1.6300002336502075 -3.69999997317791 2.26000015437603 453 4 6 0 0 4 6 4 2 4 0 0 3 4 3 0 0 2 1 0 0 0 2 0 0 0 0 0 0 1 0 0 4 0 0 0 0 0 509.6100063174963 1170.6000075638294 0 0 292.00999891757965 1170.6000075638294 934.1500043869019 236.45000317692757 292.00999891757965 0 0 382.4800059199333 934.1500043869019 363.58000357449055 0 0 236.45000317692757 146.03000274300575 0 0 0 236.45000317692757 0 0 0 0 0 0 146.03000274300575 0 0 934.1500043869019 0 0 0 0 0 397.2300052344799 1293.9700079262257 1972.2200127989054 2.000000286847353 -5.56999995931983 2.9000001698732376 2.850000314414501 -5.619999967515469 3.8000002056360245 453 6 7 1 0 4 6 4 2 4 0 1 5 4 3 1 0 2 3 0 0 0 2 0 0 0 0 0 0 3 0 0 4 0 1 0 0 0 884.970007866621 1273.9600079357624 103.36000037193298 0 292.00999891757965 1170.6000075638294 934.1500043869019 236.45000317692757 292.00999891757965 0 103.36000037193298 757.840007469058 934.1500043869019 363.58000357449055 103.36000037193298 0 236.45000317692757 521.3900042921305 0 0 0 236.45000317692757 0 0 0 0 0 0 521.3900042921305 0 0 934.1500043869019 0 103.36000037193298 0 0 0 483.63000524044037 1629.2400101274252 2450.940014719963 2.000000324100256 -6.769999954849482 2.900000184774399 2.7100003510713577 -6.959999963641167 3.8900002241134644
454 1 0 0 0 0 0 0 0 0 0 0 0 0 1 0 0 0 0 0 0 0 0 0 0 0 0 0 0 0 0 0 0 0 0 0 0 0 126.54000106453896 0 0 0 0 0 0 0 0 0 0 0 0 126.54000106453896 0 0 0 0 0 0 0 0 0 0 0 0 0 0 0 0 0 0 0 0 0 0 0 20.160000517964363 91.03000016510487 126.54000106453896 1.862645149230957e-8 -0.26999999210238457 0.18000000715255737 -0.019999980926513672 -0.28999999165534973 0.18000000715255737 454 3 1 0 0 1 1 1 0 1 0 0 0 1 3 0 0 0 0 0 0 0 0 0 0 0 0 0 0 0 0 0 1 0 0 0 0 0 363.58000357449055 257.1699996292591 0 0 66.01999926567078 257.1699996292591 257.1699996292591 0 66.01999926567078 0 0 0 257.1699996292591 363.58000357449055 0 0 0 0 0 0 0 0 0 0 0 0 0 0 0 0 0 257.1699996292591 0 0 0 0 0 125.33000141382217 492.38000097870827 686.7700024694204 1.0000000894069672 -1.6999999731779099 1.630000039935112 1.4100000895559788 -1.4699999801814556 1.8100000470876694 454 3 2 0 0 2 2 2 0 2 0 0 0 2 3 0 0 0 0 0 0 0 0 0 0 0 0 0 0 0 0 0 2 0 0 0 0 0 363.58000357449055 507.44000171124935 0 0 146.16999781131744 507.44000171124935 507.44000171124935 0 146.16999781131744 0 0 0 507.44000171124935 363.58000357449055 0 0 0 0 0 0 0 0 0 0 0 0 0 0 0 0 0 507.44000171124935 0 0 0 0 0 190.88000172376633 708.3200019448996 1017.1900030970573 2.00000012293458 -2.589999970048666 2.720000058412552 2.5200001299381256 -2.429999977350235 3.0800000727176666 454 3 4 0 0 4 4 3 1 4 0 0 1 3 3 0 0 1 0 0 0 0 1 0 0 0 0 0 0 0 0 0 3 0 0 0 0 0 363.58000357449055 842.6700023114681 0 0 292.00999891757965 842.6700023114681 728.6700019985437 114.00000031292439 292.00999891757965 0 0 114.00000031292439 728.6700019985437 363.58000357449055 0 0 114.00000031292439 0 0 0 0 114.00000031292439 0 0 0 0 0 0 0 0 0 728.6700019985437 0 0 0 0 0 319.83000399172306 965.6000012308359 1498.2600048035383 2.0000002048909664 -4.369999963790178 2.900000110268593 2.6300002187490463 -4.2799999713897705 3.440000131726265 454 4 6 0 0 4 6 4 2 4 0 0 3 4 3 0 0 2 1 0 0 0 2 0 0 0 0 0 0 1 0 0 4 0 0 0 0 0 555.7100055515766 1170.6000075638294 0 0 292.00999891757965 1170.6000075638294 934.1500043869019 236.45000317692757 292.00999891757965 0 0 428.58000515401363 934.1500043869019 363.58000357449055 0 0 236.45000317692757 192.13000197708607 0 0 0 236.45000317692757 0 0 0 0 0 0 192.13000197708607 0 0 934.1500043869019 0 0 0 0 0 405.9400052726269 1337.8700063973665 2018.3200120329857 2.000000286847353 -5.56999995931983 2.9000001698732376 2.580000303685665 -5.619999967515469 3.620000198483467 454 5 8 2 0 4 6 4 2 4 0 1 5 4 3 1 1 2 2 0 0 0 2 0 0 0 0 0 0 2 0 1 4 0 1 0 0 0 701.7400082945824 1445.0700074136257 274.4699998497963 0 292.00999891757965 1170.6000075638294 934.1500043869019 236.45000317692757 292.00999891757965 0 103.36000037193298 745.7200073748827 934.1500043869019 363.58000357449055 103.36000037193298 171.1099994778633 236.45000317692757 338.1600047200918 0 0 0 236.45000317692757 0 0 0 0 0 0 338.1600047200918 0 171.1099994778633 934.1500043869019 0 103.36000037193298 0 0 0 487.4500060081482 1608.9600105434656 2438.8200146257877 2.0000003091990948 -6.769999954849482 2.9000001698732376 2.3900003284215927 -6.959999963641167 3.5700002014636993
455 1 0 0 0 0 0 0 0 0 0 0 0 0 1 0 0 0 0 0 0 0 0 0 0 0 0 0 0 0 0 0 0 0 0 0 0 0 122.42000298202038 0 0 0 0 0 0 0 0 0 0 0 0 122.42000298202038 0 0 0 0 0 0 0 0 0 0 0 0 0 0 0 0 0 0 0 0 0 0 0 24.730000883340836 97.5500020980835 122.42000298202038 1.862645149230957e-8 -0.26999999210238457 0.18000000715255737 -0.019999980926513672 -0.28999999165534973 0.18000000715255737 455 3 1 0 0 1 1 1 0 1 0 0 0 1 3 0 0 0 0 0 0 0 0 0 0 0 0 0 0 0 0 0 1 0 0 0 0 0 363.58000357449055 250.27000208199024 0 0 66.01999926567078 250.27000208199024 250.27000208199024 0 66.01999926567078 0 0 0 250.27000208199024 363.58000357449055 0 0 0 0 0 0 0 0 0 0 0 0 0 0 0 0 0 250.27000208199024 0 0 0 0 0 119.35000120103359 481.77000311017036 679.8700049221516 1.0000000894069672 -1.6999999731779099 1.630000039935112 1.3400000892579556 -1.5399999804794788 1.8100000470876694 455 3 2 0 0 2 2 2 0 2 0 0 0 2 3 0 0 0 0 0 0 0 0 0 0 0 0 0 0 0 0 0 2 0 0 0 0 0 363.58000357449055 507.44000171124935 0 0 147.79999923706055 507.44000171124935 507.44000171124935 0 147.79999923706055 0 0 0 507.44000171124935 363.58000357449055 0 0 0 0 0 0 0 0 0 0 0 0 0 0 0 0 0 507.44000171124935 0 0 0 0 0 197.87000185251236 699.3400024026632 1018.8200045228004 2.00000012293458 -2.589999970048666 2.720000058412552 2.5200001299381256 -2.429999977350235 3.0800000727176666 455 4 3 0 0 4 3 2 1 4 0 0 2 2 3 0 0 1 1 0 0 0 1 0 0 0 0 0 0 1 0 0 2 0 0 0 0 0 555.7100055515766 621.4400020241737 0 0 292.00999891757965 621.4400020241737 507.44000171124935 114.00000031292439 292.00999891757965 0 0 306.13000229001045 507.44000171124935 363.58000357449055 0 0 114.00000031292439 192.13000197708607 0 0 0 114.00000031292439 0 0 0 0 0 0 192.13000197708607 0 0 507.44000171124935 0 0 0 0 0 325.77000381052494 938.8100026249886 1469.16000649333 1.0000002048909664 -4.369999963790178 1.9000001102685928 1.3600002080202103 -4.2799999713897705 2.2600001245737076 455 4 5 1 0 4 4 3 1 4 0 1 2 3 3 1 0 1 1 0 0 0 1 0 0 0 0 0 0 1 0 0 3 0 1 0 0 0 555.7100055515766 946.0300026834011 103.36000037193298 0 292.00999891757965 842.6700023114681 728.6700019985437 114.00000031292439 292.00999891757965 0 103.36000037193298 306.13000229001045 728.6700019985437 363.58000357449055 103.36000037193298 0 114.00000031292439 192.13000197708607 0 0 0 114.00000031292439 0 0 0 0 0 0 192.13000197708607 0 0 728.6700019985437 0 103.36000037193298 0 0 0 372.7600045353174 1171.9600032269955 1793.7500071525574 2.0000002197921276 -5.169999960809946 2.900000110268593 2.1700002253055573 -5.219999969005585 3.21000012755394 455 4 9 2 0 4 7 5 2 4 0 1 4 5 3 1 1 2 1 0 0 0 2 0 0 0 0 1 0 1 0 1 4 0 1 0 0 0 555.7100055515766 1621.0900078117847 274.4699998497963 0 292.00999891757965 1346.6200079619884 1110.1700047850609 236.45000317692757 292.00999891757965 0 103.36000037193298 599.690004631877 1110.1700047850609 363.58000357449055 103.36000037193298 171.1099994778633 236.45000317692757 192.13000197708607 0 0 0 236.45000317692757 0 0 0 0 176.02000039815903 0 192.13000197708607 0 171.1099994778633 934.1500043869019 0 103.36000037193298 0 0 0 491.4300055503845 1636.570008084178 2468.810012280941 3.0000003166496754 -6.769999954849482 3.900000177323818 3.750000350177288 -6.959999963641167 4.930000223219395
456 1 0 0 0 0 0 0 0 0 0 0 0 0 1 0 0 0 0 0 0 0 0 0 0 0 0 0 0 0 0 0 0 0 0 0 0 0 114.61999952793121 0 0 0 0 0 0 0 0 0 0 0 0 114.61999952793121 0 0 0 0 0 0 0 0 0 0 0 0 0 0 0 0 0 0 0 0 0 0 0 16.81000018119812 88.10999953746796 114.61999952793121 1.862645149230957e-8 -0.26999999210238457 0.18000000715255737 0.27000001072883606 0.0 0.18000000715255737 456 3 1 0 0 1 1 1 0 1 0 0 0 1 3 0 0 0 0 0 0 0 0 0 0 0 0 0 0 0 0 0 1 0 0 0 0 0 363.58000357449055 250.27000208199024 0 0 81.77999997138977 250.27000208199024 250.27000208199024 0 81.77999997138977 0 0 0 250.27000208199024 363.58000357449055 0 0 0 0 0 0 0 0 0 0 0 0 0 0 0 0 0 250.27000208199024 0 0 0 0 0 134.2400020211935 483.6500032246113 695.6300056278706 1.0000000894069672 -1.6999999731779099 1.630000039935112 1.3400000892579556 -1.5399999804794788 1.8100000470876694 456 3 1 0 0 3 1 1 0 3 0 0 0 1 3 0 0 0 0 0 0 0 0 0 0 0 0 0 0 0 0 0 1 0 0 0 0 0 363.58000357449055 250.27000208199024 0 0 211.86000037193298 250.27000208199024 250.27000208199024 0 211.86000037193298 0 0 0 250.27000208199024 363.58000357449055 0 0 0 0 0 0 0 0 0 0 0 0 0 0 0 0 0 250.27000208199024 0 0 0 0 0 192.94000183045864 498.7100031673908 825.7100060284138 1.000000111758709 -2.6799999698996544 1.8100000470876694 1.3400001116096973 -2.5199999772012234 1.9900000542402267 456 4 3 1 0 4 2 2 0 4 0 1 1 2 3 1 0 0 1 0 0 0 0 0 0 0 0 0 0 1 0 0 2 0 1 0 0 0 555.7100055515766 610.8000020831823 103.36000037193298 0 292.00999891757965 507.44000171124935 507.44000171124935 0 292.00999891757965 0 103.36000037193298 192.13000197708607 507.44000171124935 363.58000357449055 103.36000037193298 0 0 192.13000197708607 0 0 0 0 0 0 0 0 0 0 192.13000197708607 0 0 507.44000171124935 0 103.36000037193298 0 0 0 317.40000289678574 931.6200039982796 1458.5200065523386 2.000000160187483 -4.369999963790178 2.9000000655651093 2.0600001588463783 -4.349999971687794 3.030000075697899 456 4 6 2 0 4 4 3 1 4 0 1 3 3 3 1 1 1 1 0 0 0 1 0 0 0 0 0 0 1 0 1 3 0 1 0 0 0 555.7100055515766 1117.1400021612644 274.4699998497963 0 292.00999891757965 842.6700023114681 728.6700019985437 114.00000031292439 292.00999891757965 0 103.36000037193298 477.24000176787376 728.6700019985437 363.58000357449055 103.36000037193298 171.1099994778633 114.00000031292439 192.13000197708607 0 0 0 114.00000031292439 0 0 0 0 0 0 192.13000197708607 0 171.1099994778633 728.6700019985437 0 103.36000037193298 0 0 0 410.05000476539135 1280.5900038480759 1964.8600066304207 2.000000227242708 -5.56999995931983 2.900000110268593 2.170000232756138 -5.619999967515469 3.21000012755394 456 4 8 2 0 4 6 4 2 4 0 1 4 4 3 1 1 2 1 0 0 0 2 0 0 0 0 1 0 1 0 1 3 0 1 0 0 0 555.7100055515766 1415.6100054234266 274.4699998497963 0 292.00999891757965 1141.1400055736303 904.6900023967028 236.45000317692757 292.00999891757965 0 103.36000037193298 599.690004631877 904.6900023967028 363.58000357449055 103.36000037193298 171.1099994778633 236.45000317692757 192.13000197708607 0 0 0 236.45000317692757 0 0 0 0 176.02000039815903 0 192.13000197708607 0 171.1099994778633 728.6700019985437 0 103.36000037193298 0 0 0 462.6800055503845 1479.5300057530403 2263.330009892583 2.0000002942979336 -6.369999956339598 2.900000162422657 2.640000320971012 -6.48999996483326 3.750000201165676
457 0 1 0 0 0 1 1 0 0 0 0 0 1 0 0 0 0 0 0 0 0 0 0 0 0 0 0 0 0 0 0 1 0 0 0 0 0 0 250.27000208199024 0 0 0 250.27000208199024 250.27000208199024 0 0 0 0 0 250.27000208199024 0 0 0 0 0 0 0 0 0 0 0 0 0 0 0 0 0 0 250.27000208199024 0 0 0 0 0 28.84000039100647 194.80000157654285 250.27000208199024 1.0000000223517418 -0.3999999985098839 1.0000000149011612 1.110000029206276 -0.4699999988079071 1.1800000220537186 457 2 1 0 0 2 1 1 0 2 0 0 0 1 2 0 0 0 0 0 0 0 0 0 0 0 0 0 0 0 0 0 1 0 0 0 0 0 237.0400025099516 250.27000208199024 0 0 145.8400011062622 250.27000208199024 250.27000208199024 0 145.8400011062622 0 0 0 250.27000208199024 237.0400025099516 0 0 0 0 0 0 0 0 0 0 0 0 0 0 0 0 0 250.27000208199024 0 0 0 0 0 143.97000208497047 397.40000326931477 633.150005698204 1.0000000819563866 -1.9199999794363976 1.5400000363588333 1.3600000813603401 -1.7399999871850014 1.7200000435113907 457 4 1 0 0 2 1 1 0 2 0 0 1 1 3 0 0 0 1 0 0 0 0 0 0 0 0 0 0 1 0 0 1 0 0 0 0 0 555.7100055515766 250.27000208199024 0 0 145.8400011062622 250.27000208199024 250.27000208199024 0 145.8400011062622 0 0 192.13000197708607 250.27000208199024 363.58000357449055 0 0 0 192.13000197708607 0 0 0 0 0 0 0 0 0 0 192.13000197708607 0 0 250.27000208199024 0 0 0 0 0 198.3500033468008 630.99000428617 951.8200087398291 1.0000001229345798 -2.589999970048666 1.7200000584125519 1.1800001189112663 -2.499999977648258 1.9000000655651093 457 4 3 1 0 3 2 2 0 3 0 1 1 2 3 1 0 0 1 0 0 0 0 0 0 0 0 0 0 1 0 0 2 0 1 0 0 0 555.7100055515766 610.8000020831823 103.36000037193298 0 211.86000037193298 507.44000171124935 507.44000171124935 0 211.86000037193298 0 103.36000037193298 192.13000197708607 507.44000171124935 363.58000357449055 103.36000037193298 0 0 192.13000197708607 0 0 0 0 0 0 0 0 0 0 192.13000197708607 0 0 507.44000171124935 0 103.36000037193298 0 0 0 280.69000297784805 910.4800046086311 1378.370008006692 2.000000149011612 -3.879999965429306 2.8100000619888306 2.0600001476705074 -3.8599999733269215 2.94000007212162 457 4 5 2 0 4 3 3 0 4 0 1 2 3 3 1 1 0 1 0 0 0 0 0 0 0 0 1 0 1 0 1 2 0 1 0 0 0 555.7100055515766 957.9300019592047 274.4699998497963 0 292.00999891757965 683.4600021094084 683.4600021094084 0 292.00999891757965 0 103.36000037193298 363.2400014549494 683.4600021094084 363.58000357449055 103.36000037193298 171.1099994778633 0 192.13000197708607 0 0 0 0 0 0 0 0 176.02000039815903 0 192.13000197708607 0 171.1099994778633 507.44000171124935 0 103.36000037193298 0 0 0 384.180003374815 1166.5200045406818 1805.650006428361 3.000000197440386 -5.169999960809946 3.900000087916851 3.53000021725893 -5.219999969005585 4.570000119507313 457 5 7 2 0 5 5 4 1 4 0 2 3 4 3 1 1 1 1 0 0 0 1 0 0 0 0 1 1 1 0 1 3 0 1 0 0 0 714.4700056612492 1293.1600025594234 274.4699998497963 0 450.7699990272522 1018.6900027096272 904.6900023967028 114.00000031292439 292.00999891757965 0 262.12000048160553 477.24000176787376 904.6900023967028 363.58000357449055 103.36000037193298 171.1099994778633 114.00000031292439 192.13000197708607 0 0 0 114.00000031292439 0 0 0 0 176.02000039815903 158.76000010967255 192.13000197708607 0 171.1099994778633 728.6700019985437 0 103.36000037193298 0 0 0 460.76000539958477 1532.3800030350685 2299.6400071382523 3.000000264495611 -6.369999956339598 3.9000001326203346 3.5300002992153168 -6.559999965131283 5.02000018209219
458 0 0 0 0 1 0 0 0 1 0 0 0 0 0 0 0 0 0 0 0 0 0 0 0 0 0 0 0 0 0 0 0 0 0 0 0 0 0 0 0 0 81.77999997138977 0 0 0 81.77999997138977 0 0 0 0 0 0 0 0 0 0 0 0 0 0 0 0 0 0 0 0 0 0 0 0 0 0 0 0 43.700000047683716 12.15999984741211 81.77999997138977 1.1175870895385742e-8 -0.48999999836087227 0.09000000357627869 1.1175870895385742e-8 -0.48999999836087227 0.09000000357627869 458 2 1 0 0 2 1 1 0 2 0 0 1 1 1 0 0 0 1 0 0 0 0 0 0 0 0 0 0 1 0 0 1 0 0 0 0 0 306.7500015050173 250.27000208199024 0 0 145.8400011062622 250.27000208199024 250.27000208199024 0 145.8400011062622 0 0 192.13000197708607 250.27000208199024 114.61999952793121 0 0 0 192.13000197708607 0 0 0 0 0 0 0 0 0 0 192.13000197708607 0 0 250.27000208199024 0 0 0 0 0 153.4600019454956 442.41000202298164 702.8600046932697 1.0000000856816769 -2.049999985843897 1.3600000441074371 1.2200000807642937 -1.9199999943375587 1.5400000512599945 458 3 2 1 0 2 1 1 0 2 0 1 1 1 2 1 0 0 1 0 0 0 0 0 0 0 0 0 0 1 0 0 1 0 1 0 0 0 429.17000448703766 353.6300024539232 103.36000037193298 0 145.8400011062622 250.27000208199024 250.27000208199024 0 145.8400011062622 0 103.36000037193298 192.13000197708607 250.27000208199024 237.0400025099516 103.36000037193298 0 0 192.13000197708607 0 0 0 0 0 0 0 0 0 0 192.13000197708607 0 0 250.27000208199024 0 103.36000037193298 0 0 0 196.90000262856483 603.7600052654743 928.6400080472231 1.0000000968575478 -2.7199999764561653 1.5400000363588333 0.900000087916851 -2.6799999848008156 1.4900000393390656 458 4 3 2 0 2 1 1 0 2 0 1 2 1 3 1 1 0 1 0 0 0 0 0 0 0 0 0 0 1 0 1 1 0 1 0 0 0 555.7100055515766 524.7400019317865 274.4699998497963 0 145.8400011062622 250.27000208199024 250.27000208199024 0 145.8400011062622 0 103.36000037193298 363.2400014549494 250.27000208199024 363.58000357449055 103.36000037193298 171.1099994778633 0 192.13000197708607 0 0 0 0 0 0 0 0 0 0 192.13000197708607 0 171.1099994778633 250.27000208199024 0 103.36000037193298 0 0 0 254.35000337660313 803.4200060516596 1226.2900085896254 1.0000001229345798 -3.3899999670684338 1.7200000435113907 0.880000114440918 -3.369999974966049 1.670000046491623 458 5 5 2 0 4 3 3 0 3 0 2 2 3 3 1 1 0 1 0 0 0 0 0 0 0 0 1 1 1 0 1 2 0 1 0 0 0 714.4700056612492 957.9300019592047 274.4699998497963 0 370.62000048160553 683.4600021094084 683.4600021094084 0 211.86000037193298 0 262.12000048160553 363.2400014549494 683.4600021094084 363.58000357449055 103.36000037193298 171.1099994778633 0 192.13000197708607 0 0 0 0 0 0 0 0 176.02000039815903 158.76000010967255 192.13000197708607 0 171.1099994778633 507.44000171124935 0 103.36000037193298 0 0 0 368.6900038421154 1270.9000044167042 1884.2600079923868 3.0000001937150955 -5.079999960958958 3.8100000843405724 3.420000221580267 -5.1999999694526196 4.75000012665987 458 5 6 3 0 6 3 3 0 5 0 3 2 3 3 2 1 0 1 0 0 0 0 0 0 0 0 1 1 1 0 1 2 1 1 0 0 0 714.4700056612492 1087.0600027292967 403.6000006198883 0 532.9299991130829 683.4600021094084 683.4600021094084 0 374.16999900341034 0 391.25000125169754 363.2400014549494 683.4600021094084 363.58000357449055 232.490001142025 171.1099994778633 0 192.13000197708607 0 0 0 0 0 0 0 0 176.02000039815903 158.76000010967255 192.13000197708607 0 171.1099994778633 507.44000171124935 129.130000770092 103.36000037193298 0 0 0 474.2700029909611 1393.7900053560734 2175.700007393956 3.000000212341547 -6.459999956190586 3.990000080317259 3.350000239908695 -6.649999964982271 4.930000122636557
459 0 0 0 0 1 0 0 0 1 0 0 0 0 0 0 0 0 0 0 0 0 0 0 0 0 0 0 0 0 0 0 0 0 0 0 0 0 0 0 0 0 64.06000113487244 0 0 0 64.06000113487244 0 0 0 0 0 0 0 0 0 0 0 0 0 0 0 0 0 0 0 0 0 0 0 0 0 0 0 0 29.890000581741333 4.78000020980835 64.06000113487244 1.1175870895385742e-8 -0.48999999836087227 0.09000000357627869 1.1175870895385742e-8 -0.48999999836087227 0.09000000357627869 459 1 2 1 0 2 1 1 0 2 0 1 1 1 0 1 0 0 1 0 0 0 0 0 0 0 0 0 0 1 0 0 1 0 1 0 0 0 192.13000197708607 353.6300024539232 103.36000037193298 0 145.8400011062622 250.27000208199024 250.27000208199024 0 145.8400011062622 0 103.36000037193298 192.13000197708607 250.27000208199024 0 103.36000037193298 0 0 192.13000197708607 0 0 0 0 0 0 0 0 0 0 192.13000197708607 0 0 250.27000208199024 0 103.36000037193298 0 0 0 155.36000156402588 418.10000362992287 691.6000055372715 1.0000000596046448 -2.179999992251396 1.1800000220537186 0.6500000581145287 -2.389999993145466 1.1300000250339508 459 2 3 2 0 2 1 1 0 2 0 1 2 1 1 1 1 0 1 0 0 0 0 0 0 0 0 0 0 1 0 1 1 0 1 0 0 0 306.7500015050173 524.7400019317865 274.4699998497963 0 145.8400011062622 250.27000208199024 250.27000208199024 0 145.8400011062622 0 103.36000037193298 363.2400014549494 250.27000208199024 114.61999952793121 103.36000037193298 171.1099994778633 0 192.13000197708607 0 0 0 0 0 0 0 0 0 0 192.13000197708607 0 171.1099994778633 250.27000208199024 0 103.36000037193298 0 0 0 209.46000197529793 614.8400037884712 977.330004543066 1.0000000856816769 -2.8499999828636646 1.360000029206276 0.9200000762939453 -2.7899999916553497 1.3100000321865082 459 5 4 2 0 3 2 2 0 2 0 2 2 2 3 1 1 0 1 0 0 0 0 0 0 0 0 1 1 1 0 1 1 0 1 0 0 0 714.4700056612492 700.7600023299456 274.4699998497963 0 304.60000121593475 426.29000248014927 426.29000248014927 0 145.8400011062622 0 262.12000048160553 363.2400014549494 426.29000248014927 363.58000357449055 103.36000037193298 171.1099994778633 0 192.13000197708607 0 0 0 0 0 0 0 0 176.02000039815903 158.76000010967255 192.13000197708607 0 171.1099994778633 250.27000208199024 0 103.36000037193298 0 0 0 305.06000401079655 1055.2100052386522 1561.070009097457 2.000000160187483 -4.1899999640882015 2.7200000658631325 2.240000180900097 -4.309999972581863 3.480000101029873 459 5 4 2 0 5 2 2 0 4 0 2 2 2 3 1 1 0 1 0 0 0 0 0 0 0 0 1 1 1 0 1 1 0 1 0 0 0 714.4700056612492 700.7600023299456 274.4699998497963 0 452.7800005674362 426.29000248014927 426.29000248014927 0 294.0200004577637 0 262.12000048160553 363.2400014549494 426.29000248014927 363.58000357449055 103.36000037193298 171.1099994778633 0 192.13000197708607 0 0 0 0 0 0 0 0 176.02000039815903 158.76000010967255 192.13000197708607 0 171.1099994778633 250.27000208199024 0 103.36000037193298 0 0 0 373.76000286638737 1086.3400053530931 1709.2500084489584 2.0000001825392246 -5.169999960809946 2.90000007301569 2.2400002032518387 -5.289999969303608 3.6600001081824303 459 5 6 3 0 7 3 3 0 6 0 3 2 3 3 2 1 0 1 0 0 0 0 0 0 0 0 1 1 1 0 1 2 1 1 0 0 0 714.4700056612492 1087.0600027292967 403.6000006198883 0 620.1899981498718 683.4600021094084 683.4600021094084 0 461.4299980401993 0 391.25000125169754 363.2400014549494 683.4600021094084 363.58000357449055 232.490001142025 171.1099994778633 0 192.13000197708607 0 0 0 0 0 0 0 0 176.02000039815903 158.76000010967255 192.13000197708607 0 171.1099994778633 507.44000171124935 129.130000770092 103.36000037193298 0 0 0 516.9400028288364 1414.9300047457218 2262.960006430745 3.000000223517418 -6.949999954551458 4.0800000838935375 3.350000251084566 -7.1399999633431435 5.020000126212835
460 1 0 0 0 0 0 0 0 0 0 0 1 0 0 0 0 0 1 0 0 0 0 0 0 0 0 0 0 1 0 0 0 0 0 0 0 0 192.13000197708607 0 0 0 0 0 0 0 0 0 0 192.13000197708607 0 0 0 0 0 192.13000197708607 0 0 0 0 0 0 0 0 0 0 192.13000197708607 0 0 0 0 0 0 0 0 34.22000074386597 142.56000085175037 192.13000197708607 2.2351741790771484e-8 -0.3999999985098839 1.4901161193847656e-8 -0.15999998152256012 -0.4699999988079071 1.4901161193847656e-8 460 1 2 2 0 2 0 0 0 2 0 1 2 0 0 1 1 0 1 0 0 0 0 0 0 0 0 0 0 1 0 1 0 0 1 0 0 0 192.13000197708607 274.4699998497963 274.4699998497963 0 145.8400011062622 0 0 0 145.8400011062622 0 103.36000037193298 363.2400014549494 0 0 103.36000037193298 171.1099994778633 0 192.13000197708607 0 0 0 0 0 0 0 0 0 0 192.13000197708607 0 171.1099994778633 0 0 103.36000037193298 0 0 0 163.81000140309334 331.9300026744604 612.4400029331446 4.470348358154297e-8 -2.179999992251396 0.18000000715255737 -0.4599999636411667 -2.3199999928474426 -0.04999999701976776 460 1 4 2 0 2 2 2 0 2 0 1 2 2 0 1 1 0 1 0 0 0 0 0 0 0 0 1 0 1 0 1 1 0 1 0 0 0 192.13000197708607 700.7600023299456 274.4699998497963 0 145.8400011062622 426.29000248014927 426.29000248014927 0 145.8400011062622 0 103.36000037193298 363.2400014549494 426.29000248014927 0 103.36000037193298 171.1099994778633 0 192.13000197708607 0 0 0 0 0 0 0 0 176.02000039815903 0 192.13000197708607 0 171.1099994778633 250.27000208199024 0 103.36000037193298 0 0 0 222.14000204205513 653.0000041723251 1038.7300054132938 2.0000000968575478 -2.979999989271164 2.1800000444054604 2.1200001165270805 -3.259999990463257 2.6700000688433647 460 4 4 2 0 4 2 2 0 3 0 2 2 2 2 1 1 0 1 0 0 0 0 0 0 0 0 1 1 1 0 1 1 0 1 0 0 0 587.9300045967102 700.7600023299456 274.4699998497963 0 386.76000130176544 426.29000248014927 426.29000248014927 0 228.0000011920929 0 262.12000048160553 363.2400014549494 426.29000248014927 237.0400025099516 103.36000037193298 171.1099994778633 0 192.13000197708607 0 0 0 0 0 0 0 0 176.02000039815903 158.76000010967255 192.13000197708607 0 171.1099994778633 250.27000208199024 0 103.36000037193298 0 0 0 324.7900031208992 985.0300054550171 1516.6900081187487 2.0000001527369022 -4.409999970346689 2.630000062286854 2.2600001730024815 -4.509999979287386 3.390000097453594 460 5 5 3 0 4 2 2 0 3 0 3 2 2 3 2 1 0 1 0 0 0 0 0 0 0 0 1 1 1 0 1 1 1 1 0 0 0 714.4700056612492 829.8900031000376 403.6000006198883 0 386.76000130176544 426.29000248014927 426.29000248014927 0 228.0000011920929 0 391.25000125169754 363.2400014549494 426.29000248014927 363.58000357449055 232.490001142025 171.1099994778633 0 192.13000197708607 0 0 0 0 0 0 0 0 176.02000039815903 158.76000010967255 192.13000197708607 0 171.1099994778633 250.27000208199024 129.130000770092 103.36000037193298 0 0 0 373.93000324070454 1156.960006788373 1772.3600099533796 2.0000001676380634 -5.079999960958958 2.8100000582635403 2.1700001880526543 -5.269999969750643 3.5700000934302807 460 5 7 3 0 6 4 4 0 5 0 3 2 4 3 2 1 0 1 0 0 0 0 0 0 0 0 1 1 1 0 1 3 1 1 0 0 0 714.4700056612492 1346.1500018388033 403.6000006198883 0 540.0399996042252 942.550001218915 942.550001218915 0 381.2799994945526 0 391.25000125169754 363.2400014549494 942.550001218915 363.58000357449055 232.490001142025 171.1099994778633 0 192.13000197708607 0 0 0 0 0 0 0 0 176.02000039815903 158.76000010967255 192.13000197708607 0 171.1099994778633 766.530000820756 129.130000770092 103.36000037193298 0 0 0 511.97000351548195 1604.0600041747093 2441.900006994605 4.000000234693289 -6.85999995470047 4.99000009521842 4.460000269114971 -7.119999963790178 6.110000144690275
461 0 1 1 0 0 0 0 0 0 0 1 0 0 0 1 0 0 0 0 0 0 0 0 0 0 0 0 0 0 0 0 0 0 1 0 0 0 0 103.36000037193298 103.36000037193298 0 0 0 0 0 0 0 103.36000037193298 0 0 0 103.36000037193298 0 0 0 0 0 0 0 0 0 0 0 0 0 0 0 0 0 0 103.36000037193298 0 0 0 18.709999799728394 63.80000114440918 103.36000037193298 -7.450580596923828e-9 -0.3999999985098839 -1.4901161193847656e-8 -0.30000001192092896 -0.4699999988079071 -0.23000001907348633 461 1 3 2 0 1 1 1 0 1 0 1 2 1 0 1 1 0 1 0 0 0 0 0 0 0 0 1 0 1 0 1 0 0 1 0 0 0 192.13000197708607 450.4900002479553 274.4699998497963 0 64.06000113487244 176.02000039815903 176.02000039815903 0 64.06000113487244 0 103.36000037193298 363.2400014549494 176.02000039815903 0 103.36000037193298 171.1099994778633 0 192.13000197708607 0 0 0 0 0 0 0 0 176.02000039815903 0 192.13000197708607 0 171.1099994778633 0 0 103.36000037193298 0 0 0 149.60000160336494 446.04000274837017 706.6800033599138 1.000000063329935 -2.089999992400408 1.0900000259280205 1.0100000761449337 -2.2999999932944775 1.4000000432133675 461 2 3 2 0 3 1 1 0 2 0 2 2 1 0 1 1 0 1 0 0 0 0 0 0 0 0 1 1 1 0 1 0 0 1 0 0 0 350.8900020867586 450.4900002479553 274.4699998497963 0 304.60000121593475 176.02000039815903 176.02000039815903 0 145.8400011062622 0 262.12000048160553 363.2400014549494 176.02000039815903 0 103.36000037193298 171.1099994778633 0 192.13000197708607 0 0 0 0 0 0 0 0 176.02000039815903 158.76000010967255 192.13000197708607 0 171.1099994778633 0 0 103.36000037193298 0 0 0 214.52000203728676 583.720001861453 947.2200034409761 1.0000000819563866 -2.979999989271164 1.1800000295042992 0.9000001028180122 -3.259999990463257 1.7600000575184822 461 3 5 3 0 4 2 2 0 3 0 3 2 2 1 2 1 0 1 0 0 0 0 0 0 0 0 1 1 1 0 1 1 1 1 0 0 0 465.5100016146898 829.8900031000376 403.6000006198883 0 386.76000130176544 426.29000248014927 426.29000248014927 0 228.0000011920929 0 391.25000125169754 363.2400014549494 426.29000248014927 114.61999952793121 232.490001142025 171.1099994778633 0 192.13000197708607 0 0 0 0 0 0 0 0 176.02000039815903 158.76000010967255 192.13000197708607 0 171.1099994778633 250.27000208199024 129.130000770092 103.36000037193298 0 0 0 329.04000183939934 968.3800045251846 1523.4000059068203 2.0000001303851604 -4.5399999767541885 2.4500000439584255 2.2100001499056816 -4.689999986439943 3.210000079125166 461 4 5 3 0 5 2 2 0 4 0 3 2 2 2 2 1 0 1 0 0 0 0 0 0 0 0 1 1 1 0 1 1 1 1 0 0 0 587.9300045967102 829.8900031000376 403.6000006198883 0 474.0200003385544 426.29000248014927 426.29000248014927 0 315.26000022888184 0 391.25000125169754 363.2400014549494 426.29000248014927 237.0400025099516 232.490001142025 171.1099994778633 0 192.13000197708607 0 0 0 0 0 0 0 0 176.02000039815903 158.76000010967255 192.13000197708607 0 171.1099994778633 250.27000208199024 129.130000770092 103.36000037193298 0 0 0 396.44000256061554 1087.0700060129166 1733.0800079256296 2.000000160187483 -5.299999967217445 2.7200000546872616 2.190000180155039 -5.469999976456165 3.480000089854002 461 5 6 3 0 7 3 3 0 6 0 3 2 3 3 2 1 0 1 0 0 0 0 0 0 0 0 1 1 1 0 1 2 1 1 0 0 0 714.4700056612492 1088.9800022095442 403.6000006198883 0 611.60999751091 685.3800015896559 685.3800015896559 0 452.8499974012375 0 391.25000125169754 363.2400014549494 685.3800015896559 363.58000357449055 232.490001142025 171.1099994778633 0 192.13000197708607 0 0 0 0 0 0 0 0 176.02000039815903 158.76000010967255 192.13000197708607 0 171.1099994778633 509.36000119149685 129.130000770092 103.36000037193298 0 0 0 520.200001552701 1412.2600043863058 2256.300005272031 3.000000223517418 -6.949999954551458 4.0800000838935375 3.280000250786543 -7.209999963641167 5.020000126212835
462 0 1 1 0 0 0 0 0 0 0 0 1 0 0 0 1 0 0 0 0 0 0 0 0 0 0 0 0 0 0 1 0 0 0 0 0 0 0 171.1099994778633 171.1099994778633 0 0 0 0 0 0 0 0 171.1099994778633 0 0 0 171.1099994778633 0 0 0 0 0 0 0 0 0 0 0 0 0 0 171.1099994778633 0 0 0 0 0 0 37.29000023007393 108.6300006210804 171.1099994778633 7.450580596923828e-9 -0.3999999985098839 0.0 7.450580596923828e-9 -0.3999999985098839 0.0 462 2 3 2 0 1 1 1 0 0 0 2 2 1 0 1 1 0 1 0 0 0 0 0 0 0 0 1 1 1 0 1 0 0 1 0 0 0 350.8900020867586 450.4900002479553 274.4699998497963 0 158.76000010967255 176.02000039815903 176.02000039815903 0 0 0 262.12000048160553 363.2400014549494 176.02000039815903 0 103.36000037193298 171.1099994778633 0 192.13000197708607 0 0 0 0 0 0 0 0 176.02000039815903 158.76000010967255 192.13000197708607 0 171.1099994778633 0 0 103.36000037193298 0 0 0 140.9300014078617 566.7800018042326 801.3800023347139 1.0000000596046448 -1.9999999925494194 1.0000000223517418 0.9000000804662704 -2.2799999937415123 1.5800000503659248 462 2 3 2 0 3 1 1 0 2 0 2 2 1 0 1 1 0 1 0 0 0 0 0 0 0 0 1 1 1 0 1 0 0 1 0 0 0 350.8900020867586 450.4900002479553 274.4699998497963 0 304.98000133037567 176.02000039815903 176.02000039815903 0 146.22000122070313 0 262.12000048160553 363.2400014549494 176.02000039815903 0 103.36000037193298 171.1099994778633 0 192.13000197708607 0 0 0 0 0 0 0 0 176.02000039815903 158.76000010967255 192.13000197708607 0 171.1099994778633 0 0 103.36000037193298 0 0 0 210.71000161767006 592.4100023955107 947.6000035554171 1.0000000819563866 -2.979999989271164 1.1800000295042992 0.9000001028180122 -3.259999990463257 1.7600000575184822 462 2 4 3 0 5 1 1 0 4 0 3 2 1 0 2 1 0 1 0 0 0 0 0 0 0 0 1 1 1 0 1 0 1 1 0 0 0 350.8900020867586 579.6200010180473 403.6000006198883 0 474.0200003385544 176.02000039815903 176.02000039815903 0 315.26000022888184 0 391.25000125169754 363.2400014549494 176.02000039815903 0 232.490001142025 171.1099994778633 0 192.13000197708607 0 0 0 0 0 0 0 0 176.02000039815903 158.76000010967255 192.13000197708607 0 171.1099994778633 0 129.130000770092 103.36000037193298 0 0 0 326.0600011050701 706.6100028008223 1245.7700033336878 1.000000100582838 -4.359999984502792 1.3600000254809856 0.8300001211464405 -4.7099999859929085 1.9400000534951687 462 3 6 3 0 5 3 3 0 4 0 3 2 3 1 2 1 0 1 0 0 0 0 0 0 0 0 1 1 1 0 1 2 1 1 0 0 0 465.5100016146898 1088.9800022095442 403.6000006198883 0 474.0200003385544 685.3800015896559 685.3800015896559 0 315.26000022888184 0 391.25000125169754 363.2400014549494 685.3800015896559 114.61999952793121 232.490001142025 171.1099994778633 0 192.13000197708607 0 0 0 0 0 0 0 0 176.02000039815903 158.76000010967255 192.13000197708607 0 171.1099994778633 509.36000119149685 129.130000770092 103.36000037193298 0 0 0 403.4500022828579 1199.790002733469 1869.7500040531158 3.000000163912773 -5.429999973624945 3.5400000624358654 3.3200001902878284 -5.649999983608723 4.480000104755163 462 5 7 4 0 6 3 3 0 5 0 4 2 3 3 3 1 0 1 0 0 0 0 0 0 0 0 1 1 1 0 1 2 1 2 0 0 0 714.4700056612492 1239.479999884963 554.0999982953072 0 545.5899982452393 685.3800015896559 685.3800015896559 0 386.8299981355667 0 541.7499989271164 363.2400014549494 685.3800015896559 363.58000357449055 382.98999881744385 171.1099994778633 0 192.13000197708607 0 0 0 0 0 0 0 0 176.02000039815903 158.76000010967255 192.13000197708607 0 171.1099994778633 509.36000119149685 129.130000770092 253.85999804735184 0 0 0 519.1300016790628 1496.950003966689 2340.780003681779 3.0000002048909664 -6.85999995470047 3.9900000654160976 3.0700002312660217 -7.1899999640882015 4.790000107139349
463 0 1 0 0 0 1 1 0 0 0 0 0 1 0 0 0 0 0 0 0 0 0 0 0 0 0 1 0 0 0 0 0 0 0 0 0 0 0 176.02000039815903 0 0 0 176.02000039815903 176.02000039815903 0 0 0 0 0 176.02000039815903 0 0 0 0 0 0 0 0 0 0 0 0 0 176.02000039815903 0 0 0 0 0 0 0 0 0 0 29.490000247955322 126.26999992132187 176.02000039815903 1.0000000298023224 -0.3999999985098839 1.0000000223517418 1.4700000509619713 -0.4699999988079071 1.540000043809414 463 1 3 2 0 2 1 1 0 1 0 2 1 1 0 1 1 0 0 0 0 0 0 0 0 0 0 1 1 0 0 1 0 0 1 0 0 0 158.76000010967255 450.4900002479553 274.4699998497963 0 240.92000019550323 176.02000039815903 176.02000039815903 0 82.16000008583069 0 262.12000048160553 171.1099994778633 176.02000039815903 0 103.36000037193298 171.1099994778633 0 0 0 0 0 0 0 0 0 0 176.02000039815903 158.76000010967255 0 0 171.1099994778633 0 0 103.36000037193298 0 0 0 146.60000029206276 445.07000133395195 691.4100004434586 1.0000000484287739 -2.089999992400408 1.0900000110268593 1.0600000731647015 -2.2999999932944775 1.6700000390410423 463 2 4 3 0 2 1 1 0 1 0 3 2 1 0 2 1 0 1 0 0 0 0 0 0 0 0 1 1 1 0 1 0 1 1 0 0 0 350.8900020867586 579.6200010180473 403.6000006198883 0 240.92000019550323 176.02000039815903 176.02000039815903 0 82.16000008583069 0 391.25000125169754 363.2400014549494 176.02000039815903 0 232.490001142025 171.1099994778633 0 192.13000197708607 0 0 0 0 0 0 0 0 176.02000039815903 158.76000010967255 192.13000197708607 0 171.1099994778633 0 129.130000770092 103.36000037193298 0 0 0 209.8000006377697 668.5300033539534 1012.6700031906366 1.0000000670552254 -2.8899999894201756 1.0900000147521496 0.8300000876188278 -3.2399999909102917 1.6700000427663326 463 2 5 3 0 4 2 2 0 3 0 3 2 2 0 2 1 0 1 0 0 0 0 0 0 0 0 1 1 1 0 1 1 1 1 0 0 0 350.8900020867586 838.7100001275539 403.6000006198883 0 392.2400003671646 435.10999950766563 435.10999950766563 0 233.48000025749207 0 391.25000125169754 363.2400014549494 435.10999950766563 0 232.490001142025 171.1099994778633 0 192.13000197708607 0 0 0 0 0 0 0 0 176.02000039815903 158.76000010967255 192.13000197708607 0 171.1099994778633 259.0899991095066 129.130000770092 103.36000037193298 0 0 0 314.1000016629696 904.7200017720461 1423.0800024718046 2.000000111758709 -4.269999984651804 2.270000036805868 1.9400001391768456 -4.689999986439943 3.0300000719726086 463 2 7 4 0 6 3 3 0 5 0 4 2 3 0 3 1 0 1 0 0 0 0 0 0 0 0 1 1 1 0 1 2 1 2 0 0 0 350.8900020867586 1239.479999884963 554.0999982953072 0 545.5899982452393 685.3800015896559 685.3800015896559 0 386.8299981355667 0 541.7499989271164 363.2400014549494 685.3800015896559 0 382.98999881744385 171.1099994778633 0 192.13000197708607 0 0 0 0 0 0 0 0 176.02000039815903 158.76000010967255 192.13000197708607 0 171.1099994778633 509.36000119149685 129.130000770092 253.85999804735184 0 0 0 457.4300000965595 1220.2600021660328 1977.2000001072884 3.000000149011612 -6.049999978393316 3.4500000439584255 2.840000182390213 -6.609999980777502 4.250000085681677 463 4 7 4 0 7 3 3 0 6 0 4 2 3 2 3 1 0 1 0 0 0 0 0 0 0 0 1 1 1 0 1 2 1 2 0 0 0 587.9300045967102 1239.479999884963 554.0999982953072 0 625.1999998092651 685.3800015896559 685.3800015896559 0 466.4399996995926 0 541.7499989271164 363.2400014549494 685.3800015896559 237.0400025099516 382.98999881744385 171.1099994778633 0 192.13000197708607 0 0 0 0 0 0 0 0 176.02000039815903 158.76000010967255 192.13000197708607 0 171.1099994778633 509.36000119149685 129.130000770092 253.85999804735184 0 0 0 536.3200015425682 1428.7900046408176 2293.850004181266 3.000000197440386 -7.079999960958958 3.900000061839819 3.0900002233684063 -7.389999970793724 4.70000010356307
464 1 0 0 0 1 0 0 0 0 0 1 0 0 0 0 0 0 0 0 0 0 0 0 0 0 0 0 1 0 0 0 0 0 0 0 0 0 158.76000010967255 0 0 0 158.76000010967255 0 0 0 0 0 158.76000010967255 0 0 0 0 0 0 0 0 0 0 0 0 0 0 0 0 158.76000010967255 0 0 0 0 0 0 0 0 0 21.220000386238098 125.51999926567078 158.76000010967255 7.450580596923828e-9 -0.3999999985098839 0.0 -0.10999998450279236 -0.4699999988079071 0.27000001072883606 464 1 3 2 0 2 1 1 0 1 0 2 1 1 0 1 1 0 0 0 0 0 0 0 0 0 0 1 1 0 0 1 0 1 0 0 0 0 158.76000010967255 476.26000064611435 300.2400002479553 0 240.92000019550323 176.02000039815903 176.02000039815903 0 82.16000008583069 0 287.89000087976456 171.1099994778633 176.02000039815903 0 129.130000770092 171.1099994778633 0 0 0 0 0 0 0 0 0 0 176.02000039815903 158.76000010967255 0 0 171.1099994778633 0 129.130000770092 0 0 0 0 156.87000009417534 462.1700013577938 717.1800008416176 1.0000000521540642 -2.089999992400408 1.0900000147521496 1.290000081062317 -2.2999999932944775 1.9000000469386578 464 1 4 3 0 3 1 1 0 2 0 3 1 1 0 2 1 0 0 0 0 0 0 0 0 0 0 1 1 0 0 1 0 1 1 0 0 0 158.76000010967255 579.6200010180473 403.6000006198883 0 328.1799992322922 176.02000039815903 176.02000039815903 0 169.41999912261963 0 391.25000125169754 171.1099994778633 176.02000039815903 0 232.490001142025 171.1099994778633 0 0 0 0 0 0 0 0 0 0 176.02000039815903 158.76000010967255 0 0 171.1099994778633 0 129.130000770092 103.36000037193298 0 0 0 218.2499997317791 547.1100018918514 907.8000002503395 1.0000000558793545 -2.979999989271164 1.180000003427267 0.9900000803172588 -3.259999990463257 1.7600000314414501 464 2 5 3 0 5 2 2 0 4 0 3 2 2 0 2 1 0 1 0 0 0 0 0 0 0 0 1 1 1 0 1 1 1 1 0 0 0 350.8900020867586 838.7100001275539 403.6000006198883 0 463.8099982738495 435.10999950766563 435.10999950766563 0 305.04999816417694 0 391.25000125169754 363.2400014549494 435.10999950766563 0 232.490001142025 171.1099994778633 0 192.13000197708607 0 0 0 0 0 0 0 0 176.02000039815903 158.76000010967255 192.13000197708607 0 171.1099994778633 259.0899991095066 129.130000770092 103.36000037193298 0 0 0 357.1500003039837 918.3300014287233 1494.6500003784895 2.00000012293458 -4.759999983012676 2.360000040382147 1.9400001503527164 -5.179999984800816 3.1200000755488873 464 2 6 4 0 6 2 2 0 5 0 4 2 2 0 3 1 0 1 0 0 0 0 0 0 0 0 1 1 1 0 1 1 1 2 0 0 0 350.8900020867586 989.2099978029728 554.0999982953072 0 545.5899982452393 435.10999950766563 435.10999950766563 0 386.8299981355667 0 541.7499989271164 363.2400014549494 435.10999950766563 0 382.98999881744385 171.1099994778633 0 192.13000197708607 0 0 0 0 0 0 0 0 176.02000039815903 158.76000010967255 192.13000197708607 0 171.1099994778633 259.0899991095066 129.130000770092 253.85999804735184 0 0 0 428.58999970555305 1025.46000058949 1726.9299980252981 2.00000012665987 -5.649999979883432 2.4500000290572643 1.730000153183937 -6.139999981969595 3.0700000636279583 464 3 8 5 0 7 3 3 0 6 0 4 3 3 1 3 2 0 1 0 0 0 0 0 0 0 0 1 1 1 0 2 2 1 2 0 0 0 462.10000194609165 1415.8800001740456 730.4999985843897 0 625.1999998092651 685.3800015896559 685.3800015896559 0 466.4399996995926 0 541.7499989271164 539.6400017440319 685.3800015896559 111.20999985933304 382.98999881744385 347.50999976694584 0 192.13000197708607 0 0 0 0 0 0 0 0 176.02000039815903 158.76000010967255 192.13000197708607 0 347.50999976694584 509.36000119149685 129.130000770092 253.85999804735184 0 0 0 549.5100017488003 1450.250001654029 2344.42000181973 3.000000186264515 -7.209999967366457 3.7200000546872616 2.8400002233684063 -7.859999969601631 4.610000099986792
465 0 0 0 0 1 0 0 0 1 0 0 0 0 0 0 0 0 0 0 0 0 0 0 0 0 0 0 0 0 0 0 0 0 0 0 0 0 0 0 0 0 82.16000008583069 0 0 0 82.16000008583069 0 0 0 0 0 0 0 0 0 0 0 0 0 0 0 0 0 0 0 0 0 0 0 0 0 0 0 0 39.88999962806702 20.850000381469727 82.16000008583069 1.1175870895385742e-8 -0.48999999836087227 0.09000000357627869 1.1175870895385742e-8 -0.48999999836087227 0.09000000357627869 465 1 2 1 0 3 1 1 0 2 0 2 0 1 0 1 0 0 0 0 0 0 0 0 0 0 0 1 1 0 0 0 0 1 0 0 0 0 158.76000010967255 305.15000116825104 129.130000770092 0 328.1799992322922 176.02000039815903 176.02000039815903 0 169.41999912261963 0 287.89000087976456 0 176.02000039815903 0 129.130000770092 0 0 0 0 0 0 0 0 0 0 0 176.02000039815903 158.76000010967255 0 0 0 0 129.130000770092 0 0 0 0 162.24999970197678 374.68000012636185 633.3300004005432 1.0000000558793545 -2.179999992251396 1.1800000183284283 1.2900000847876072 -2.389999993145466 1.9900000505149364 465 1 4 2 0 3 2 2 0 2 0 2 1 2 0 1 1 0 0 0 0 0 0 0 0 0 0 1 1 0 0 1 1 1 0 0 0 0 158.76000010967255 735.349999755621 300.2400002479553 0 328.1799992322922 435.10999950766563 435.10999950766563 0 169.41999912261963 0 287.89000087976456 171.1099994778633 435.10999950766563 0 129.130000770092 171.1099994778633 0 0 0 0 0 0 0 0 0 0 176.02000039815903 158.76000010967255 0 0 171.1099994778633 259.0899991095066 129.130000770092 0 0 0 0 231.2800005376339 693.5799995660782 1063.5299989879131 2.000000085681677 -2.979999989271164 2.1800000332295895 2.4000001214444637 -3.259999990463257 3.170000072568655 465 2 6 4 0 4 2 2 0 3 0 4 2 2 0 3 1 0 1 0 0 0 0 0 0 0 0 1 1 1 0 1 1 1 2 0 0 0 350.8900020867586 989.2099978029728 554.0999982953072 0 399.74999713897705 435.10999950766563 435.10999950766563 0 240.9899970293045 0 541.7499989271164 363.2400014549494 435.10999950766563 0 382.98999881744385 171.1099994778633 0 192.13000197708607 0 0 0 0 0 0 0 0 176.02000039815903 158.76000010967255 192.13000197708607 0 171.1099994778633 259.0899991095066 129.130000770092 253.85999804735184 0 0 0 354.999999076128 1008.5200005322695 1581.089996919036 2.0000001043081284 -4.669999983161688 2.270000021904707 1.7300001308321953 -5.15999998524785 2.890000056475401 465 2 6 4 0 6 2 2 0 5 0 4 2 2 0 3 1 0 1 0 0 0 0 0 0 0 0 1 1 1 0 1 1 1 2 0 0 0 350.8900020867586 989.2099978029728 554.0999982953072 0 543.4199998378754 435.10999950766563 435.10999950766563 0 384.6599997282028 0 541.7499989271164 363.2400014549494 435.10999950766563 0 382.98999881744385 171.1099994778633 0 192.13000197708607 0 0 0 0 0 0 0 0 176.02000039815903 158.76000010967255 192.13000197708607 0 171.1099994778633 259.0899991095066 129.130000770092 253.85999804735184 0 0 0 422.24000003933907 1036.1700015813112 1724.7599996179342 2.00000012665987 -5.649999979883432 2.4500000290572643 1.730000153183937 -6.139999981969595 3.0700000636279583 465 3 7 5 0 7 2 2 0 6 0 4 4 2 0 3 2 0 2 0 0 0 0 0 0 0 0 1 1 2 0 2 1 1 2 0 0 0 517.9400016665459 1165.6099980920553 730.4999985843897 0 625.1999998092651 435.10999950766563 435.10999950766563 0 466.4399996995926 0 541.7499989271164 706.6900013238192 435.10999950766563 0 382.98999881744385 347.50999976694584 0 359.1800015568733 0 0 0 0 0 0 0 0 176.02000039815903 158.76000010967255 359.1800015568733 0 347.50999976694584 259.0899991095066 129.130000770092 253.85999804735184 0 0 0 533.3400013297796 1289.060000360012 2149.989999458194 2.0000001676380634 -6.939999975264072 2.540000047534704 1.8900001980364323 -7.499999977648258 3.3900000862777233
466 0 1 1 0 0 0 0 0 0 0 1 0 0 0 1 0 0 0 0 0 0 0 0 0 0 0 0 0 0 0 0 0 1 0 0 0 0 0 129.130000770092 129.130000770092 0 0 0 0 0 0 0 129.130000770092 0 0 0 129.130000770092 0 0 0 0 0 0 0 0 0 0 0 0 0 0 0 0 0 129.130000770092 0 0 0 0 28.979999601840973 80.90000116825104 129.130000770092 -3.725290298461914e-9 -0.3999999985098839 -1.1175870895385742e-8 -0.07000000402331352 -0.4699999988079071 -1.1175870895385742e-8 466 1 2 1 0 3 1 1 0 2 0 2 0 1 0 1 0 0 0 0 0 0 0 0 0 0 0 0 1 0 0 0 1 1 0 0 0 0 158.76000010967255 388.2199998795986 129.130000770092 0 328.1799992322922 259.0899991095066 259.0899991095066 0 169.41999912261963 0 287.89000087976456 0 259.0899991095066 0 129.130000770092 0 0 0 0 0 0 0 0 0 0 0 0 158.76000010967255 0 0 0 259.0899991095066 129.130000770092 0 0 0 0 164.50000005960464 458.6799990236759 716.3999991118908 1.0000000484287739 -2.179999992251396 1.1800000108778477 0.9300000630319118 -2.389999993145466 1.630000028759241 466 1 3 1 0 4 2 2 0 3 0 2 0 2 0 1 0 0 0 0 0 0 0 0 0 0 0 1 1 0 0 0 1 1 0 0 0 0 158.76000010967255 564.2400002777576 129.130000770092 0 399.74999713897705 435.10999950766563 435.10999950766563 0 240.9899970293045 0 287.89000087976456 0 435.10999950766563 0 129.130000770092 0 0 0 0 0 0 0 0 0 0 0 176.02000039815903 158.76000010967255 0 0 0 259.0899991095066 129.130000770092 0 0 0 0 237.03999894857407 598.559998601675 963.9899974167347 2.000000089406967 -3.0699999891221523 2.270000036805868 2.400000125169754 -3.3499999903142452 3.2600000761449337 466 1 6 4 0 5 2 2 0 4 0 4 1 2 0 3 1 0 0 0 0 0 0 0 0 0 0 1 1 0 0 1 1 1 2 0 0 0 158.76000010967255 989.2099978029728 554.0999982953072 0 479.35999870300293 435.10999950766563 435.10999950766563 0 320.5999985933304 0 541.7499989271164 171.1099994778633 435.10999950766563 0 382.98999881744385 171.1099994778633 0 0 0 0 0 0 0 0 0 0 176.02000039815903 158.76000010967255 0 0 171.1099994778633 259.0899991095066 129.130000770092 253.85999804735184 0 0 0 358.12999871373177 888.8300005197525 1468.5699965059757 2.0000000931322575 -4.759999983012676 2.3600000105798244 1.8900001235306263 -5.179999984800816 2.9800000451505184 466 2 7 5 0 5 2 2 0 4 0 4 3 2 0 3 2 0 1 0 0 0 0 0 0 0 0 1 1 1 0 2 1 1 2 0 0 0 350.8900020867586 1165.6099980920553 730.4999985843897 0 479.35999870300293 435.10999950766563 435.10999950766563 0 320.5999985933304 0 541.7499989271164 539.6400017440319 435.10999950766563 0 382.98999881744385 347.50999976694584 0 192.13000197708607 0 0 0 0 0 0 0 0 176.02000039815903 158.76000010967255 192.13000197708607 0 347.50999976694584 259.0899991095066 129.130000770092 253.85999804735184 0 0 0 430.3500008881092 1151.700000077486 1837.0999987721443 2.00000012293458 -5.559999980032444 2.3600000254809856 1.7500001527369022 -6.11999998241663 3.0700000636279583 466 4 10 7 0 7 3 2 1 6 0 4 7 2 1 3 4 1 2 0 0 0 0 1 0 0 0 1 1 2 0 4 1 1 2 0 0 0 629.1500015258789 1650.6299970149994 1079.779996946454 0 625.1999998092651 570.8500000685453 435.10999950766563 135.7400005608797 466.4399996995926 0 541.7499989271164 1191.7100002467632 435.10999950766563 111.20999985933304 382.98999881744385 696.7899981290102 135.7400005608797 359.1800015568733 0 0 0 0 135.7400005608797 0 0 0 176.02000039815903 158.76000010967255 359.1800015568733 0 696.7899981290102 259.0899991095066 129.130000770092 253.85999804735184 0 0 0 642.5800000876188 1722.500000193715 2746.219998240471 1.000000238418579 -8.409999962896109 1.720000084489584 1.090000282973051 -9.129999965429306 2.930000137537718
467 0 0 0 0 1 0 0 0 1 0 0 0 0 0 0 0 0 0 0 0 0 0 0 0 0 0 0 0 0 0 0 0 0 0 0 0 0 0 0 0 0 87.25999903678894 0 0 0 87.25999903678894 0 0 0 0 0 0 0 0 0 0 0 0 0 0 0 0 0 0 0 0 0 0 0 0 0 0 0 0 42.669999837875366 21.139999389648438 87.25999903678894 1.1175870895385742e-8 -0.48999999836087227 0.09000000357627869 1.1175870895385742e-8 -0.48999999836087227 0.09000000357627869 467 0 2 1 0 3 1 1 0 3 0 1 0 1 0 1 0 0 0 0 0 0 0 0 0 0 0 0 0 0 0 0 1 1 0 0 0 0 0 388.2199998795986 129.130000770092 0 240.9899970293045 259.0899991095066 259.0899991095066 0 240.9899970293045 0 129.130000770092 0 259.0899991095066 0 129.130000770092 0 0 0 0 0 0 0 0 0 0 0 0 0 0 0 0 259.0899991095066 129.130000770092 0 0 0 0 186.32999831438065 346.7699994146824 629.2099969089031 1.0000000521540642 -2.2699999921023846 1.2700000144541264 1.040000058710575 -2.409999992698431 1.4500000216066837 467 1 3 2 0 4 1 1 0 3 0 3 0 1 0 2 0 0 0 0 0 0 0 0 0 0 0 0 1 0 0 0 1 1 1 0 0 0 158.76000010967255 538.7199975550175 279.62999844551086 0 399.74999713897705 259.0899991095066 259.0899991095066 0 240.9899970293045 0 438.3899985551834 0 259.0899991095066 0 279.62999844551086 0 0 0 0 0 0 0 0 0 0 0 0 158.76000010967255 0 0 0 259.0899991095066 129.130000770092 150.49999767541885 0 0 0 235.2899980545044 567.2599979937077 938.4699946939945 1.0000000521540642 -3.0699999891221523 1.2699999995529652 0.7200000658631325 -3.3499999903142452 1.5800000168383121 467 1 6 4 0 5 2 2 0 4 0 3 2 2 0 2 2 0 0 0 0 0 0 0 0 0 0 1 1 0 0 2 1 1 1 0 0 0 158.76000010967255 1062.2499977201223 627.1399982124567 0 479.35999870300293 435.10999950766563 435.10999950766563 0 320.5999985933304 0 438.3899985551834 347.50999976694584 435.10999950766563 0 279.62999844551086 347.50999976694584 0 0 0 0 0 0 0 0 0 0 176.02000039815903 158.76000010967255 0 0 347.50999976694584 259.0899991095066 129.130000770092 150.49999767541885 0 0 0 377.42000034451485 945.3399980813265 1541.6099964231253 2.0000001080334187 -4.759999983012676 2.3600000254809856 2.2100001461803913 -5.179999984800816 3.3000000678002834 467 2 8 5 0 5 3 2 1 4 0 4 4 2 0 3 2 1 1 0 0 0 0 1 0 0 0 1 1 1 0 2 1 1 2 0 0 0 325.8099996894598 1301.349998652935 730.4999985843897 0 479.35999870300293 570.8500000685453 435.10999950766563 135.7400005608797 320.5999985933304 0 541.7499989271164 650.2999999076128 435.10999950766563 0 382.98999881744385 347.50999976694584 135.7400005608797 167.04999957978725 0 0 0 0 135.7400005608797 0 0 0 176.02000039815903 158.76000010967255 167.04999957978725 0 347.50999976694584 259.0899991095066 129.130000770092 253.85999804735184 0 0 0 464.2399996370077 1211.3900005221367 1947.7599969357252 1.0000001601874828 -5.959999978542328 1.360000055283308 1.0500001944601536 -6.4499999806284904 2.210000094026327 467 4 11 7 0 7 4 3 1 6 0 4 7 3 1 3 4 1 2 0 0 0 0 1 0 0 0 1 1 2 0 4 2 1 2 0 0 0 629.1500015258789 1861.1199971586466 1079.779996946454 0 609.4499987363815 781.3400002121925 645.5999996513128 135.7400005608797 450.689998626709 0 541.7499989271164 1191.7100002467632 645.5999996513128 111.20999985933304 382.98999881744385 696.7899981290102 135.7400005608797 359.1800015568733 0 0 0 0 135.7400005608797 0 0 0 176.02000039815903 158.76000010967255 359.1800015568733 0 696.7899981290102 469.5799992531538 129.130000770092 253.85999804735184 0 0 0 659.9199988692999 1876.7400001585484 2940.9599973112345 2.000000260770321 -8.809999961405993 2.720000099390745 1.910000305622816 -9.599999964237213 3.8200001530349255
468 0 1 0 0 0 1 1 0 0 0 0 0 1 0 0 0 0 0 0 0 0 0 0 0 0 0 0 0 0 0 0 1 0 0 0 0 0 0 259.0899991095066 0 0 0 259.0899991095066 259.0899991095066 0 0 0 0 0 259.0899991095066 0 0 0 0 0 0 0 0 0 0 0 0 0 0 0 0 0 0 259.0899991095066 0 0 0 0 0 31.74000060558319 210.26999881863594 259.0899991095066 1.0000000223517418 -0.3999999985098839 1.0000000149011612 1.110000029206276 -0.4699999988079071 1.1800000220537186 468 0 3 2 0 2 1 1 0 2 0 2 0 1 0 2 0 0 0 0 0 0 0 0 0 0 0 0 0 0 0 0 1 1 1 0 0 0 0 538.7199975550175 279.62999844551086 0 158.82999694347382 259.0899991095066 259.0899991095066 0 158.82999694347382 0 279.62999844551086 0 259.0899991095066 0 279.62999844551086 0 0 0 0 0 0 0 0 0 0 0 0 0 0 0 0 259.0899991095066 129.130000770092 150.49999767541885 0 0 0 174.17999804019928 420.88999834656715 697.5499944984913 1.0000000335276127 -2.179999992251396 1.1799999959766865 0.8300000391900539 -2.389999993145466 1.2200000025331974 468 0 3 2 0 4 1 1 0 4 0 2 0 1 0 2 0 0 0 0 0 0 0 0 0 0 0 0 0 0 0 0 1 1 1 0 0 0 0 538.7199975550175 279.62999844551086 0 320.5999985933304 259.0899991095066 259.0899991095066 0 320.5999985933304 0 279.62999844551086 0 259.0899991095066 0 279.62999844551086 0 0 0 0 0 0 0 0 0 0 0 0 0 0 0 0 259.0899991095066 129.130000770092 150.49999767541885 0 0 0 251.41999804973602 464.6099995672703 859.3199961483479 1.0000000558793545 -3.1599999889731407 1.3600000031292439 0.8300000615417957 -3.3699999898672104 1.4000000096857548 468 2 5 3 0 5 2 2 0 4 0 3 2 2 0 2 1 0 1 0 0 0 0 0 0 0 0 1 1 1 0 1 1 1 1 0 0 0 325.8099996894598 891.139998242259 456.0299987345934 0 479.35999870300293 435.10999950766563 435.10999950766563 0 320.5999985933304 0 438.3899985551834 343.4499998688698 435.10999950766563 0 279.62999844551086 176.40000028908253 0 167.04999957978725 0 0 0 0 0 0 0 0 176.02000039815903 158.76000010967255 167.04999957978725 0 176.40000028908253 259.0899991095066 129.130000770092 150.49999767541885 0 0 0 369.5299999266863 957.1299976855516 1537.5499965250492 2.00000012293458 -4.759999983012676 2.360000040382147 2.350000161677599 -5.179999984800816 3.440000083297491 468 2 7 4 0 5 3 2 1 4 0 3 4 2 0 2 2 1 1 0 0 0 0 1 0 0 0 1 1 1 0 2 1 1 1 0 0 0 325.8099996894598 1197.989998281002 627.1399982124567 0 479.35999870300293 570.8500000685453 435.10999950766563 135.7400005608797 320.5999985933304 0 438.3899985551834 650.2999999076128 435.10999950766563 0 279.62999844551086 347.50999976694584 135.7400005608797 167.04999957978725 0 0 0 0 135.7400005608797 0 0 0 176.02000039815903 158.76000010967255 167.04999957978725 0 347.50999976694584 259.0899991095066 129.130000770092 150.49999767541885 0 0 0 445.5299998372793 1147.5899993777275 1844.3999965637922 1.0000001676380634 -5.559999980032444 1.3600000701844692 1.3500002063810825 -5.979999981820583 2.4400001130998135 468 4 11 7 0 6 4 3 1 5 0 4 7 3 1 3 4 1 2 0 0 0 0 1 0 0 0 1 1 2 0 4 2 1 2 0 0 0 629.1500015258789 1861.1199971586466 1079.779996946454 0 545.3899976015091 781.3400002121925 645.5999996513128 135.7400005608797 386.62999749183655 0 541.7499989271164 1191.7100002467632 645.5999996513128 111.20999985933304 382.98999881744385 696.7899981290102 135.7400005608797 359.1800015568733 0 0 0 0 135.7400005608797 0 0 0 176.02000039815903 158.76000010967255 359.1800015568733 0 696.7899981290102 469.5799992531538 129.130000770092 253.85999804735184 0 0 0 630.0299982875586 1871.95999994874 2876.899996176362 2.00000024959445 -8.31999996304512 2.6300000958144665 1.9100002944469452 -9.10999996587634 3.7300001494586468
469 0 0 0 0 1 0 0 0 1 0 0 0 0 0 0 0 0 0 0 0 0 0 0 0 0 0 0 0 0 0 0 0 0 0 0 0 0 0 0 0 0 71.56999790668488 0 0 0 71.56999790668488 0 0 0 0 0 0 0 0 0 0 0 0 0 0 0 0 0 0 0 0 0 0 0 0 0 0 0 0 43.0499986410141 13.609999656677246 71.56999790668488 1.1175870895385742e-8 -0.48999999836087227 0.09000000357627869 1.1175870895385742e-8 -0.48999999836087227 0.09000000357627869 469 0 2 1 0 3 1 1 0 3 0 1 0 1 0 1 0 0 0 0 0 0 0 0 0 0 0 0 0 0 0 0 1 0 1 0 0 0 0 409.58999678492546 150.49999767541885 0 238.4399985074997 259.0899991095066 259.0899991095066 0 238.4399985074997 0 150.49999767541885 0 259.0899991095066 0 150.49999767541885 0 0 0 0 0 0 0 0 0 0 0 0 0 0 0 0 259.0899991095066 0 150.49999767541885 0 0 0 182.54999881982803 362.8599980175495 648.0299952924252 1.0000000484287739 -2.2699999921023846 1.270000010728836 0.9000000543892384 -2.409999992698431 1.310000017285347 469 0 4 3 0 3 1 1 0 3 0 2 1 1 0 2 1 0 0 0 0 0 0 0 0 0 0 0 0 0 0 1 1 1 1 0 0 0 0 715.1199978441 456.0299987345934 0 238.4399985074997 259.0899991095066 259.0899991095066 0 238.4399985074997 0 279.62999844551086 176.40000028908253 259.0899991095066 0 279.62999844551086 176.40000028908253 0 0 0 0 0 0 0 0 0 0 0 0 0 0 176.40000028908253 259.0899991095066 129.130000770092 150.49999767541885 0 0 0 249.52999985218048 564.0699978917837 953.5599963515997 1.0000000521540642 -3.0699999891221523 1.2699999995529652 0.8500000610947609 -3.3499999903142452 1.4000000096857548 469 2 5 3 0 5 2 1 1 4 0 3 3 1 0 2 1 1 1 0 0 0 0 1 0 0 0 0 1 1 0 1 1 1 1 0 0 0 325.8099996894598 850.8599984049797 456.0299987345934 0 479.35999870300293 394.8299996703863 259.0899991095066 135.7400005608797 320.5999985933304 0 438.3899985551834 479.1900004297495 259.0899991095066 0 279.62999844551086 176.40000028908253 135.7400005608797 167.04999957978725 0 0 0 0 135.7400005608797 0 0 0 0 158.76000010967255 167.04999957978725 0 176.40000028908253 259.0899991095066 129.130000770092 150.49999767541885 0 0 0 378.74999935925007 912.6899988353252 1497.26999668777 1.30385160446167e-7 -4.759999983012676 0.36000004783272743 -0.11999985203146935 -5.109999984502792 0.9000000692903996 469 2 7 3 0 6 4 3 1 5 0 3 3 3 0 2 1 1 1 0 0 0 0 1 0 0 0 1 1 1 0 1 2 1 1 0 0 0 325.8099996894598 1237.369998946786 456.0299987345934 0 545.3899976015091 781.3400002121925 645.5999996513128 135.7400005608797 386.62999749183655 0 438.3899985551834 479.1900004297495 645.5999996513128 0 279.62999844551086 176.40000028908253 135.7400005608797 167.04999957978725 0 0 0 0 135.7400005608797 0 0 0 176.02000039815903 158.76000010967255 167.04999957978725 0 176.40000028908253 469.5799992531538 129.130000770092 150.49999767541885 0 0 0 469.27999843657017 1205.3599985688925 1949.8099961280823 2.0000001937150955 -6.049999978393316 2.450000088661909 2.170000232756138 -6.539999980479479 3.4200001321733 469 3 12 8 1 6 4 3 1 5 0 5 6 3 0 4 4 1 1 1 0 0 0 1 1 0 0 1 1 1 0 4 2 1 3 0 0 0 504.21999979019165 1991.3399957567453 1209.9999955445528 178.41000010073185 545.3899976015091 781.3400002121925 645.5999996513128 135.7400005608797 386.62999749183655 0 671.9699975252151 999.5799982696772 645.5999996513128 0 513.2099974155426 696.7899981290102 135.7400005608797 167.04999957978725 178.41000010073185 0 0 0 135.7400005608797 178.41000010073185 0 0 176.02000039815903 158.76000010967255 167.04999957978725 0 696.7899981290102 469.5799992531538 129.130000770092 384.0799966454506 0 0 0 635.0799980610609 1864.9699978381395 2882.1899930387735 2.0000002086162567 -8.44999996945262 2.4500000588595867 1.810000255703926 -9.289999973028898 3.4100001119077206
470 0 1 1 0 0 0 0 0 0 0 1 0 0 0 1 0 0 0 0 0 0 0 0 0 0 0 0 0 0 0 0 0 0 1 0 0 0 0 150.49999767541885 150.49999767541885 0 0 0 0 0 0 0 150.49999767541885 0 0 0 150.49999767541885 0 0 0 0 0 0 0 0 0 0 0 0 0 0 0 0 0 0 150.49999767541885 0 0 0 27.73999935388565 94.96999931335449 150.49999767541885 -7.450580596923828e-9 -0.3999999985098839 -1.4901161193847656e-8 -0.21000000834465027 -0.4699999988079071 -0.14000001549720764 470 0 3 2 0 2 1 1 0 2 0 1 1 1 0 1 1 0 0 0 0 0 0 0 0 0 0 0 0 0 0 1 1 0 1 0 0 0 0 585.989997074008 326.8999979645014 0 151.17999947071075 259.0899991095066 259.0899991095066 0 151.17999947071075 0 150.49999767541885 176.40000028908253 259.0899991095066 0 150.49999767541885 176.40000028908253 0 0 0 0 0 0 0 0 0 0 0 0 0 0 176.40000028908253 259.0899991095066 0 150.49999767541885 0 0 0 177.88000041246414 462.02999733388424 737.1699965447187 1.0000000447034836 -2.179999992251396 1.1800000071525574 0.9200000539422035 -2.389999993145466 1.310000017285347 470 1 3 2 0 3 1 1 0 3 0 1 2 1 0 1 1 0 1 0 0 0 0 0 0 0 0 0 0 1 0 1 1 0 1 0 0 0 167.04999957978725 585.989997074008 326.8999979645014 0 238.4399985074997 259.0899991095066 259.0899991095066 0 238.4399985074997 0 150.49999767541885 343.4499998688698 259.0899991095066 0 150.49999767541885 176.40000028908253 0 167.04999957978725 0 0 0 0 0 0 0 0 0 0 167.04999957978725 0 176.40000028908253 259.0899991095066 0 150.49999767541885 0 0 0 249.95000006258488 603.5899969488382 991.4799951612949 1.0000000782310963 -3.0699999891221523 1.2700000256299973 1.0600000880658627 -3.279999990016222 1.5400000363588333 470 1 5 3 0 5 2 1 1 5 0 2 3 1 0 2 1 1 1 0 0 0 0 1 0 0 0 0 0 1 0 1 1 1 1 0 0 0 167.04999957978725 850.8599984049797 456.0299987345934 0 386.62999749183655 394.8299996703863 259.0899991095066 135.7400005608797 386.62999749183655 0 279.62999844551086 479.1900004297495 259.0899991095066 0 279.62999844551086 176.40000028908253 135.7400005608797 167.04999957978725 0 0 0 0 135.7400005608797 0 0 0 0 0 167.04999957978725 0 176.40000028908253 259.0899991095066 129.130000770092 150.49999767541885 0 0 0 399.38999803364277 790.3499996364117 1404.5399954766035 1.341104507446289e-7 -4.849999982863665 0.4500000514090061 -0.009999856352806091 -5.1299999840557575 0.7200000621378422 470 3 7 3 1 6 4 3 1 5 0 3 3 3 0 2 1 1 1 1 0 0 0 1 1 0 0 1 1 1 0 1 2 1 1 0 0 0 504.21999979019165 1237.369998946786 456.0299987345934 178.41000010073185 545.3899976015091 781.3400002121925 645.5999996513128 135.7400005608797 386.62999749183655 0 438.3899985551834 479.1900004297495 645.5999996513128 0 279.62999844551086 176.40000028908253 135.7400005608797 167.04999957978725 178.41000010073185 0 0 0 135.7400005608797 178.41000010073185 0 0 176.02000039815903 158.76000010967255 167.04999957978725 0 176.40000028908253 469.5799992531538 129.130000770092 150.49999767541885 0 0 0 499.97999884188175 1347.4299982637167 2128.219996228814 2.000000201165676 -6.4499999769032 2.450000088661909 2.100000239908695 -7.009999979287386 3.4200001321733 470 3 10 6 1 7 4 3 1 6 0 4 5 3 0 3 3 1 1 1 0 0 0 1 1 0 0 1 1 1 0 3 2 1 2 0 0 0 504.21999979019165 1703.8499969989061 922.5099967867136 178.41000010073185 620.709999024868 781.3400002121925 645.5999996513128 135.7400005608797 461.94999891519547 0 568.6099971532822 815.4499998837709 645.5999996513128 0 409.8499970436096 512.659999743104 135.7400005608797 167.04999957978725 178.41000010073185 0 0 0 135.7400005608797 178.41000010073185 0 0 176.02000039815903 158.76000010967255 167.04999957978725 0 512.659999743104 469.5799992531538 129.130000770092 280.7199962735176 0 0 0 634.2600006908178 1672.4399978071451 2670.0199957042933 2.0000002197921276 -8.139999970793724 2.5400000773370266 2.1800002716481686 -8.839999973773956 3.7300001345574856
471 0 0 0 0 1 0 0 0 1 0 0 0 0 0 0 0 0 0 0 0 0 0 0 0 0 0 0 0 0 0 0 0 0 0 0 0 0 0 0 0 0 79.61000156402588 0 0 0 79.61000156402588 0 0 0 0 0 0 0 0 0 0 0 0 0 0 0 0 0 0 0 0 0 0 0 0 0 0 0 0 37.35000038146973 22.8700008392334 79.61000156402588 1.1175870895385742e-8 -0.48999999836087227 0.09000000357627869 1.1175870895385742e-8 -0.48999999836087227 0.09000000357627869 471 1 2 2 0 2 0 0 0 2 0 1 2 0 0 1 1 0 1 0 0 0 0 0 0 0 0 0 0 1 0 1 0 0 1 0 0 0 167.04999957978725 326.8999979645014 326.8999979645014 0 151.17999947071075 0 0 0 151.17999947071075 0 150.49999767541885 343.4499998688698 0 0 150.49999767541885 176.40000028908253 0 167.04999957978725 0 0 0 0 0 0 0 0 0 0 167.04999957978725 0 176.40000028908253 0 0 150.49999767541885 0 0 0 175.53999961912632 372.17999874055386 645.1299970149994 4.470348358154297e-8 -2.179999992251396 0.18000000715255737 -0.04999995231628418 -2.3199999928474426 0.27000001072883606 471 1 4 2 0 2 2 1 1 2 0 1 3 1 0 1 1 1 1 0 0 0 0 1 0 0 0 0 0 1 0 1 1 0 1 0 0 0 167.04999957978725 721.7299976348877 326.8999979645014 0 151.17999947071075 394.8299996703863 259.0899991095066 135.7400005608797 151.17999947071075 0 150.49999767541885 479.1900004297495 259.0899991095066 0 150.49999767541885 176.40000028908253 135.7400005608797 167.04999957978725 0 0 0 0 135.7400005608797 0 0 0 0 0 167.04999957978725 0 176.40000028908253 259.0899991095066 0 150.49999767541885 0 0 0 245.98999990522861 664.2799986302853 1039.9599966853857 1.043081283569336e-7 -2.979999989271164 0.18000005185604095 0.060000114142894745 -3.1899999901652336 0.450000062584877 471 1 6 3 0 4 3 2 1 4 0 2 3 2 0 2 1 1 1 0 0 0 0 1 0 0 0 0 0 1 0 1 2 1 1 0 0 0 167.04999957978725 1061.349998548627 456.0299987345934 0 304.46999740600586 605.3199998140335 469.5799992531538 135.7400005608797 304.46999740600586 0 279.62999844551086 479.1900004297495 469.5799992531538 0 279.62999844551086 176.40000028908253 135.7400005608797 167.04999957978725 0 0 0 0 135.7400005608797 0 0 0 0 0 167.04999957978725 0 176.40000028908253 469.5799992531538 129.130000770092 150.49999767541885 0 0 0 378.67999817430973 932.7199990004301 1532.86999553442 1.0000001452863216 -4.759999983012676 1.3600000627338886 0.810000155121088 -5.109999984502792 1.5200000740587711 471 2 7 4 1 5 3 2 1 5 0 3 3 2 0 3 1 1 1 1 0 0 0 1 1 0 0 0 0 1 0 1 2 1 2 0 0 0 345.4599996805191 1191.5699971467257 586.2499973326921 178.41000010073185 386.62999749183655 605.3199998140335 469.5799992531538 135.7400005608797 386.62999749183655 0 409.8499970436096 479.1900004297495 469.5799992531538 0 409.8499970436096 176.40000028908253 135.7400005608797 167.04999957978725 178.41000010073185 0 0 0 135.7400005608797 178.41000010073185 0 0 0 0 167.04999957978725 0 176.40000028908253 469.5799992531538 129.130000770092 280.7199962735176 0 0 0 474.5699981600046 1175.9499980658293 1923.6599943190813 1.0000001564621925 -6.049999978393316 1.4500000514090061 0.530000165104866 -6.539999980479479 1.4700000621378422 471 3 10 6 1 7 4 3 1 6 0 4 5 3 0 3 3 1 1 1 0 0 0 1 1 0 0 1 1 1 0 3 2 1 2 0 0 0 504.21999979019165 1682.7100000530481 901.3699998408556 178.41000010073185 620.709999024868 781.3400002121925 645.5999996513128 135.7400005608797 461.94999891519547 0 568.6099971532822 794.3100029379129 645.5999996513128 0 409.8499970436096 491.520002797246 135.7400005608797 167.04999957978725 178.41000010073185 0 0 0 135.7400005608797 178.41000010073185 0 0 176.02000039815903 158.76000010967255 167.04999957978725 0 491.520002797246 469.5799992531538 129.130000770092 280.7199962735176 0 0 0 617.9900012761354 1670.6099992841482 2648.8799987584352 2.0000002197921276 -8.139999970793724 2.5400000773370266 2.47000028565526 -8.90999997407198 4.0900001488626
472 0 1 1 0 0 0 0 0 0 0 0 1 0 0 0 1 0 0 0 0 0 0 0 0 0 0 0 0 0 0 1 0 0 0 0 0 0 0 176.40000028908253 176.40000028908253 0 0 0 0 0 0 0 0 176.40000028908253 0 0 0 176.40000028908253 0 0 0 0 0 0 0 0 0 0 0 0 0 0 176.40000028908253 0 0 0 0 0 0 38.000001430511475 120.30999870598316 176.40000028908253 7.450580596923828e-9 -0.3999999985098839 0.0 0.02000001072883606 -0.4699999988079071 0.09000000357627869 472 1 3 2 0 1 1 0 1 1 0 1 3 0 0 1 1 1 1 0 0 0 0 1 0 0 0 0 0 1 0 1 0 0 1 0 0 0 167.04999957978725 462.6399985253811 326.8999979645014 0 79.61000156402588 135.7400005608797 0 135.7400005608797 79.61000156402588 0 150.49999767541885 479.1900004297495 0 0 150.49999767541885 176.40000028908253 135.7400005608797 167.04999957978725 0 0 0 0 135.7400005608797 0 0 0 0 0 167.04999957978725 0 176.40000028908253 0 0 150.49999767541885 0 0 0 171.20000065863132 440.4000001549721 709.2999996691942 -0.9999999292194843 -2.089999992400408 -0.9099999666213989 -1.049999926239252 -2.2299999929964542 -0.8199999630451202 472 1 3 2 0 3 1 0 1 3 0 1 3 0 0 1 1 1 1 0 0 0 0 1 0 0 0 0 0 1 0 1 0 0 1 0 0 0 167.04999957978725 462.6399985253811 326.8999979645014 0 217.20999836921692 135.7400005608797 0 135.7400005608797 217.20999836921692 0 150.49999767541885 479.1900004297495 0 0 150.49999767541885 176.40000028908253 135.7400005608797 167.04999957978725 0 0 0 0 135.7400005608797 0 0 0 0 0 167.04999957978725 0 176.40000028908253 0 0 150.49999767541885 0 0 0 256.1099983602762 457.1899998784065 846.8999964743853 -0.9999999068677425 -3.0699999891221523 -0.7299999594688416 -1.0499999038875103 -3.2099999897181988 -0.6399999558925629 472 2 5 2 1 4 3 2 1 4 0 1 3 2 0 1 1 1 1 1 0 0 0 1 1 0 0 0 0 1 0 1 2 0 1 0 0 0 345.4599996805191 932.2199977785349 326.8999979645014 178.41000010073185 304.46999740600586 605.3199998140335 469.5799992531538 135.7400005608797 304.46999740600586 0 150.49999767541885 479.1900004297495 469.5799992531538 0 150.49999767541885 176.40000028908253 135.7400005608797 167.04999957978725 178.41000010073185 0 0 0 135.7400005608797 178.41000010073185 0 0 0 0 167.04999957978725 0 176.40000028908253 469.5799992531538 0 150.49999767541885 0 0 0 380.39999897778034 993.8899975270033 1582.1499948650599 1.0000001564621925 -4.759999983012676 1.3600000739097595 0.8100001662969589 -5.109999984502792 1.520000085234642 472 2 7 4 1 4 3 2 1 4 0 3 3 2 0 3 1 1 1 1 0 0 0 1 1 0 0 0 0 1 0 1 2 1 2 0 0 0 345.4599996805191 1191.5699971467257 586.2499973326921 178.41000010073185 304.46999740600586 605.3199998140335 469.5799992531538 135.7400005608797 304.46999740600586 0 409.8499970436096 479.1900004297495 469.5799992531538 0 409.8499970436096 176.40000028908253 135.7400005608797 167.04999957978725 178.41000010073185 0 0 0 135.7400005608797 178.41000010073185 0 0 0 0 167.04999957978725 0 176.40000028908253 469.5799992531538 129.130000770092 280.7199962735176 0 0 0 434.6799985319376 1155.0999976843596 1841.4999942332506 1.0000001452863216 -5.559999980032444 1.3600000478327274 0.5300001539289951 -6.049999982118607 1.3800000585615635 472 3 9 6 1 7 3 2 1 6 0 4 5 2 0 3 3 1 1 1 0 0 0 1 1 0 0 0 1 1 0 3 2 1 2 0 0 0 504.21999979019165 1506.689999654889 901.3699998408556 178.41000010073185 620.709999024868 605.3199998140335 469.5799992531538 135.7400005608797 461.94999891519547 0 568.6099971532822 794.3100029379129 469.5799992531538 0 409.8499970436096 491.520002797246 135.7400005608797 167.04999957978725 178.41000010073185 0 0 0 135.7400005608797 178.41000010073185 0 0 0 158.76000010967255 167.04999957978725 0 491.520002797246 469.5799992531538 129.130000770092 280.7199962735176 0 0 0 588.5000010281801 1544.3399993628263 2472.859998360276 1.0000001899898052 -7.73999997228384 1.5400000549852848 1.0000002346932888 -8.439999975264072 2.5500001050531864
473 1 0 0 0 0 0 0 0 0 0 0 1 0 0 0 0 0 1 0 0 0 0 0 0 0 0 0 0 1 0 0 0 0 0 0 0 0 167.04999957978725 0 0 0 0 0 0 0 0 0 0 167.04999957978725 0 0 0 0 0 167.04999957978725 0 0 0 0 0 0 0 0 0 0 167.04999957978725 0 0 0 0 0 0 0 0 29.39999981224537 120.42000022530556 167.04999957978725 2.2351741790771484e-8 -0.3999999985098839 1.4901161193847656e-8 0.14000002294778824 -0.3999999985098839 0.14000001549720764 473 1 2 1 0 2 1 0 1 2 0 0 3 0 0 0 1 1 1 0 0 0 0 1 0 0 0 0 0 1 0 1 0 0 0 0 0 0 167.04999957978725 312.14000084996223 176.40000028908253 0 145.64000046253204 135.7400005608797 0 135.7400005608797 145.64000046253204 0 0 479.1900004297495 0 0 0 176.40000028908253 135.7400005608797 167.04999957978725 0 0 0 0 135.7400005608797 0 0 0 0 0 167.04999957978725 0 176.40000028908253 0 0 0 0 0 0 185.32000036537647 348.6100009083748 624.8300008922815 -0.9999999105930328 -2.179999992251396 -0.819999948143959 -0.8399999067187309 -2.2499999925494194 -0.5899999439716339 473 1 4 2 0 2 2 1 1 2 0 1 3 1 0 1 1 1 1 0 0 0 0 1 0 0 0 0 0 1 0 1 1 0 1 0 0 0 167.04999957978725 673.1299986690283 326.8999979645014 0 145.64000046253204 346.2300007045269 210.4900001436472 135.7400005608797 145.64000046253204 0 150.49999767541885 479.1900004297495 210.4900001436472 0 150.49999767541885 176.40000028908253 135.7400005608797 167.04999957978725 0 0 0 0 135.7400005608797 0 0 0 0 0 167.04999957978725 0 176.40000028908253 210.4900001436472 0 150.49999767541885 0 0 0 232.2399994879961 606.7999999672174 985.8199987113476 1.043081283569336e-7 -2.979999989271164 0.18000005185604095 -0.22999989241361618 -3.1899999901652336 0.1600000560283661 473 2 6 3 1 3 3 2 1 3 0 2 3 2 0 2 1 1 1 1 0 0 0 1 1 0 0 0 0 1 0 1 2 0 2 0 0 0 345.4599996805191 1062.4399963766336 457.11999656260014 178.41000010073185 217.20999836921692 605.3199998140335 469.5799992531538 135.7400005608797 217.20999836921692 0 280.7199962735176 479.1900004297495 469.5799992531538 0 280.7199962735176 176.40000028908253 135.7400005608797 167.04999957978725 178.41000010073185 0 0 0 135.7400005608797 178.41000010073185 0 0 0 0 167.04999957978725 0 176.40000028908253 469.5799992531538 0 280.7199962735176 0 0 0 363.02999909222126 1053.05999712646 1625.1099944263697 1.000000137835741 -4.669999983161688 1.2700000554323196 0.6000001467764378 -5.089999984949827 1.2900000661611557 473 2 6 3 1 5 3 2 1 5 0 2 3 2 0 2 1 1 1 1 0 0 0 1 1 0 0 0 0 1 0 1 2 0 2 0 0 0 345.4599996805191 1062.4399963766336 457.11999656260014 178.41000010073185 379.7899988293648 605.3199998140335 469.5799992531538 135.7400005608797 379.7899988293648 0 280.7199962735176 479.1900004297495 469.5799992531538 0 280.7199962735176 176.40000028908253 135.7400005608797 167.04999957978725 178.41000010073185 0 0 0 135.7400005608797 178.41000010073185 0 0 0 0 167.04999957978725 0 176.40000028908253 469.5799992531538 0 280.7199962735176 0 0 0 451.78000082075596 1087.5199962109327 1787.6899948865175 1.0000001601874828 -5.649999979883432 1.450000062584877 0.6000001691281796 -6.069999981671572 1.470000073313713 473 3 10 6 1 6 4 3 1 6 0 3 5 3 1 3 3 1 1 1 0 0 0 1 1 0 0 0 0 1 0 3 3 1 2 0 0 0 463.8300001323223 1729.4299996048212 901.3699998408556 178.41000010073185 461.94999891519547 828.0599997639656 692.3199992030859 135.7400005608797 461.94999891519547 0 409.8499970436096 794.3100029379129 692.3199992030859 118.37000045180321 409.8499970436096 491.520002797246 135.7400005608797 167.04999957978725 178.41000010073185 0 0 0 135.7400005608797 178.41000010073185 0 0 0 0 167.04999957978725 0 491.520002797246 692.3199992030859 129.130000770092 280.7199962735176 0 0 0 617.6000009775162 1692.820000320673 2655.209998652339 2.000000223517418 -8.009999964386225 2.7200000770390034 2.2700002677738667 -8.659999966621399 3.6400001235306263
474 0 1 0 0 0 1 0 1 0 0 0 1 0 0 0 0 1 0 0 0 0 0 1 0 0 0 0 0 0 0 0 0 0 0 0 0 0 0 135.7400005608797 0 0 0 135.7400005608797 0 135.7400005608797 0 0 0 135.7400005608797 0 0 0 0 135.7400005608797 0 0 0 0 0 135.7400005608797 0 0 0 0 0 0 0 0 0 0 0 0 0 0 38.709999680519104 81.83000107109547 135.7400005608797 -0.999999962747097 -0.3999999985098839 -0.9999999701976776 -0.999999962747097 -0.3999999985098839 -0.9999999701976776 474 1 3 1 0 1 2 1 1 1 0 0 3 1 0 0 1 1 1 0 0 0 0 1 0 0 0 0 0 1 0 1 1 0 0 0 0 0 167.04999957978725 522.6300009936094 176.40000028908253 0 66.02999889850616 346.2300007045269 210.4900001436472 135.7400005608797 66.02999889850616 0 0 479.1900004297495 210.4900001436472 0 0 176.40000028908253 135.7400005608797 167.04999957978725 0 0 0 0 135.7400005608797 0 0 0 0 0 167.04999957978725 0 176.40000028908253 210.4900001436472 0 0 0 0 0 167.14999975264072 488.95999981462955 755.7099994719028 1.0058283805847168e-7 -2.089999992400408 0.09000006318092346 -0.019999895244836807 -2.2299999929964542 0.21000006794929504 474 2 3 1 1 2 2 1 1 2 0 0 3 1 0 0 1 1 1 1 0 0 0 1 1 0 0 0 0 1 0 1 1 0 0 0 0 0 345.4599996805191 522.6300009936094 176.40000028908253 178.41000010073185 145.64000046253204 346.2300007045269 210.4900001436472 135.7400005608797 145.64000046253204 0 0 479.1900004297495 210.4900001436472 0 0 176.40000028908253 135.7400005608797 167.04999957978725 178.41000010073185 0 0 0 135.7400005608797 178.41000010073185 0 0 0 0 167.04999957978725 0 176.40000028908253 210.4900001436472 0 0 0 0 0 235.20000053942204 653.9000003486872 1013.7300011366606 1.1920928955078125e-7 -2.979999989271164 0.18000006675720215 -0.08999987691640854 -3.1899999901652336 0.30000007152557373 474 2 5 3 1 4 2 1 1 4 0 2 3 1 0 2 1 1 1 1 0 0 0 1 1 0 0 0 0 1 0 1 1 0 2 0 0 0 345.4599996805191 803.349997267127 457.11999656260014 178.41000010073185 292.52999979257584 346.2300007045269 210.4900001436472 135.7400005608797 292.52999979257584 0 280.7199962735176 479.1900004297495 210.4900001436472 0 280.7199962735176 176.40000028908253 135.7400005608797 167.04999957978725 178.41000010073185 0 0 0 135.7400005608797 178.41000010073185 0 0 0 0 167.04999957978725 0 176.40000028908253 210.4900001436472 0 280.7199962735176 0 0 0 377.3700003772974 856.1099980026484 1441.339996740222 1.2665987014770508e-7 -4.759999983012676 0.36000004410743713 -0.5099998712539673 -5.109999984502792 0.20000004768371582 474 2 7 4 1 5 3 2 1 5 0 2 4 2 0 2 2 1 1 1 0 0 0 1 1 0 0 0 0 1 0 2 2 0 2 0 0 0 345.4599996805191 1212.409998908639 607.0899990946054 178.41000010073185 379.7899988293648 605.3199998140335 469.5799992531538 135.7400005608797 379.7899988293648 0 280.7199962735176 629.1600029617548 469.5799992531538 0 280.7199962735176 326.37000282108784 135.7400005608797 167.04999957978725 178.41000010073185 0 0 0 135.7400005608797 178.41000010073185 0 0 0 0 167.04999957978725 0 326.37000282108784 469.5799992531538 0 280.7199962735176 0 0 0 472.8000016361475 1194.3199983090162 1937.6599974185228 1.0000001676380634 -6.049999978393316 1.450000062584877 0.8900001905858517 -6.539999980479479 1.8300000876188278 474 4 12 6 1 6 6 5 1 5 1 3 5 5 1 3 3 1 1 1 1 0 0 1 1 0 0 1 0 1 0 3 4 1 2 0 0 0 568.2099984586239 2205.0699955523014 901.3699998408556 178.41000010073185 484.16999715566635 1303.6999957114458 1167.959995150566 135.7400005608797 379.7899988293648 104.37999832630157 409.8499970436096 794.3100029379129 1167.959995150566 118.37000045180321 409.8499970436096 491.520002797246 135.7400005608797 167.04999957978725 178.41000010073185 104.37999832630157 0 0 135.7400005608797 178.41000010073185 0 0 183.27999871969223 0 167.04999957978725 0 491.520002797246 984.6799964308739 129.130000770092 280.7199962735176 0 0 0 692.83999979496 2082.25999610126 3153.06999284029 3.0000002421438694 -9.719999991357327 4.630000110715628 3.160000316798687 -11.019999984651804 6.090000178664923
475 0 0 0 0 1 0 0 0 1 0 0 0 0 0 0 0 0 0 0 0 0 0 0 0 0 0 0 0 0 0 0 0 0 0 0 0 0 0 0 0 0 66.02999889850616 0 0 0 66.02999889850616 0 0 0 0 0 0 0 0 0 0 0 0 0 0 0 0 0 0 0 0 0 0 0 0 0 0 0 0 41.8599990606308 3.180000066757202 66.02999889850616 1.1175870895385742e-8 -0.48999999836087227 0.09000000357627869 1.1175870895385742e-8 -0.48999999836087227 0.09000000357627869 475 2 2 0 1 1 2 1 1 1 0 0 2 1 0 0 0 1 1 1 0 0 0 1 1 0 0 0 0 1 0 0 1 0 0 0 0 0 345.4599996805191 346.2300007045269 0 178.41000010073185 66.02999889850616 346.2300007045269 210.4900001436472 135.7400005608797 66.02999889850616 0 0 302.79000014066696 210.4900001436472 0 0 0 135.7400005608797 167.04999957978725 178.41000010073185 0 0 0 135.7400005608797 178.41000010073185 0 0 0 0 167.04999957978725 0 0 210.4900001436472 0 0 0 0 0 159.84999872744083 510.7200008034706 757.7199992835522 1.0058283805847168e-7 -2.089999992400408 0.09000006318092346 -0.1099998988211155 -2.2299999929964542 0.12000006437301636 475 2 4 2 1 1 2 1 1 1 0 1 3 1 0 1 1 1 1 1 0 0 0 1 1 0 0 0 0 1 0 1 1 0 1 0 0 0 345.4599996805191 652.8499995917082 306.6199988871813 178.41000010073185 66.02999889850616 346.2300007045269 210.4900001436472 135.7400005608797 66.02999889850616 0 130.21999859809875 479.1900004297495 210.4900001436472 0 130.21999859809875 176.40000028908253 135.7400005608797 167.04999957978725 178.41000010073185 0 0 0 135.7400005608797 178.41000010073185 0 0 0 0 167.04999957978725 0 176.40000028908253 210.4900001436472 0 130.21999859809875 0 0 0 223.1500001102686 711.339998498559 1064.3399981707335 1.0058283805847168e-7 -2.8899999894201756 0.09000004827976227 -0.2999998964369297 -3.1699999906122684 0.0700000524520874 475 2 6 4 1 3 2 1 1 3 0 2 4 1 0 2 2 1 1 1 0 0 0 1 1 0 0 0 0 1 0 2 1 0 2 0 0 0 345.4599996805191 953.3199997991323 607.0899990946054 178.41000010073185 220.96000188589096 346.2300007045269 210.4900001436472 135.7400005608797 220.96000188589096 0 280.7199962735176 629.1600029617548 210.4900001436472 0 280.7199962735176 326.37000282108784 135.7400005608797 167.04999957978725 178.41000010073185 0 0 0 135.7400005608797 178.41000010073185 0 0 0 0 167.04999957978725 0 326.37000282108784 210.4900001436472 0 280.7199962735176 0 0 0 355.34000255167484 949.3000004440546 1519.7400013655424 1.2293457984924316e-7 -4.669999983161688 0.27000004053115845 -0.21999986097216606 -5.089999984949827 0.4700000584125519 475 2 8 4 1 4 4 3 1 4 0 2 4 3 0 2 2 1 1 1 0 0 0 1 1 0 0 0 0 1 0 2 3 0 2 0 0 0 345.4599996805191 1468.4199969768524 607.0899990946054 178.41000010073185 292.52999979257584 861.329997882247 725.5899973213673 135.7400005608797 292.52999979257584 0 280.7199962735176 629.1600029617548 725.5899973213673 0 280.7199962735176 326.37000282108784 135.7400005608797 167.04999957978725 178.41000010073185 0 0 0 135.7400005608797 178.41000010073185 0 0 0 0 167.04999957978725 0 326.37000282108784 725.5899973213673 0 280.7199962735176 0 0 0 488.9000016152859 1352.459997728467 2106.4099964499474 1.000000149011612 -6.96000000834465 2.3600000739097595 1.0700001791119576 -7.450000010430813 2.9200001060962677 475 5 14 5 1 7 9 6 3 5 2 2 7 6 1 2 3 3 1 1 1 0 1 2 1 0 0 1 0 1 0 3 5 0 2 1 0 0 698.8999972641468 2593.629998162389 772.2399990707636 178.41000010073185 614.8599959611893 1821.3899990916252 1411.699996739626 409.6900023519993 379.7899988293648 235.0699971318245 280.7199962735176 1068.2600047290325 1411.699996739626 118.37000045180321 280.7199962735176 491.520002797246 409.6900023519993 167.04999957978725 178.41000010073185 104.37999832630157 0 139.4400007724762 270.2500015795231 178.41000010073185 0 0 183.27999871969223 0 167.04999957978725 0 491.520002797246 1228.4199980199337 0 280.7199962735176 130.68999880552292 0 0 757.7700007706881 2493.1299972087145 3672.3199942559004 2.000000350177288 -10.919999986886978 3.6300001963973045 1.6200004406273365 -12.939999971538782 5.270000271499157
476 0 1 0 0 0 1 1 0 0 0 0 0 1 0 0 0 0 0 0 0 0 0 0 0 0 0 0 0 0 0 0 1 0 0 0 0 0 0 210.4900001436472 0 0 0 210.4900001436472 210.4900001436472 0 0 0 0 0 210.4900001436472 0 0 0 0 0 0 0 0 0 0 0 0 0 0 0 0 0 0 210.4900001436472 0 0 0 0 0 19.17999976873398 163.21999974548817 210.4900001436472 1.0000000223517418 -0.3999999985098839 1.0000000149011612 0.820000022649765 -0.4699999988079071 0.8900000154972076 476 1 3 1 1 1 2 1 1 1 0 1 1 1 0 1 0 1 0 1 0 0 0 1 1 0 0 0 0 0 0 0 1 0 1 0 0 0 178.41000010073185 476.44999930262566 130.21999859809875 178.41000010073185 66.02999889850616 346.2300007045269 210.4900001436472 135.7400005608797 66.02999889850616 0 130.21999859809875 135.7400005608797 210.4900001436472 0 130.21999859809875 0 135.7400005608797 0 178.41000010073185 0 0 0 135.7400005608797 178.41000010073185 0 0 0 0 0 0 0 210.4900001436472 0 130.21999859809875 0 0 0 155.74999886751175 470.6099995672703 720.8899983018637 7.078051567077637e-8 -2.089999992400408 0.09000003337860107 -0.459999930113554 -2.2999999932944775 -0.15999996662139893 476 2 3 1 1 2 2 1 1 2 0 1 2 1 0 1 0 1 1 1 0 0 0 1 1 0 0 0 0 1 0 0 1 0 1 0 0 0 345.4599996805191 476.44999930262566 130.21999859809875 178.41000010073185 141.35000032186508 346.2300007045269 210.4900001436472 135.7400005608797 141.35000032186508 0 130.21999859809875 302.79000014066696 210.4900001436472 0 130.21999859809875 0 135.7400005608797 167.04999957978725 178.41000010073185 0 0 0 135.7400005608797 178.41000010073185 0 0 0 0 167.04999957978725 0 0 210.4900001436472 0 130.21999859809875 0 0 0 231.23000057041645 604.3499994874 963.2599993050098 1.043081283569336e-7 -2.979999989271164 0.18000005185604095 -0.31999989598989487 -3.1899999901652336 0.0700000524520874 476 2 6 3 1 3 3 2 1 3 0 1 4 2 0 1 2 1 1 1 0 0 0 1 1 0 0 0 0 1 0 2 2 0 1 0 0 0 345.4599996805191 1025.5600020736456 456.5900014191866 178.41000010073185 220.96000188589096 568.970000654459 433.2300000935793 135.7400005608797 220.96000188589096 0 130.21999859809875 629.1600029617548 433.2300000935793 0 130.21999859809875 326.37000282108784 135.7400005608797 167.04999957978725 178.41000010073185 0 0 0 135.7400005608797 178.41000010073185 0 0 0 0 167.04999957978725 0 326.37000282108784 433.2300000935793 0 130.21999859809875 0 0 0 352.9100035727024 1037.1400009393692 1591.9800036400557 1.0000001527369022 -4.669999983161688 1.2700000703334808 1.1700001768767834 -5.019999984651804 1.790000095963478 476 2 8 4 1 4 4 3 1 4 0 2 4 3 0 2 2 1 1 1 0 0 0 1 1 0 0 0 0 1 0 2 3 0 2 0 0 0 345.4599996805191 1468.4199969768524 607.0899990946054 178.41000010073185 292.52999979257584 861.329997882247 725.5899973213673 135.7400005608797 292.52999979257584 0 280.7199962735176 629.1600029617548 725.5899973213673 0 280.7199962735176 326.37000282108784 135.7400005608797 167.04999957978725 178.41000010073185 0 0 0 135.7400005608797 178.41000010073185 0 0 0 0 167.04999957978725 0 326.37000282108784 725.5899973213673 0 280.7199962735176 0 0 0 488.9000016152859 1352.459997728467 2106.4099964499474 1.000000149011612 -6.96000000834465 2.3600000739097595 1.0700001791119576 -7.450000010430813 2.9200001060962677 476 6 14 5 1 8 9 6 3 5 3 2 7 6 1 2 3 3 1 1 1 0 1 2 1 0 0 1 0 1 0 3 5 0 2 2 0 0 833.7399959564209 2593.629998162389 772.2399990707636 178.41000010073185 749.6999946534634 1821.3899990916252 1411.699996739626 409.6900023519993 379.7899988293648 369.9099958240986 280.7199962735176 1068.2600047290325 1411.699996739626 118.37000045180321 280.7199962735176 491.520002797246 409.6900023519993 167.04999957978725 178.41000010073185 104.37999832630157 0 139.4400007724762 270.2500015795231 178.41000010073185 0 0 183.27999871969223 0 167.04999957978725 0 491.520002797246 1228.4199980199337 0 280.7199962735176 265.529997497797 0 0 764.6000006049871 2615.1999959498644 3807.1599929481745 2.0000003576278687 -11.319999985396862 3.6300001963973045 2.1100004501640797 -12.939999971538782 5.360000275075436
477 1 0 0 1 0 0 0 0 0 0 0 0 0 0 0 0 0 0 1 0 0 0 0 1 0 0 0 0 0 0 0 0 0 0 0 0 0 178.41000010073185 0 0 178.41000010073185 0 0 0 0 0 0 0 0 0 0 0 0 0 0 178.41000010073185 0 0 0 0 178.41000010073185 0 0 0 0 0 0 0 0 0 0 0 0 0 30.700000405311584 142.06999969482422 178.41000010073185 7.450580596923828e-9 -0.3999999985098839 0.0 -0.06999999284744263 -0.4699999988079071 0.0 477 1 2 1 1 2 1 1 0 2 0 1 0 1 0 1 0 0 0 1 0 0 0 0 1 0 0 0 0 0 0 0 1 0 1 0 0 0 178.41000010073185 340.70999874174595 130.21999859809875 178.41000010073185 141.35000032186508 210.4900001436472 210.4900001436472 0 141.35000032186508 0 130.21999859809875 0 210.4900001436472 0 130.21999859809875 0 0 0 178.41000010073185 0 0 0 0 178.41000010073185 0 0 0 0 0 0 0 210.4900001436472 0 130.21999859809875 0 0 0 163.12000107765198 402.09999819099903 660.4699991643429 1.0000000447034836 -2.179999992251396 1.1800000071525574 0.5400000438094139 -2.389999993145466 0.9300000071525574 477 1 4 2 1 2 2 1 1 2 0 1 2 1 0 1 1 1 0 1 0 0 0 1 1 0 0 0 0 0 0 1 1 0 1 0 0 0 178.41000010073185 626.420001834631 280.19000113010406 178.41000010073185 141.35000032186508 346.2300007045269 210.4900001436472 135.7400005608797 141.35000032186508 0 130.21999859809875 285.710003092885 210.4900001436472 0 130.21999859809875 149.9700025320053 135.7400005608797 0 178.41000010073185 0 0 0 135.7400005608797 178.41000010073185 0 0 0 0 0 0 149.9700025320053 210.4900001436472 0 130.21999859809875 0 0 0 222.85000157356262 590.730001360178 946.1800022572279 8.940696716308594e-8 -2.979999989271164 0.18000003695487976 -0.169999897480011 -3.259999990463257 0.2900000512599945 477 2 7 3 1 2 4 3 1 2 0 1 4 3 0 1 2 1 1 1 0 0 0 1 1 0 0 0 0 1 0 2 3 0 1 0 0 0 345.4599996805191 1317.9199993014336 456.5900014191866 178.41000010073185 141.35000032186508 861.329997882247 725.5899973213673 135.7400005608797 141.35000032186508 0 130.21999859809875 629.1600029617548 725.5899973213673 0 130.21999859809875 326.37000282108784 135.7400005608797 167.04999957978725 178.41000010073185 0 0 0 135.7400005608797 178.41000010073185 0 0 0 0 167.04999957978725 0 326.37000282108784 725.5899973213673 0 130.21999859809875 0 0 0 380.7600032389164 1221.0099979192019 1804.7299993038177 1.0000001341104507 -5.580000013113022 2.1800000816583633 1.280000165104866 -6.000000014901161 2.880000114440918 477 4 10 4 1 4 6 4 2 3 1 2 5 4 1 2 2 2 1 1 1 0 1 1 1 0 0 0 0 1 0 2 4 0 2 0 0 0 568.2099984586239 1851.5999993383884 607.0899990946054 178.41000010073185 325.34000021219254 1244.510000243783 969.3299989104271 275.1800013333559 220.96000188589096 104.37999832630157 280.7199962735176 768.600003734231 969.3299989104271 118.37000045180321 280.7199962735176 326.37000282108784 275.1800013333559 167.04999957978725 178.41000010073185 104.37999832630157 0 139.4400007724762 135.7400005608797 178.41000010073185 0 0 0 0 167.04999957978725 0 326.37000282108784 969.3299989104271 0 280.7199962735176 0 0 0 556.8300030380487 1788.9099999964237 2640.7699996829033 1.000000223517418 -7.939999997615814 2.450000122189522 0.8400002531707287 -8.660000000149012 3.01000015437603 477 6 13 5 1 7 8 5 3 4 3 2 7 5 1 2 3 3 1 1 1 0 1 2 1 0 0 1 0 1 0 3 4 0 2 2 0 0 833.7399959564209 2334.539999052882 772.2399990707636 178.41000010073185 662.4399956166744 1562.2999999821186 1152.6099976301193 409.6900023519993 292.52999979257584 369.9099958240986 280.7199962735176 1068.2600047290325 1152.6099976301193 118.37000045180321 280.7199962735176 491.520002797246 409.6900023519993 167.04999957978725 178.41000010073185 104.37999832630157 0 139.4400007724762 270.2500015795231 178.41000010073185 0 0 183.27999871969223 0 167.04999957978725 0 491.520002797246 969.3299989104271 0 280.7199962735176 265.529997497797 0 0 690.1900001615286 2383.78999774158 3460.809994801879 1.000000324100256 -10.429999988526106 2.5400001779198647 1.0000004097819328 -11.979999974370003 4.090000249445438
478 0 1 1 0 0 0 0 0 0 0 1 0 0 0 1 0 0 0 0 0 0 0 0 0 0 0 0 0 0 0 0 0 0 1 0 0 0 0 130.21999859809875 130.21999859809875 0 0 0 0 0 0 0 130.21999859809875 0 0 0 130.21999859809875 0 0 0 0 0 0 0 0 0 0 0 0 0 0 0 0 0 0 130.21999859809875 0 0 0 25.299999952316284 80.30999898910522 130.21999859809875 -7.450580596923828e-9 -0.3999999985098839 -1.4901161193847656e-8 -0.21000000834465027 -0.4699999988079071 -0.14000001549720764 478 1 3 2 1 1 1 1 0 1 0 1 1 1 0 1 1 0 0 1 0 0 0 0 1 0 0 0 0 0 0 1 1 0 1 0 0 0 178.41000010073185 490.68000127375126 280.19000113010406 178.41000010073185 75.32000142335892 210.4900001436472 210.4900001436472 0 75.32000142335892 0 130.21999859809875 149.9700025320053 210.4900001436472 0 130.21999859809875 149.9700025320053 0 0 178.41000010073185 0 0 0 0 178.41000010073185 0 0 0 0 0 0 149.9700025320053 210.4900001436472 0 130.21999859809875 0 0 0 142.28000283241272 505.7200002223253 744.410002797842 1.0000000409781933 -2.089999992400408 1.0900000035762787 0.8300000540912151 -2.3699999935925007 1.2000000178813934 478 1 4 2 1 2 2 2 0 2 0 1 1 2 0 1 1 0 0 1 0 0 0 0 1 0 0 0 0 0 0 1 2 0 1 0 0 0 178.41000010073185 713.4200012236834 280.19000113010406 178.41000010073185 141.35000032186508 433.2300000935793 433.2300000935793 0 141.35000032186508 0 130.21999859809875 149.9700025320053 433.2300000935793 0 130.21999859809875 149.9700025320053 0 0 178.41000010073185 0 0 0 0 178.41000010073185 0 0 0 0 0 0 149.9700025320053 433.2300000935793 0 130.21999859809875 0 0 0 209.45000226795673 691.7100000977516 1033.1800016462803 2.000000074505806 -2.979999989271164 2.1800000220537186 2.010000094771385 -3.259999990463257 2.4700000435113907 478 2 6 2 1 2 4 3 1 2 0 1 3 3 0 1 1 1 1 1 0 0 0 1 1 0 0 0 0 1 0 1 3 0 1 0 0 0 345.4599996805191 1141.519999012351 280.19000113010406 178.41000010073185 141.35000032186508 861.329997882247 725.5899973213673 135.7400005608797 141.35000032186508 0 130.21999859809875 452.7600026726723 725.5899973213673 0 130.21999859809875 149.9700025320053 135.7400005608797 167.04999957978725 178.41000010073185 0 0 0 135.7400005608797 178.41000010073185 0 0 0 0 167.04999957978725 0 149.9700025320053 725.5899973213673 0 130.21999859809875 0 0 0 342.7600018084049 1100.6999992132187 1628.3299990147352 1.0000001266598701 -5.180000014603138 2.1800000816583633 1.26000015437603 -5.530000016093254 2.7900001108646393 478 4 10 3 1 4 7 5 2 3 1 1 5 5 1 1 2 2 1 1 1 0 1 1 1 0 0 1 0 1 0 2 4 0 1 0 0 0 568.2099984586239 1884.3800003826618 456.5900014191866 178.41000010073185 325.34000021219254 1427.7899989634752 1152.6099976301193 275.1800013333559 220.96000188589096 104.37999832630157 130.21999859809875 768.600003734231 1152.6099976301193 118.37000045180321 130.21999859809875 326.37000282108784 275.1800013333559 167.04999957978725 178.41000010073185 104.37999832630157 0 139.4400007724762 135.7400005608797 178.41000010073185 0 0 183.27999871969223 0 167.04999957978725 0 326.37000282108784 969.3299989104271 0 130.21999859809875 0 0 0 551.3300028592348 1837.5999996364117 2673.5500007271767 2.000000260770321 -7.939999997615814 3.4500001594424248 1.9000003151595592 -9.099999990314245 4.510000206530094 478 6 13 5 1 7 8 5 3 4 3 2 7 5 1 2 3 3 1 1 1 0 1 2 1 0 0 1 0 1 0 3 4 0 2 2 0 0 833.7399959564209 2334.539999052882 772.2399990707636 178.41000010073185 662.4399956166744 1562.2999999821186 1152.6099976301193 409.6900023519993 292.52999979257584 369.9099958240986 280.7199962735176 1068.2600047290325 1152.6099976301193 118.37000045180321 280.7199962735176 491.520002797246 409.6900023519993 167.04999957978725 178.41000010073185 104.37999832630157 0 139.4400007724762 270.2500015795231 178.41000010073185 0 0 183.27999871969223 0 167.04999957978725 0 491.520002797246 969.3299989104271 0 280.7199962735176 265.529997497797 0 0 690.1900001615286 2383.78999774158 3460.809994801879 1.000000324100256 -10.429999988526106 2.5400001779198647 1.0000004097819328 -11.979999974370003 4.090000249445438
479 0 0 0 0 1 0 0 0 1 0 0 0 0 0 0 0 0 0 0 0 0 0 0 0 0 0 0 0 0 0 0 0 0 0 0 0 0 0 0 0 0 75.32000142335892 0 0 0 75.32000142335892 0 0 0 0 0 0 0 0 0 0 0 0 0 0 0 0 0 0 0 0 0 0 0 0 0 0 0 0 46.08000189065933 13.319999694824219 75.32000142335892 1.1175870895385742e-8 -0.48999999836087227 0.09000000357627869 1.1175870895385742e-8 -0.48999999836087227 0.09000000357627869 479 1 3 2 1 1 1 1 0 1 0 1 1 1 0 1 1 0 0 1 0 0 0 0 1 0 0 0 0 0 0 1 1 0 1 0 0 0 178.41000010073185 502.93000108003616 280.19000113010406 178.41000010073185 75.32000142335892 222.7399999499321 222.7399999499321 0 75.32000142335892 0 130.21999859809875 149.9700025320053 222.7399999499321 0 130.21999859809875 149.9700025320053 0 0 178.41000010073185 0 0 0 0 178.41000010073185 0 0 0 0 0 0 149.9700025320053 222.7399999499321 0 130.21999859809875 0 0 0 148.41000343859196 525.3100002855062 756.6600026041269 1.0000000409781933 -2.089999992400408 1.0900000035762787 1.1900000609457493 -2.2999999932944775 1.4900000244379044 479 1 5 2 1 1 3 3 0 1 0 1 1 3 0 1 1 0 0 1 0 0 0 0 1 0 0 0 0 0 0 1 3 0 1 0 0 0 178.41000010073185 1005.7799984514713 280.19000113010406 178.41000010073185 75.32000142335892 725.5899973213673 725.5899973213673 0 75.32000142335892 0 130.21999859809875 149.9700025320053 725.5899973213673 0 130.21999859809875 149.9700025320053 0 0 178.41000010073185 0 0 0 0 178.41000010073185 0 0 0 0 0 0 149.9700025320053 725.5899973213673 0 130.21999859809875 0 0 0 232.79000325500965 895.2699978500605 1259.509999975562 2.0000000558793545 -3.890000019222498 3.090000033378601 2.120000082999468 -4.240000020712614 3.5600000619888306 479 1 6 2 1 2 4 3 1 2 0 1 2 3 0 1 1 1 0 1 0 0 0 1 1 0 0 0 0 0 0 1 3 0 1 0 0 0 178.41000010073185 1141.519999012351 280.19000113010406 178.41000010073185 141.35000032186508 861.329997882247 725.5899973213673 135.7400005608797 141.35000032186508 0 130.21999859809875 285.710003092885 725.5899973213673 0 130.21999859809875 149.9700025320053 135.7400005608797 0 178.41000010073185 0 0 0 135.7400005608797 178.41000010073185 0 0 0 0 0 0 149.9700025320053 725.5899973213673 0 130.21999859809875 0 0 0 313.36000199615955 980.2799989879131 1461.279999434948 1.0000001043081284 -4.780000016093254 2.180000066757202 1.1200001314282417 -5.13000001758337 2.6500000953674316 479 6 9 2 1 5 7 5 2 2 3 1 4 5 1 1 1 2 1 1 1 0 1 1 1 0 0 1 0 1 0 1 4 0 1 2 0 0 833.7399959564209 1707.9800000935793 280.19000113010406 178.41000010073185 511.25999614596367 1427.7899989634752 1152.6099976301193 275.1800013333559 141.35000032186508 369.9099958240986 130.21999859809875 592.2000034451485 1152.6099976301193 118.37000045180321 130.21999859809875 149.9700025320053 275.1800013333559 167.04999957978725 178.41000010073185 104.37999832630157 0 139.4400007724762 135.7400005608797 178.41000010073185 0 0 183.27999871969223 0 167.04999957978725 0 149.9700025320053 969.3299989104271 0 130.21999859809875 265.529997497797 0 0 505.52000062167645 1909.4099981933832 2683.0699963718653 2.0000002570450306 -7.849999997764826 3.360000155866146 2.3900003135204315 -8.609999991953373 4.510000206530094 479 7 13 5 1 6 8 5 3 3 3 2 7 5 2 2 3 3 1 1 1 0 1 2 1 0 0 1 0 1 0 3 4 0 2 2 0 0 963.6699967682362 2334.539999052882 772.2399990707636 178.41000010073185 590.8699977099895 1562.2999999821186 1152.6099976301193 409.6900023519993 220.96000188589096 369.9099958240986 280.7199962735176 1068.2600047290325 1152.6099976301193 248.30000126361847 280.7199962735176 491.520002797246 409.6900023519993 167.04999957978725 178.41000010073185 104.37999832630157 0 139.4400007724762 270.2500015795231 178.41000010073185 0 0 183.27999871969223 0 167.04999957978725 0 491.520002797246 969.3299989104271 0 280.7199962735176 265.529997497797 0 0 671.0400016456842 2463.759998962283 3519.1699977070093 1.0000003315508366 -10.209999982267618 2.6300001814961433 0.9800004176795483 -11.77999996766448 4.180000253021717
480 0 1 1 0 0 0 0 0 0 0 0 1 0 0 0 1 0 0 0 0 0 0 0 0 0 0 0 0 0 0 1 0 0 0 0 0 0 0 149.9700025320053 149.9700025320053 0 0 0 0 0 0 0 0 149.9700025320053 0 0 0 149.9700025320053 0 0 0 0 0 0 0 0 0 0 0 0 0 0 149.9700025320053 0 0 0 0 0 0 21.02000081539154 106.8000020980835 149.9700025320053 7.450580596923828e-9 -0.3999999985098839 0.0 0.2900000214576721 -0.4699999988079071 0.36000001430511475 480 0 4 2 0 1 2 2 0 1 0 1 1 2 0 1 1 0 0 0 0 0 0 0 0 0 0 0 0 0 0 1 2 0 1 0 0 0 0 795.2899983078241 280.19000113010406 0 75.32000142335892 515.0999971777201 515.0999971777201 0 75.32000142335892 0 130.21999859809875 149.9700025320053 515.0999971777201 0 130.21999859809875 149.9700025320053 0 0 0 0 0 0 0 0 0 0 0 0 0 0 149.9700025320053 515.0999971777201 0 130.21999859809875 0 0 0 182.9100030809641 589.9799984097481 870.609999731183 1.000000026077032 -3.09000002220273 2.09000001847744 1.3700000531971455 -3.3000000230968 2.670000046491623 480 1 4 2 1 1 2 2 0 1 0 1 1 2 0 1 1 0 0 1 0 0 0 0 1 0 0 0 0 0 0 1 2 0 1 0 0 0 178.41000010073185 795.2899983078241 280.19000113010406 178.41000010073185 75.32000142335892 515.0999971777201 515.0999971777201 0 75.32000142335892 0 130.21999859809875 149.9700025320053 515.0999971777201 0 130.21999859809875 149.9700025320053 0 0 178.41000010073185 0 0 0 0 178.41000010073185 0 0 0 0 0 0 149.9700025320053 515.0999971777201 0 130.21999859809875 0 0 0 213.61000348627567 732.0499981045723 1049.019999831915 1.0000000335276127 -3.490000020712614 2.09000001847744 1.3000000603497028 -3.770000021904707 2.670000046491623 480 1 5 2 1 2 3 3 0 2 0 1 1 3 0 1 1 0 0 1 0 0 0 0 1 0 0 0 0 0 0 1 3 0 1 0 0 0 178.41000010073185 1005.7799984514713 280.19000113010406 178.41000010073185 141.35000032186508 725.5899973213673 725.5899973213673 0 141.35000032186508 0 130.21999859809875 149.9700025320053 725.5899973213673 0 130.21999859809875 149.9700025320053 0 0 178.41000010073185 0 0 0 0 178.41000010073185 0 0 0 0 0 0 149.9700025320053 725.5899973213673 0 130.21999859809875 0 0 0 274.65000231564045 898.4499979168177 1325.5399988740683 2.0000000670552254 -4.38000001758337 3.1800000369548798 2.1200000941753387 -4.730000019073486 3.6500000655651093 480 5 10 2 1 5 8 5 3 2 3 1 4 5 1 1 1 3 0 1 1 0 1 2 1 0 0 1 0 0 0 1 4 0 1 2 0 0 666.6899963766336 1842.4900011122227 280.19000113010406 178.41000010073185 511.25999614596367 1562.2999999821186 1152.6099976301193 409.6900023519993 141.35000032186508 369.9099958240986 130.21999859809875 559.6600048840046 1152.6099976301193 118.37000045180321 130.21999859809875 149.9700025320053 409.6900023519993 0 178.41000010073185 104.37999832630157 0 139.4400007724762 270.2500015795231 178.41000010073185 0 0 183.27999871969223 0 0 0 149.9700025320053 969.3299989104271 0 130.21999859809875 265.529997497797 0 0 489.04000076651573 1888.8599987626076 2650.5299978107214 1.0000002719461918 -7.849999997764826 2.3600001707673073 0.7600003406405449 -9.189999982714653 3.4600002244114876 480 7 12 4 1 6 8 5 3 3 3 1 7 5 2 1 3 3 1 1 1 0 1 2 1 0 0 1 0 1 0 3 4 0 1 2 0 0 963.6699967682362 2184.0400013774633 621.7400013953447 178.41000010073185 590.8699977099895 1562.2999999821186 1152.6099976301193 409.6900023519993 220.96000188589096 369.9099958240986 130.21999859809875 1068.2600047290325 1152.6099976301193 248.30000126361847 130.21999859809875 491.520002797246 409.6900023519993 167.04999957978725 178.41000010073185 104.37999832630157 0 139.4400007724762 270.2500015795231 178.41000010073185 0 0 183.27999871969223 0 167.04999957978725 0 491.520002797246 969.3299989104271 0 130.21999859809875 265.529997497797 0 0 643.3000022917986 2368.7899996489286 3368.6700000315905 1.0000003390014172 -9.809999983757734 2.6300001963973045 1.1900004260241985 -11.309999968856573 4.320000268518925
481 0 1 0 0 0 1 1 0 0 0 0 0 1 0 0 0 0 0 0 0 0 0 0 0 0 0 0 0 0 0 0 1 0 0 0 0 0 0 222.7399999499321 0 0 0 222.7399999499321 222.7399999499321 0 0 0 0 0 222.7399999499321 0 0 0 0 0 0 0 0 0 0 0 0 0 0 0 0 0 0 222.7399999499321 0 0 0 0 0 25.310000374913216 182.8099998086691 222.7399999499321 1.0000000223517418 -0.3999999985098839 1.0000000149011612 1.1800000295042992 -0.3999999985098839 1.1800000220537186 481 0 3 1 0 1 2 2 0 1 0 0 1 2 0 0 1 0 0 0 0 0 0 0 0 0 0 0 0 0 0 1 2 0 0 0 0 0 0 665.0699997097254 149.9700025320053 0 75.32000142335892 515.0999971777201 515.0999971777201 0 75.32000142335892 0 0 149.9700025320053 515.0999971777201 0 0 149.9700025320053 0 0 0 0 0 0 0 0 0 0 0 0 0 0 149.9700025320053 515.0999971777201 0 0 0 0 0 157.6100031286478 509.66999942064285 740.3900011330843 1.0000000335276127 -2.6900000236928463 2.090000033378601 1.5800000615417957 -2.8300000242888927 2.8100000619888306 481 0 4 2 0 1 2 2 0 1 0 1 1 2 0 1 1 0 0 0 0 0 0 0 0 0 0 0 0 0 0 1 2 0 1 0 0 0 0 795.2899983078241 280.19000113010406 0 75.32000142335892 515.0999971777201 515.0999971777201 0 75.32000142335892 0 130.21999859809875 149.9700025320053 515.0999971777201 0 130.21999859809875 149.9700025320053 0 0 0 0 0 0 0 0 0 0 0 0 0 0 149.9700025320053 515.0999971777201 0 130.21999859809875 0 0 0 182.9100030809641 589.9799984097481 870.609999731183 1.000000026077032 -3.09000002220273 2.09000001847744 1.3700000531971455 -3.3000000230968 2.670000046491623 481 2 6 2 1 1 4 3 1 1 0 1 2 3 1 1 1 1 0 1 0 0 1 0 1 0 0 0 0 0 0 1 3 0 1 0 0 0 296.78000055253506 1145.2199992239475 280.19000113010406 178.41000010073185 75.32000142335892 865.0299980938435 725.5899973213673 139.4400007724762 75.32000142335892 0 130.21999859809875 289.4100033044815 725.5899973213673 118.37000045180321 130.21999859809875 149.9700025320053 139.4400007724762 0 178.41000010073185 0 0 139.4400007724762 0 178.41000010073185 0 0 0 0 0 0 149.9700025320053 725.5899973213673 0 130.21999859809875 0 0 0 288.8600036352873 1081.229998961091 1517.3200011998415 1.000000111758709 -4.560000009834766 2.270000070333481 1.030000139027834 -5.000000011175871 2.7400000989437103 481 5 9 2 1 5 7 5 2 2 3 1 3 5 1 1 1 2 0 1 1 0 1 1 1 0 0 1 0 0 0 1 4 0 1 2 0 0 666.6899963766336 1706.750000551343 280.19000113010406 178.41000010073185 511.25999614596367 1426.559999421239 1152.6099976301193 273.9500017911196 141.35000032186508 369.9099958240986 130.21999859809875 423.9200043231249 1152.6099976301193 118.37000045180321 130.21999859809875 149.9700025320053 273.9500017911196 0 178.41000010073185 104.37999832630157 0 139.4400007724762 134.51000101864338 178.41000010073185 0 0 183.27999871969223 0 0 0 149.9700025320053 969.3299989104271 0 130.21999859809875 265.529997497797 0 0 450.3300010859966 1807.029997691512 2514.7899972498417 2.000000234693289 -7.449999999254942 3.360000140964985 1.760000303387642 -8.78999998420477 4.460000194609165 481 7 12 4 1 5 8 5 3 2 3 1 7 5 2 1 3 3 1 1 1 0 1 2 1 0 0 1 0 1 0 3 4 0 1 2 0 0 963.6699967682362 2191.769999474287 629.4699994921684 178.41000010073185 511.25999614596367 1562.2999999821186 1152.6099976301193 409.6900023519993 141.35000032186508 369.9099958240986 130.21999859809875 1075.9900028258562 1152.6099976301193 248.30000126361847 130.21999859809875 499.2500008940697 409.6900023519993 167.04999957978725 178.41000010073185 104.37999832630157 0 139.4400007724762 270.2500015795231 178.41000010073185 0 0 183.27999871969223 0 167.04999957978725 0 499.2500008940697 969.3299989104271 0 130.21999859809875 265.529997497797 0 0 596.1399999409914 2367.6599986851215 3296.7899965643883 1.0000003278255463 -9.319999985396862 2.540000192821026 1.100000411272049 -10.8199999704957 4.140000261366367
482 0 1 0 0 0 1 1 0 0 0 0 0 1 0 0 0 0 0 0 0 0 0 0 0 0 0 0 0 0 0 0 1 0 0 0 0 0 0 292.35999722778797 0 0 0 292.35999722778797 292.35999722778797 0 0 0 0 0 292.35999722778797 0 0 0 0 0 0 0 0 0 0 0 0 0 0 0 0 0 0 292.35999722778797 0 0 0 0 0 65.20000004768372 206.73999781906605 292.35999722778797 -7.450580596923828e-9 -1.4000000283122063 1.0000000149011612 0.10999999940395355 -1.4700000286102295 1.1800000220537186 482 0 3 1 0 0 2 2 0 0 0 0 1 2 0 0 1 0 0 0 0 0 0 0 0 0 0 0 0 0 0 1 2 0 0 0 0 0 0 665.0699997097254 149.9700025320053 0 0 515.0999971777201 515.0999971777201 0 0 0 0 149.9700025320053 515.0999971777201 0 0 149.9700025320053 0 0 0 0 0 0 0 0 0 0 0 0 0 0 149.9700025320053 515.0999971777201 0 0 0 0 0 111.53000123798847 496.34999972581863 665.0699997097254 1.0000000223517418 -2.200000025331974 2.0000000298023224 1.5800000503659248 -2.3400000259280205 2.720000058412552 482 0 3 1 0 1 2 2 0 1 0 0 1 2 0 0 1 0 0 0 0 0 0 0 0 0 0 0 0 0 0 1 2 0 0 0 0 0 0 665.0699997097254 149.9700025320053 0 75.32000142335892 515.0999971777201 515.0999971777201 0 75.32000142335892 0 0 149.9700025320053 515.0999971777201 0 0 149.9700025320053 0 0 0 0 0 0 0 0 0 0 0 0 0 0 149.9700025320053 515.0999971777201 0 0 0 0 0 157.6100031286478 509.66999942064285 740.3900011330843 1.0000000335276127 -2.6900000236928463 2.090000033378601 1.5800000615417957 -2.8300000242888927 2.8100000619888306 482 4 7 2 1 3 5 4 1 1 2 1 2 4 1 1 1 1 0 1 1 0 1 0 1 0 0 1 0 0 0 1 3 0 1 1 0 0 531.8499976843596 1361.7499993890524 280.19000113010406 178.41000010073185 310.3899985551834 1081.5599982589483 942.1199974864721 139.4400007724762 75.32000142335892 235.0699971318245 130.21999859809875 289.4100033044815 942.1199974864721 118.37000045180321 130.21999859809875 149.9700025320053 139.4400007724762 0 178.41000010073185 104.37999832630157 0 139.4400007724762 0 178.41000010073185 0 0 183.27999871969223 0 0 0 149.9700025320053 758.8399987667799 0 130.21999859809875 130.68999880552292 0 0 369.5400024652481 1418.689998343587 1968.9199984967709 2.0000001564621925 -5.760000005364418 3.2700000926852226 1.9400002099573612 -6.849999997764826 4.300000138580799 482 5 10 3 1 5 7 5 2 2 3 1 4 5 1 1 2 2 0 1 1 0 1 1 1 0 0 1 0 0 0 2 4 0 1 2 0 0 666.6899963766336 1871.900000527501 445.3400011062622 178.41000010073185 511.25999614596367 1426.559999421239 1152.6099976301193 273.9500017911196 141.35000032186508 369.9099958240986 130.21999859809875 589.070004299283 1152.6099976301193 118.37000045180321 130.21999859809875 315.12000250816345 273.9500017911196 0 178.41000010073185 104.37999832630157 0 139.4400007724762 134.51000101864338 178.41000010073185 0 0 183.27999871969223 0 0 0 315.12000250816345 969.3299989104271 0 130.21999859809875 265.529997497797 0 0 475.94000086188316 1929.7799979299307 2679.939997226 2.0000002421438694 -7.849999997764826 3.360000140964985 2.050000324845314 -9.259999983012676 4.82000020891428 482 6 15 7 1 5 8 5 3 2 3 3 7 5 2 3 4 3 0 1 1 0 1 2 1 0 0 1 0 0 0 4 4 2 1 2 0 0 796.6199971884489 2598.0499974638224 1035.7499974817038 178.41000010073185 511.25999614596367 1562.2999999821186 1152.6099976301193 409.6900023519993 141.35000032186508 369.9099958240986 368.43999768793583 1077.0000021457672 1152.6099976301193 248.30000126361847 368.43999768793583 667.3099997937679 409.6900023519993 0 178.41000010073185 104.37999832630157 0 139.4400007724762 270.2500015795231 178.41000010073185 0 0 183.27999871969223 0 0 0 667.3099997937679 969.3299989104271 238.21999908983707 130.21999859809875 265.529997497797 0 0 637.5499994903803 2538.9899977743626 3536.0199949741364 1.0000003054738045 -10.11999998241663 2.540000155568123 1.2200003862380981 -11.359999969601631 4.000000223517418
